0 0.14453125 0.29015544041450775 0.0244140625 0.022506476683937824
0 0.0888671875 0.29015544041450775 0.02447509765625 0.01910621761658031
0 0.37646484375 0.2927461139896373 0.013671875 0.03810449050086356
0 0.34619140625 0.29360967184801384 0.025390625 0.03292314335060449
0 0.44873046875 0.29533678756476683 0.0166015625 0.032761226252158895
0 0.0458984375 0.2970639032815199 0.0263671875 0.03616148531951641
0 0.009765625 0.2979274611398964 0.01263427734375 0.05008635578583765
0 0.19287109375 0.2979274611398964 0.0205078125 0.03794257340241796
0 0.02197265625 0.3005181347150259 0.009765625 0.05181347150259067
0 0.29736328125 0.30397236614853196 0.009796142578125 0.044905008635578586
0 0.503662109375 0.30526770293609673 0.01123046875 0.023316062176165803
0 0.42138671875 0.30569948186528495 0.01171875 0.036323402417962
0 0.095703125 0.31088082901554404 0.0263671875 0.018998272884283247
0 0.2607421875 0.3126079447322971 0.02642822265625 0.03270725388601036
0 0.34326171875 0.3134715025906736 0.023406982421875 0.03454231433506045
0 0.32763671875 0.3143350604490501 0.0166015625 0.04312392055267703
0 0.22705078125 0.32124352331606215 0.0185546875 0.04145077720207254
0 0.16796875 0.3238341968911917 0.021484375 0.04150474956822107
0 0.46142578125 0.3290155440414508 0.0166015625 0.039723661485319514
0 0.43896484375 0.3290155440414508 0.01556396484375 0.04479706390328152
0 0.314453125 0.3290155440414508 0.013671875 0.046632124352331605
0 0.007568359375 0.3324697754749568 0.01513671875 0.039723661485319514
0 0.060546875 0.33419689119170987 0.0224609375 0.03465025906735751
0 0.0361328125 0.33419689119170987 0.022491455078125 0.020671416234887736
0 0.3681640625 0.33592400690846286 0.01470947265625 0.044905008635578586
0 0.11767578125 0.33592400690846286 0.011749267578125 0.04485103626943005
0 0.19482421875 0.33592400690846286 0.0224609375 0.04501295336787565
0 0.2568359375 0.33678756476683935 0.026336669921875 0.031088082901554404
0 0.29443359375 0.33678756476683935 0.027374267578125 0.022452504317789293
0 0.13916015625 0.3393782383419689 0.023406982421875 0.037996545768566495
0 0.400390625 0.34024179620034545 0.015625 0.05181347150259067
0 0.384765625 0.34283246977547494 0.01275634765625 0.048467184801381694
0 0.33447265625 0.34628670120898103 0.00982666015625 0.01716321243523316
0 0.48583984375 0.3471502590673575 0.01763916015625 0.0430699481865285
0 0.08056640625 0.34974093264248707 0.011749267578125 0.04835924006908463
0 0.502197265625 0.35233160621761656 0.01416015625 0.03281519861830743
0 0.00244140625 0.3549222797927461 0.0048828125 0.046632124352331605
0 0.353515625 0.3592400690846287 0.017578125 0.044905008635578586
0 0.27587890625 0.3592400690846287 0.0107421875 0.0535405872193437
0 0.421875 0.3644214162348877 0.02825927734375 0.025798791018998273
0 0.10009765625 0.36528497409326427 0.01177978515625 0.04479706390328152
0 0.15576171875 0.36528497409326427 0.0263671875 0.027741796200345423
0 0.03125 0.36787564766839376 0.015625 0.04312392055267703
0 0.20166015625 0.3687392055267703 0.009796142578125 0.04841321243523316
0 0.3359375 0.3704663212435233 0.0234375 0.031142055267702935
0 0.23193359375 0.37219343696027635 0.0234375 0.04501295336787565
0 0.2919921875 0.37219343696027635 0.0205078125 0.03794257340241796
0 0.47265625 0.3747841105354059 0.026336669921875 0.031088082901554404
0 0.25732421875 0.3791018998272884 0.015625 0.04485103626943005
0 0.11669921875 0.3799654576856649 0.0224609375 0.03626943005181347
0 0.451171875 0.38169257340241797 0.012725830078125 0.050032383419689117
0 0.0126953125 0.38169257340241797 0.0126953125 0.05008635578583765
0 0.1826171875 0.3842832469775475 0.025390625 0.017271157167530225
0 0.31787109375 0.385146804835924 0.0302734375 0.025906735751295335
0 0.499755859375 0.38860103626943004 0.01904296875 0.031088082901554404
0 0.404296875 0.3903281519861831 0.030242919921875 0.018998272884283247
0 0.12646484375 0.3998272884283247 0.025390625 0.031142055267702935
0 0.16552734375 0.40241796200345425 0.025390625 0.037996545768566495
0 0.361328125 0.40328151986183075 0.024444580078125 0.044905008635578586
0 0.29296875 0.40328151986183075 0.014678955078125 0.04145077720207254
0 0.39013671875 0.40932642487046633 0.0302734375 0.03281519861830743
0 0.00439453125 0.41018998272884283 0.0087890625 0.0535405872193437
0 0.0703125 0.41364421416234887 0.0263671875 0.031088082901554404
0 0.2109375 0.41450777202072536 0.01263427734375 0.044905008635578586
0 0.23828125 0.41450777202072536 0.028350830078125 0.018944300518134716
0 0.14599609375 0.41450777202072536 0.009735107421875 0.05181347150259067
0 0.03125 0.4153713298791019 0.03125 0.03465025906735751
0 0.103515625 0.41796200345423146 0.0185546875 0.032761226252158895
0 0.3251953125 0.41882556131260795 0.025390625 0.024287564766839378
0 0.1943359375 0.4214162348877375 0.015625 0.05181347150259067
0 0.2802734375 0.4326424870466321 0.021484375 0.031088082901554404
0 0.31005859375 0.43436960276338515 0.0263671875 0.037996545768566495
0 0.3505859375 0.43436960276338515 0.013671875 0.0535405872193437
0 0.07861328125 0.43609671848013815 0.0224609375 0.02936096718480138
0 0.1220703125 0.4386873920552677 0.02239990234375 0.04328583765112263
0 0.16943359375 0.44473229706390327 0.017608642578125 0.05175949913644214
0 0.32958984375 0.44905008635578586 0.013671875 0.025906735751295335
0 0.09326171875 0.4525043177892919 0.0263671875 0.025798791018998273
0 0.37158203125 0.4542314335060449 0.0224609375 0.03983160621761658
0 0.306640625 0.4542314335060449 0.0302734375 0.02072538860103627
0 0.3974609375 0.459412780656304 0.0126953125 0.03983160621761658
0 0.4326171875 0.4620034542314335 0.0146484375 0.05532167530224525
0 0.154296875 0.46286701208981 0.0126953125 0.05008635578583765
0 0.13330078125 0.46632124352331605 0.0166015625 0.04657815198618307
0 0.046875 0.4697754749568221 0.0234375 0.039723661485319514
0 0.2783203125 0.47150259067357514 0.02734375 0.01905224525043178
0 0.41455078125 0.47236614853195164 0.01361083984375 0.04825129533678756
0 0.33349609375 0.4740932642487047 0.0224609375 0.034488341968911915
0 0.07373046875 0.4749568221070812 0.021453857421875 0.036323402417962
0 0.3076171875 0.48013816925734026 0.025390625 0.01905224525043178
0 0.20361328125 0.4835924006908463 0.0166015625 0.04657815198618307
0 0.007568359375 0.4930915371329879 0.01513671875 0.025906735751295335
0 0.0693359375 0.49568221070811747 0.0263671875 0.037996545768566495
0 0.32568359375 0.5060449050086355 0.0263671875 0.029414939550949915
0 0.39453125 0.5103626943005182 0.01953125 0.04479706390328152
0 0.0478515625 0.5146804835924007 0.020477294921875 0.03977763385146805
0 0.501953125 0.5159758203799655 0.0146484375 0.05094991364421416
0 0.3720703125 0.5164075993091537 0.018524169921875 0.044905008635578586
0 0.15380859375 0.5172711571675302 0.01763916015625 0.0415587219343696
0 0.1845703125 0.5241796200345423 0.02734375 0.025906735751295335
0 0.00634765625 0.5263385146804835 0.0126953125 0.037132987910189985
0 0.4228515625 0.5289291882556131 0.01953125 0.038860103626943004
0 0.095947265625 0.5297927461139896 0.02490234375 0.037132987910189985
0 0.031005859375 0.5371329879101899 0.03369140625 0.022452504317789293
0 0.38720703125 0.5401554404145078 0.029296875 0.016407599309153715
0 0.468994140625 0.5341105354058722 0.01708984375 0.02849740932642487
0 0.235595703125 0.540587219343696 0.03076171875 0.015544041450777202
0 0.443359375 0.5358376511226253 0.0185546875 0.025043177892918825
0 0.1083984375 0.5379965457685665 0.0234375 0.02072538860103627
0 0.14111328125 0.538860103626943 0.02734375 0.018998272884283247
0 0.49755859375 0.5354058721934369 0.0166015625 0.025906735751295335
0 0.4833984375 0.5362694300518135 0.0185546875 0.024179620034542316
0 0.199951171875 0.5418825561312608 0.02392578125 0.012953367875647668
0 0.062255859375 0.5453367875647669 0.03369140625 0.006044905008635579
0 0.245849609375 0.007340241796200345 0.01806640625 0.01468048359240069
0 0.49560546875 0.0025906735751295338 0.02734375 0.0051813471502590676
0 0.233154296875 0.006044905008635579 0.01513671875 0.012089810017271158
0 0.41552734375 0.0030224525043177895 0.025390625 0.006044905008635579
0 0.121826171875 0.0069084628670120895 0.01123046875 0.013816925734024179
0 0.335693359375 0.0069084628670120895 0.01416015625 0.013816925734024179
0 0.431884765625 0.0069084628670120895 0.01220703125 0.013816925734024179
0 0.46435546875 0.006476683937823834 0.0146484375 0.012953367875647668
0 0.37060546875 0.009499136442141624 0.01171875 0.018998272884283247
0 0.29833984375 0.009499136442141624 0.01171875 0.018998272884283247
0 0.01953125 0.011226252158894647 0.015625 0.022452504317789293
0 0.505615234375 0.01079447322970639 0.00732421875 0.02158894645941278
0 0.44189453125 0.009499136442141624 0.02337646484375 0.017271157167530225
0 0.1103515625 0.015544041450777202 0.0302734375 0.025852763385146804
0 0.466796875 0.016407599309153715 0.010772705078125 0.0207793609671848
0 0.49755859375 0.017271157167530225 0.01177978515625 0.0260146804835924
0 0.14892578125 0.019861830742659757 0.0166015625 0.039723661485319514
0 0.1376953125 0.02158894645941278 0.0146484375 0.04317789291882556
0 0.48046875 0.019861830742659757 0.01470947265625 0.03443436960276339
0 0.39404296875 0.023316062176165803 0.01373291015625 0.04479706390328152
0 0.20849609375 0.025043177892918825 0.019561767578125 0.039723661485319514
0 0.00830078125 0.02849740932642487 0.0126953125 0.031034110535405873
0 0.404296875 0.02936096718480138 0.013671875 0.04657815198618307
0 0.44287109375 0.030224525043177894 0.025360107421875 0.018998272884283247
0 0.1083984375 0.03367875647668394 0.015625 0.027687823834196892
0 0.2666015625 0.037996545768566495 0.02825927734375 0.018890328151986182
0 0.330078125 0.04058721934369603 0.01470947265625 0.039723661485319514
0 0.15869140625 0.04231433506044905 0.00982666015625 0.04501295336787565
0 0.35302734375 0.04231433506044905 0.009765625 0.015544041450777202
0 0.50341796875 0.046632124352331605 0.01171875 0.04145077720207254
0 0.04638671875 0.047495682210708115 0.0166015625 0.03281519861830743
0 0.31201171875 0.047495682210708115 0.029296875 0.02072538860103627
0 0.2001953125 0.04922279792746114 0.010772705078125 0.031142055267702935
0 0.060546875 0.04922279792746114 0.0205078125 0.03281519861830743
0 0.4833984375 0.05008635578583765 0.02630615234375 0.017271157167530225
0 0.4384765625 0.05181347150259067 0.029296875 0.025852763385146804
0 0.41015625 0.055267702936096716 0.01953125 0.024179620034542316
0 0.369140625 0.05613126079447323 0.016632080078125 0.037996545768566495
0 0.38134765625 0.05699481865284974 0.017578125 0.03281519861830743
0 0.1845703125 0.06563039723661486 0.02239990234375 0.046632124352331605
0 0.27734375 0.06822107081174439 0.01171875 0.04145077720207254
0 0.0146484375 0.07081174438687392 0.0263671875 0.01905224525043178
0 0.44970703125 0.07081174438687392 0.021484375 0.03616148531951641
0 0.1552734375 0.0768566493955095 0.022430419921875 0.031034110535405873
0 0.34765625 0.0768566493955095 0.022430419921875 0.04485103626943005
0 0.05419921875 0.07772020725388601 0.015655517578125 0.027633851468048358
0 0.2255859375 0.07772020725388601 0.029296875 0.02072538860103627
0 0.30078125 0.07772020725388601 0.0244140625 0.025906735751295335
0 0.490234375 0.07772020725388601 0.02630615234375 0.02936096718480138
0 0.4658203125 0.07944732297063903 0.010711669921875 0.03286917098445596
0 0.32958984375 0.08290155440414508 0.01568603515625 0.04328583765112263
0 0.1181640625 0.08290155440414508 0.024383544921875 0.03977763385146805
0 0.4248046875 0.08549222797927461 0.0263671875 0.025906735751295335
0 0.099609375 0.08635578583765112 0.0146484375 0.04145077720207254
0 0.400390625 0.08894645941278066 0.016571044921875 0.044958981001727114
0 0.0361328125 0.08894645941278066 0.01275634765625 0.04317789291882556
0 0.25537109375 0.09671848013816926 0.0263671875 0.025798791018998273
0 0.012939453125 0.09758203799654577 0.02587890625 0.03281519861830743
0 0.46240234375 0.09930915371329879 0.0244140625 0.02936096718480138
0 0.2978515625 0.1079447322970639 0.025390625 0.022452504317789293
0 0.060546875 0.10967184801381692 0.03033447265625 0.020833333333333332
0 0.22119140625 0.11139896373056994 0.0234375 0.03626943005181347
0 0.19970703125 0.114853195164076 0.02545166015625 0.020617443868739205
0 0.453125 0.12089810017271158 0.0205078125 0.039723661485319514
0 0.2685546875 0.1234887737478411 0.01654052734375 0.046632124352331605
0 0.37646484375 0.1234887737478411 0.0107421875 0.044905008635578586
0 0.41748046875 0.12435233160621761 0.01171875 0.03281519861830743
0 0.015625 0.12867012089810018 0.02825927734375 0.025906735751295335
0 0.486328125 0.12953367875647667 0.0107421875 0.04835924006908463
0 0.146484375 0.1303972366148532 0.012725830078125 0.0535405872193437
0 0.04296875 0.13298791018998274 0.021484375 0.04145077720207254
0 0.3017578125 0.13385146804835923 0.02642822265625 0.02407167530224525
0 0.50537109375 0.13644214162348878 0.0078125 0.031088082901554404
0 0.34765625 0.13644214162348878 0.02734375 0.02596070811744387
0 0.2001953125 0.13644214162348878 0.025390625 0.01905224525043178
0 0.1142578125 0.13730569948186527 0.024444580078125 0.03454231433506045
0 0.16796875 0.14421416234887738 0.013671875 0.04835924006908463
0 0.24462890625 0.14680483592400692 0.01373291015625 0.04997841105354059
0 0.068359375 0.15198618307426598 0.02056884765625 0.03626943005181347
0 0.2197265625 0.15284974093264247 0.0263671875 0.027741796200345423
0 0.46630859375 0.15889464594127806 0.01953125 0.0430699481865285
0 0.0205078125 0.16407599309153714 0.017578125 0.04835924006908463
0 0.00732421875 0.16839378238341968 0.01361083984375 0.04317789291882556
0 0.03369140625 0.1692573402417962 0.01171875 0.04835924006908463
0 0.2802734375 0.17098445595854922 0.029296875 0.017271157167530225
0 0.1259765625 0.17530224525043178 0.01171875 0.03443436960276339
0 0.5 0.17962003454231434 0.012725830078125 0.04317789291882556
0 0.10498046875 0.17962003454231434 0.0224609375 0.02936096718480138
0 0.36181640625 0.18221070811744386 0.0234375 0.037996545768566495
0 0.04296875 0.18307426597582038 0.0107421875 0.044905008635578586
0 0.31201171875 0.18307426597582038 0.029266357421875 0.018998272884283247
0 0.05810546875 0.1848013816925734 0.01373291015625 0.04674006908462867
0 0.34326171875 0.18566493955094993 0.01165771484375 0.04317789291882556
0 0.23046875 0.18911917098445596 0.02642822265625 0.02407167530224525
0 0.39111328125 0.19602763385146804 0.01953125 0.0415587219343696
0 0.16943359375 0.20120898100172713 0.0205078125 0.031142055267702935
0 0.2890625 0.20120898100172713 0.02734375 0.022452504317789293
0 0.09326171875 0.20207253886010362 0.011749267578125 0.04312392055267703
0 0.3720703125 0.20552677029360966 0.016571044921875 0.04668609671848014
0 0.0185546875 0.20639032815198619 0.03021240234375 0.024179620034542316
0 0.48095703125 0.20639032815198619 0.021453857421875 0.034488341968911915
0 0.4208984375 0.21243523316062177 0.014678955078125 0.04145077720207254
0 0.328125 0.2141623488773748 0.02734375 0.022452504317789293
0 0.12060546875 0.2141623488773748 0.0146484375 0.046632124352331605
0 0.19775390625 0.21761658031088082 0.02740478515625 0.025906735751295335
0 0.44189453125 0.2219343696027634 0.021484375 0.017271157167530225
0 0.02783203125 0.22538860103626943 0.02142333984375 0.04479706390328152
0 0.29296875 0.22625215889464595 0.02734375 0.01910621761658031
0 0.052734375 0.231433506044905 0.0244140625 0.039723661485319514
0 0.005859375 0.23359240069084627 0.01171875 0.019861830742659757
0 0.08251953125 0.23834196891191708 0.031280517578125 0.022506476683937824
0 0.1767578125 0.23834196891191708 0.029296875 0.029414939550949915
0 0.24560546875 0.2392055267702936 0.02740478515625 0.02407167530224525
0 0.41943359375 0.24438687392055267 0.0283203125 0.03098013816925734
0 0.14697265625 0.2469775474956822 0.0185546875 0.03966968911917099
0 0.505859375 0.25259067357512954 0.0068359375 0.03195164075993091
0 0.47607421875 0.2547495682210708 0.0205078125 0.03626943005181347
0 0.115234375 0.25647668393782386 0.028350830078125 0.017325129533678756
0 0.005615234375 0.25647668393782386 0.01123046875 0.018998272884283247
0 0.4482421875 0.25647668393782386 0.0224609375 0.03119602763385147
0 0.30517578125 0.25647668393782386 0.01947021484375 0.03281519861830743
0 0.02685546875 0.2599309153713299 0.029296875 0.020671416234887736
0 0.1962890625 0.2651122625215889 0.02734375 0.031088082901554404
0 0.35498046875 0.266839378238342 0.013702392578125 0.04145077720207254
0 0.0546875 0.2694300518134715 0.032257080078125 0.022452504317789293
0 0.16455078125 0.270293609671848 0.0107421875 0.055267702936096716
0 0.26416015625 0.27288428324697755 0.009796142578125 0.04145077720207254
0 0.384765625 0.27288428324697755 0.013671875 0.043231865284974094
0 0.09765625 0.27374784110535405 0.02734375 0.03465025906735751
0 0.4267578125 0.2772020725388601 0.0283203125 0.03098013816925734
0 0.234375 0.27806563039723664 0.0185546875 0.0430699481865285
0 0.31640625 0.2815198618307427 0.0263671875 0.022506476683937824
0 0.39892578125 0.2815198618307427 0.009796142578125 0.05008635578583765
0 0.27978515625 0.2858376511226252 0.023468017578125 0.03626943005181347
0 0.525390625 0.3005181347150259 0.026397705078125 0.03621545768566494
0 0.8076171875 0.6075129533678757 0.0927734375 0.11658031088082901
0 0.739013671875 0.613126079447323 0.06298828125 0.12780656303972365
0 0.592041015625 0.5872193436960277 0.08740234375 0.07599309153713299
0 0.667724609375 0.616580310880829 0.07861328125 0.13471502590673576
0 0.6083984375 0.6917098445595855 0.111328125 0.1157167530224525
0 0.7880859375 0.7029360967184801 0.103515625 0.11917098445595854
0 0.697265625 0.7383419689119171 0.09375 0.11582469775474957
0 0.7939453125 0.8082901554404145 0.078125 0.17962003454231434
0 0.552490234375 0.8177892918825561 0.08544921875 0.1226252158894646
0 0.693359375 0.8644214162348878 0.124969482421875 0.17794689119170984