0 0.24853515625 0.004749568221070812 0.02734375 0.009499136442141624
0 0.329345703125 0.006044905008635579 0.02001953125 0.012089810017271158
0 0.315673828125 0.008203799654576857 0.01708984375 0.016407599309153715
0 0.215087890625 0.011658031088082901 0.01904296875 0.023316062176165803
0 0.156005859375 0.012953367875647668 0.02197265625 0.025906735751295335
0 0.302490234375 0.01683937823834197 0.01416015625 0.03367875647668394
0 0.048583984375 0.016407599309153715 0.02294921875 0.03281519861830743
0 0.02392578125 0.01468048359240069 0.022491455078125 0.020671416234887736
0 0.10546875 0.019430051813471502 0.0126953125 0.038860103626943004
0 0.182861328125 0.019861830742659757 0.02294921875 0.039723661485319514
0 0.24462890625 0.017271157167530225 0.02630615234375 0.031088082901554404
0 0.2822265625 0.017271157167530225 0.02740478515625 0.022452504317789293
0 0.126953125 0.019861830742659757 0.02337646484375 0.037996545768566495
0 0.322265625 0.02677029360967185 0.00982666015625 0.01716321243523316
0 0.068359375 0.030224525043177894 0.011749267578125 0.04835924006908463
0 0.3359375 0.04015544041450777 0.0068359375 0.045768566493955096
0 0.263671875 0.039723661485319514 0.0107421875 0.0535405872193437
0 0.087890625 0.045768566493955096 0.01177978515625 0.04479706390328152
0 0.1435546875 0.045768566493955096 0.0263671875 0.027687823834196892
0 0.01904296875 0.04835924006908463 0.015625 0.0430699481865285
0 0.189453125 0.04922279792746114 0.00982666015625 0.048467184801381694
0 0.32373046875 0.05094991364421416 0.0234375 0.03119602763385147
0 0.2197265625 0.05267702936096719 0.0234375 0.04501295336787565
0 0.27978515625 0.05267702936096719 0.0205078125 0.03788860103626943
0 0.2451171875 0.05958549222797927 0.015625 0.04479706390328152
0 0.1044921875 0.06044905008635579 0.0224609375 0.03626943005181347
0 0.003662109375 0.06260794473229707 0.00732421875 0.05094991364421416
0 0.17041015625 0.06476683937823834 0.025390625 0.017271157167530225
0 0.3056640625 0.06563039723661486 0.0302734375 0.025906735751295335
0 0.1142578125 0.08031088082901554 0.025390625 0.03119602763385147
0 0.1533203125 0.08290155440414508 0.025390625 0.037996545768566495
0 0.28076171875 0.08376511226252159 0.01470947265625 0.04145077720207254
0 0.05810546875 0.09412780656303972 0.0263671875 0.031088082901554404
0 0.19873046875 0.09499136442141623 0.01263427734375 0.044905008635578586
0 0.22607421875 0.09499136442141623 0.02838134765625 0.018890328151986182
0 0.1337890625 0.09499136442141623 0.009735107421875 0.05181347150259067
0 0.01904296875 0.09585492227979274 0.03125 0.034596286701208984
0 0.09130859375 0.09844559585492228 0.0185546875 0.03270725388601036
0 0.31298828125 0.09930915371329879 0.025390625 0.024233592400690847
0 0.18212890625 0.10189982728842832 0.015625 0.05181347150259067
0 0.26806640625 0.11312607944732297 0.021484375 0.031088082901554404
0 0.2978515625 0.114853195164076 0.0263671875 0.037996545768566495
0 0.33544921875 0.11528497409326424 0.0078125 0.054404145077720206
0 0.06640625 0.11658031088082901 0.0224609375 0.02936096718480138
0 0.10986328125 0.11917098445595854 0.022430419921875 0.043231865284974094
0 0.1572265625 0.12521588946459414 0.01763916015625 0.05170552677029361
0 0.3173828125 0.12953367875647667 0.013671875 0.025906735751295335
0 0.0810546875 0.13298791018998274 0.0263671875 0.025852763385146804
0 0.29443359375 0.13471502590673576 0.0302734375 0.02072538860103627
0 0.14208984375 0.14335060449050085 0.0126953125 0.05008635578583765
0 0.12109375 0.14680483592400692 0.0166015625 0.04652417962003454
0 0.03466796875 0.15025906735751296 0.0234375 0.039723661485319514
0 0.26611328125 0.15198618307426598 0.02734375 0.01910621761658031
0 0.3212890625 0.15457685664939552 0.0224609375 0.034488341968911915
0 0.0615234375 0.15544041450777202 0.021453857421875 0.036323402417962
0 0.29541015625 0.16062176165803108 0.025390625 0.01910621761658031
0 0.19140625 0.16407599309153714 0.0166015625 0.04652417962003454
0 0.05712890625 0.17616580310880828 0.0263671875 0.037996545768566495
0 0.3134765625 0.18652849740932642 0.0263671875 0.029414939550949915
0 0.03564453125 0.19516407599309155 0.020477294921875 0.03977763385146805
0 0.1416015625 0.19775474956822106 0.017608642578125 0.04150474956822107
0 0.17236328125 0.20466321243523317 0.02734375 0.025906735751295335
0 0.08349609375 0.2158894645941278 0.0244140625 0.04674006908462867
0 0.0185546875 0.21934369602763384 0.033203125 0.025906735751295335
0 0.22314453125 0.22538860103626943 0.0302734375 0.02407167530224525
0 0.09619140625 0.22711571675302245 0.022491455078125 0.037996545768566495
0 0.12890625 0.22797927461139897 0.027313232421875 0.03621545768566494
0 0.1875 0.23316062176165803 0.0234375 0.03292314335060449
0 0.0498046875 0.23575129533678757 0.033203125 0.024287564766839378
0 0.23828125 0.2616580310880829 0.025421142578125 0.037996545768566495
0 0.0283203125 0.26770293609671847 0.0263671875 0.032761226252158895
0 0.14453125 0.26770293609671847 0.025421142578125 0.036323402417962
0 0.193359375 0.26856649395509496 0.02545166015625 0.024287564766839378
0 0.21875 0.270293609671848 0.025390625 0.044905008635578586
0 0.10205078125 0.2711571675302245 0.0244140625 0.039723661485319514
0 0.04931640625 0.2763385146804836 0.013671875 0.05019430051813471
0 0.0791015625 0.27892918825561314 0.0126953125 0.0586139896373057
0 0.332763671875 0.2823834196891192 0.01318359375 0.04835924006908463
0 0.009033203125 0.2918825561312608 0.01806640625 0.031088082901554404
0 0.1396484375 0.29533678756476683 0.027313232421875 0.03621545768566494
0 0.0615234375 0.2979274611398964 0.019500732421875 0.05175949913644214
0 0.19189453125 0.30569948186528495 0.0166015625 0.04145077720207254
0 0.21044921875 0.30569948186528495 0.0234375 0.04657815198618307
0 0.041015625 0.3082901554404145 0.01556396484375 0.04479706390328152
0 0.25 0.3126079447322971 0.023406982421875 0.036323402417962
0 0.10693359375 0.31519861830742657 0.0234375 0.03794257340241796
0 0.17431640625 0.32642487046632124 0.018585205078125 0.043231865284974094
0 0.004638671875 0.32728842832469773 0.00927734375 0.039723661485319514
0 0.126953125 0.32728842832469773 0.01171875 0.05175949913644214
0 0.10498046875 0.344559585492228 0.0244140625 0.03281519861830743
0 0.0693359375 0.3488773747841105 0.01763916015625 0.05181347150259067
0 0.03466796875 0.3488773747841105 0.0126953125 0.04317789291882556
0 0.1640625 0.35060449050086356 0.0234375 0.03281519861830743
0 0.0498046875 0.3540587219343696 0.0185546875 0.04674006908462867
0 0.011962890625 0.3799654576856649 0.02392578125 0.017271157167530225
0 0.114501953125 0.3795336787564767 0.03076171875 0.018134715025906734
0 0.14453125 0.38471502590673573 0.0302734375 0.007772020725388601
0 0.744140625 0.18652849740932642 0.01171875 0.0535405872193437
0 0.57275390625 0.24956822107081175 0.0146484375 0.04841321243523316
0 0.51953125 0.26856649395509496 0.02545166015625 0.04835924006908463
0 0.4931640625 0.28065630397236613 0.029327392578125 0.024179620034542316
2 0.4560546875 0.3065630397236615 0.023406982421875 0.051867443868739205
2 0.343994140625 0.36830742659758203 0.00830078125 0.038860103626943004
0 0.521240234375 0.3799654576856649 0.02294921875 0.017271157167530225
0 0.17724609375 0.6649395509499136 0.126953125 0.29533678756476683
0 0.0185546875 0.40975820379965455 0.037109375 0.04058721934369603
0 0.66943359375 0.8894645941278065 0.0126953125 0.027633851468048358