0 0.189453125 0.0642361111111111 0.013671875 0.038248697916666664
0 0.1591796875 0.06510416666666667 0.025390625 0.033040364583333336
0 0.26171875 0.06684027777777778 0.0166015625 0.03293185763888889
0 0.00830078125 0.06944444444444445 0.0166015625 0.03819444444444445
0 0.357421875 0.07118055555555555 0.01947021484375 0.043402777777777776
0 0.4150390625 0.07552083333333333 0.01568603515625 0.0537109375
0 0.1103515625 0.07552083333333333 0.009796142578125 0.04513888888888889
0 0.32470703125 0.0763888888888889 0.02734375 0.022569444444444444
0 0.234375 0.07725694444444445 0.01171875 0.03651258680555555
0 0.447021484375 0.08203125 0.00439453125 0.03732638888888889
0 0.07373046875 0.0842013888888889 0.026397705078125 0.03293185763888889
0 0.15625 0.08506944444444445 0.02337646484375 0.034722222222222224
0 0.40185546875 0.08506944444444445 0.0205078125 0.04161241319444445
0 0.140625 0.0859375 0.0166015625 0.043294270833333336
0 0.0400390625 0.09288194444444445 0.0185546875 0.041666666666666664
0 0.37646484375 0.09375 0.024444580078125 0.031304253472222224
0 0.2744140625 0.10069444444444445 0.0166015625 0.03993055555555555
0 0.251953125 0.10069444444444445 0.015594482421875 0.045084635416666664
0 0.12744140625 0.10069444444444445 0.013671875 0.046875
0 0.18115234375 0.1076388888888889 0.014678955078125 0.04513888888888889
0 0.009765625 0.1076388888888889 0.01953125 0.046875
0 0.06982421875 0.10850694444444445 0.026336669921875 0.03125
0 0.107421875 0.10850694444444445 0.027374267578125 0.022569444444444444
0 0.21337890625 0.11197916666666667 0.015625 0.052083333333333336
0 0.19775390625 0.11458333333333333 0.01275634765625 0.04871961805555555
0 0.353515625 0.1171875 0.02532958984375 0.015733506944444444
0 0.1474609375 0.11805555555555555 0.00982666015625 0.017252604166666668
0 0.298828125 0.1189236111111111 0.017608642578125 0.04334852430555555
0 0.4345703125 0.12239583333333333 0.01953125 0.041666666666666664
0 0.3203125 0.12413194444444445 0.02349853515625 0.032877604166666664
0 0.16650390625 0.1310763888888889 0.017578125 0.04513888888888889
0 0.0888671875 0.1310763888888889 0.0107421875 0.05381944444444445
0 0.23486328125 0.1362847222222222 0.02825927734375 0.025933159722222224
0 0.0146484375 0.140625 0.00982666015625 0.04871961805555555
0 0.14892578125 0.1423611111111111 0.0234375 0.03135850694444445
0 0.044921875 0.1440972222222222 0.0234375 0.045247395833333336
0 0.10498046875 0.1440972222222222 0.0205078125 0.038140190972222224
0 0.28564453125 0.1467013888888889 0.02630615234375 0.03125
0 0.0703125 0.15104166666666666 0.015625 0.045084635416666664
0 0.26416015625 0.15364583333333334 0.01275634765625 0.050238715277777776
0 0.00439453125 0.1566840277777778 0.0087890625 0.018229166666666668
0 0.130859375 0.15711805555555555 0.0302734375 0.026041666666666668
0 0.31494140625 0.1605902777777778 0.022491455078125 0.029568142361111112
0 0.21728515625 0.1623263888888889 0.03021240234375 0.019097222222222224
0 0.35693359375 0.1684027777777778 0.018585205078125 0.043402777777777776
0 0.41796875 0.1701388888888889 0.017608642578125 0.043402777777777776
0 0.4443359375 0.17057291666666666 0.009765625 0.042534722222222224
0 0.17431640625 0.1753472222222222 0.024444580078125 0.04513888888888889
0 0.10595703125 0.1753472222222222 0.014678955078125 0.041666666666666664
0 0.203125 0.1814236111111111 0.0302734375 0.03298611111111111
0 0.02392578125 0.18663194444444445 0.01263427734375 0.04513888888888889
0 0.05126953125 0.18663194444444445 0.02838134765625 0.018988715277777776
0 0.39892578125 0.1892361111111111 0.0224609375 0.03819444444444445
0 0.37939453125 0.1892361111111111 0.0224609375 0.027777777777777776
0 0.13818359375 0.1909722222222222 0.025390625 0.0244140625
0 0.0078125 0.19401041666666666 0.015625 0.05295138888888889
0 0.09326171875 0.2048611111111111 0.021484375 0.03125
0 0.123046875 0.2065972222222222 0.0263671875 0.03819444444444445
0 0.16357421875 0.2065972222222222 0.013671875 0.05381944444444445
0 0.36572265625 0.21354166666666666 0.022491455078125 0.031195746527777776
0 0.43994140625 0.21397569444444445 0.0185546875 0.030381944444444444
0 0.3779296875 0.2144097222222222 0.015594482421875 0.04345703125
0 0.142578125 0.22135416666666666 0.013671875 0.026041666666666668
0 0.34423828125 0.2222222222222222 0.012725830078125 0.041666666666666664
0 0.1845703125 0.2265625 0.0224609375 0.039984809027777776
0 0.11962890625 0.2265625 0.0302734375 0.020833333333333332
0 0.21044921875 0.23177083333333334 0.0126953125 0.039984809027777776
0 0.3984375 0.234375 0.017608642578125 0.048665364583333336
0 0.24560546875 0.234375 0.0146484375 0.0556640625
0 0.44140625 0.2404513888888889 0.015625 0.020833333333333332
0 0.09130859375 0.2439236111111111 0.02734375 0.019151475694444444
0 0.2275390625 0.24479166666666666 0.013641357421875 0.04855685763888889
0 0.146484375 0.2465277777777778 0.0224609375 0.03466796875
0 0.3740234375 0.24913194444444445 0.02142333984375 0.043402777777777776
0 0.12060546875 0.2526041666666667 0.025390625 0.019205729166666668
0 0.0166015625 0.2560763888888889 0.0166015625 0.046820746527777776
0 0.35693359375 0.2777777777777778 0.0244140625 0.03819444444444445
0 0.138671875 0.2786458333333333 0.0263671875 0.029622395833333332
0 0.20751953125 0.2829861111111111 0.01953125 0.045084635416666664
0 0.3154296875 0.2881944444444444 0.015625 0.050347222222222224
0 0.18505859375 0.2890625 0.018524169921875 0.04513888888888889
0 0.005859375 0.2973090277777778 0.01171875 0.026909722222222224
0 0.3349609375 0.2986111111111111 0.01171875 0.04172092013888889
0 0.23583984375 0.3029513888888889 0.018585205078125 0.039984809027777776
0 0.3681640625 0.3098958333333333 0.0205078125 0.04698350694444445
0 0.39599609375 0.3133680555555556 0.02447509765625 0.029405381944444444
0 0.2001953125 0.3168402777777778 0.02923583984375 0.024305555555555556
0 0.28173828125 0.3177083333333333 0.0166015625 0.050347222222222224
0 0.04833984375 0.3177083333333333 0.0302734375 0.024197048611111112
0 0.25634765625 0.3194444444444444 0.018524169921875 0.04519314236111111
0 0.310546875 0.3203125 0.015655517578125 0.05029296875
0 0.29638671875 0.3220486111111111 0.018524169921875 0.05029296875
0 0.0126953125 0.3255208333333333 0.0234375 0.03309461805555555
0 0.2412109375 0.3420138888888889 0.0126953125 0.046875
0 0.181640625 0.3454861111111111 0.0166015625 0.045084635416666664
0 0.22412109375 0.3454861111111111 0.0205078125 0.04513888888888889
0 0.32568359375 0.3454861111111111 0.014678955078125 0.04161241319444445
0 0.432861328125 0.3485243055555556 0.03271484375 0.026909722222222224
0 0.3994140625 0.3506944444444444 0.021484375 0.04503038194444445
0 0.0634765625 0.3541666666666667 0.025421142578125 0.03819444444444445
0 0.0185546875 0.3611111111111111 0.025421142578125 0.024359809027777776
0 0.34814453125 0.3619791666666667 0.01171875 0.04513888888888889
0 0.0439453125 0.3628472222222222 0.025390625 0.04513888888888889
0 0.24951171875 0.3654513888888889 0.01654052734375 0.019205729166666668
0 0.20068359375 0.3654513888888889 0.02447509765625 0.029405381944444444
0 0.1630859375 0.375 0.023406982421875 0.04855685763888889
0 0.2646484375 0.3758680555555556 0.0244140625 0.03993055555555555
0 0.2197265625 0.3793402777777778 0.013702392578125 0.046929253472222224
0 0.37255859375 0.3810763888888889 0.0283203125 0.032877604166666664
0 0.2919921875 0.3819444444444444 0.0283203125 0.029513888888888888
0 0.42138671875 0.3880208333333333 0.033203125 0.020833333333333332
0 0.33544921875 0.3888888888888889 0.02056884765625 0.048502604166666664
0 0.01708984375 0.3984375 0.0166015625 0.041666666666666664
0 0.03564453125 0.3984375 0.0234375 0.046820746527777776
0 0.0751953125 0.4053819444444444 0.02337646484375 0.036566840277777776
0 0.39306640625 0.4071180555555556 0.03411865234375 0.025933159722222224
0 0.359619140625 0.4171006944444444 0.02294921875 0.042534722222222224
0 0.22314453125 0.4184027777777778 0.0283203125 0.026041666666666668
0 0.004638671875 0.4175347222222222 0.00927734375 0.041666666666666664
0 0.296875 0.4262152777777778 0.015625 0.024305555555555556
0 0.344482421875 0.4262152777777778 0.01513671875 0.024305555555555556
0 0.193603515625 0.4292534722222222 0.02587890625 0.018229166666666668
0 0.245849609375 0.4305555555555556 0.02783203125 0.015625
0 0.443115234375 0.4288194444444444 0.01220703125 0.019097222222222224
0 0.106201171875 0.00390625 0.02783203125 0.0078125
0 0.4384765625 0.009982638888888888 0.021484375 0.019965277777777776
0 0.394287109375 0.013020833333333334 0.01806640625 0.026041666666666668
0 0.05859375 0.011284722222222222 0.0283203125 0.022569444444444444
0 0.232421875 0.015625 0.0283203125 0.031141493055555556
0 0.3271484375 0.0234375 0.0234375 0.03125
0 0.4208984375 0.025173611111111112 0.015625 0.046820746527777776
0 0.2890625 0.026041666666666668 0.0205078125 0.036458333333333336
0 0.26123046875 0.027777777777777776 0.0224609375 0.03135850694444445
0 0.1181640625 0.027777777777777776 0.019500732421875 0.03298611111111111
0 0.444580078125 0.029513888888888888 0.00927734375 0.036458333333333336
0 0.01171875 0.03689236111111111 0.0234375 0.03211805555555555
0 0.16796875 0.03819444444444445 0.01373291015625 0.041666666666666664
0 0.0771484375 0.044270833333333336 0.00982666015625 0.041666666666666664
0 0.19775390625 0.044270833333333336 0.013671875 0.043511284722222224
0 0.23974609375 0.04861111111111111 0.0283203125 0.031141493055555556
0 0.04736328125 0.049479166666666664 0.0185546875 0.04334852430555555
0 0.3359375 0.051215277777777776 0.02142333984375 0.034722222222222224
0 0.12939453125 0.05295138888888889 0.0263671875 0.022677951388888888
0 0.2119140625 0.05295138888888889 0.00982666015625 0.050347222222222224
0 0.0927734375 0.057291666666666664 0.02349853515625 0.036458333333333336
0 0.65673828125 0.3116319444444444 0.021484375 0.03125
2 0.9892578125 0.3337673611111111 0.0205078125 0.058159722222222224
0 0.64013671875 0.3428819444444444 0.012725830078125 0.026095920138888888
0 0.6162109375 0.3550347222222222 0.02728271484375 0.029622395833333332
0 0.611328125 0.3758680555555556 0.017547607421875 0.036458333333333336
0 0.95751953125 0.390625 0.0322265625 0.034722222222222224
0 0.9248046875 0.3975694444444444 0.031280517578125 0.024251302083333332
2 0.98583984375 0.4010416666666667 0.018524169921875 0.04855685763888889
0 0.1396484375 0.5190972222222222 0.09765625 0.1528862847222222
0 0.2890625 0.5455729166666666 0.09375 0.2126736111111111
0 0.111328125 0.5590277777777778 0.08978271484375 0.234375
0 0.43115234375 0.5798611111111112 0.0361328125 0.1232638888888889
0 0.309326171875 0.9110243055555556 0.15283203125 0.1762152777777778
0 0.135498046875 0.9592013888888888 0.13134765625 0.0798611111111111
0 0.54443359375 0.5868055555555556 0.014617919921875 0.04161241319444445