0 0.1474609375 0.3793402777777778 0.013671875 0.038248697916666664
0 0.1171875 0.3802083333333333 0.025390625 0.033040364583333336
0 0.2197265625 0.3819444444444444 0.0166015625 0.032877604166666664
0 0.3154296875 0.3862847222222222 0.01947021484375 0.043402777777777776
0 0.373046875 0.390625 0.015655517578125 0.053765190972222224
0 0.068359375 0.390625 0.00982666015625 0.04513888888888889
0 0.28271484375 0.3914930555555556 0.02734375 0.022569444444444444
0 0.1923828125 0.3923611111111111 0.01171875 0.036566840277777776
0 0.41015625 0.3967013888888889 0.0146484375 0.036458333333333336
0 0.03173828125 0.3993055555555556 0.02642822265625 0.032877604166666664
0 0.1142578125 0.4001736111111111 0.023406982421875 0.034722222222222224
0 0.35986328125 0.4001736111111111 0.0205078125 0.04161241319444445
0 0.0986328125 0.4010416666666667 0.0166015625 0.043294270833333336
0 0.426025390625 0.40625 0.00634765625 0.050347222222222224
0 0.00390625 0.4084201388888889 0.0078125 0.042534722222222224
0 0.33447265625 0.4088541666666667 0.02447509765625 0.03135850694444445
0 0.425048828125 0.0234375 0.00830078125 0.024305555555555556
0 0.232421875 0.4157986111111111 0.0166015625 0.03993055555555555
0 0.2099609375 0.4157986111111111 0.01556396484375 0.04503038194444445
0 0.08544921875 0.4157986111111111 0.013671875 0.046875
0 0.13916015625 0.4227430555555556 0.01470947265625 0.04513888888888889
0 0.02783203125 0.4236111111111111 0.026336669921875 0.03125
0 0.0654296875 0.4236111111111111 0.02740478515625 0.022569444444444444
0 0.17138671875 0.4270833333333333 0.015625 0.052083333333333336
0 0.15576171875 0.4296875 0.01275634765625 0.04871961805555555
0 0.3115234375 0.4322916666666667 0.02532958984375 0.015733506944444444
0 0.10546875 0.4331597222222222 0.009796142578125 0.017306857638888888
0 0.2568359375 0.4340277777777778 0.017608642578125 0.04334852430555555
0 0.392578125 0.4375 0.01953125 0.041666666666666664
0 0.2783203125 0.4392361111111111 0.023468017578125 0.03293185763888889
0 0.12451171875 0.4461805555555556 0.017578125 0.04513888888888889
0 0.046875 0.4461805555555556 0.0107421875 0.05381944444444445
0 0.19287109375 0.4513888888888889 0.028289794921875 0.025987413194444444
0 0.10693359375 0.4574652777777778 0.0234375 0.031304253472222224
0 0.007568359375 0.4592013888888889 0.01513671875 0.046875
0 0.06298828125 0.4592013888888889 0.0205078125 0.0380859375
0 0.24365234375 0.4618055555555556 0.026336669921875 0.03125
0 0.0283203125 0.4661458333333333 0.015625 0.04503038194444445
0 0.22216796875 0.46875 0.012725830078125 0.05029296875
0 0.0888671875 0.4722222222222222 0.0302734375 0.026041666666666668
0 0.27294921875 0.4756944444444444 0.02252197265625 0.029622395833333332
0 0.17529296875 0.4774305555555556 0.030242919921875 0.019097222222222224
0 0.31494140625 0.4835069444444444 0.01861572265625 0.043402777777777776
0 0.3759765625 0.4852430555555556 0.01763916015625 0.043402777777777776
0 0.40283203125 0.4852430555555556 0.0107421875 0.041666666666666664
0 0.4169921875 0.4852430555555556 0.0126953125 0.04503038194444445
0 0.13232421875 0.4904513888888889 0.02447509765625 0.04513888888888889
0 0.06396484375 0.4904513888888889 0.01470947265625 0.041666666666666664
0 0.1611328125 0.4965277777777778 0.0302734375 0.03298611111111111
0 0.011962890625 0.5017361111111112 0.02392578125 0.019097222222222224
0 0.35693359375 0.5043402777777778 0.0224609375 0.03819444444444445
0 0.33740234375 0.5043402777777778 0.0224609375 0.027777777777777776
0 0.09619140625 0.5060763888888888 0.025390625 0.024359809027777776
0 0.05126953125 0.5199652777777778 0.021484375 0.03125
0 0.0810546875 0.5217013888888888 0.0263671875 0.03819444444444445
0 0.12158203125 0.5217013888888888 0.013671875 0.05381944444444445
0 0.423583984375 0.5264756944444444 0.01123046875 0.03732638888888889
0 0.32373046875 0.5286458333333334 0.022491455078125 0.031195746527777776
0 0.404296875 0.5286458333333334 0.03125 0.029513888888888888
0 0.3359375 0.5295138888888888 0.01556396484375 0.043511284722222224
0 0.1005859375 0.5364583333333334 0.013671875 0.026041666666666668
0 0.30224609375 0.5373263888888888 0.012725830078125 0.041666666666666664
0 0.142822265625 0.5399305555555556 0.02294921875 0.03819444444444445
0 0.07763671875 0.5416666666666666 0.0302734375 0.020833333333333332
0 0.168701171875 0.5425347222222222 0.01318359375 0.03298611111111111
0 0.3564453125 0.5416666666666666 0.0185546875 0.034722222222222224
0 0.203857421875 0.5399305555555556 0.01513671875 0.03819444444444445
0 0.40673828125 0.5520833333333334 0.0302734375 0.013888888888888888
0 0.049560546875 0.5538194444444444 0.02783203125 0.010416666666666666
0 0.185546875 0.5473090277777778 0.013671875 0.0234375
0 0.104736328125 0.5516493055555556 0.02294921875 0.014756944444444444
0 0.33203125 0.55078125 0.021484375 0.016493055555555556
0 0.003662109375 0.044270833333333336 0.00732421875 0.017361111111111112
0 0.19091796875 0.05555555555555555 0.0166015625 0.026041666666666668
0 0.36279296875 0.06510416666666667 0.0234375 0.02783203125
0 0.05908203125 0.06597222222222222 0.0224609375 0.015679253472222224
0 0.1552734375 0.06684027777777778 0.00982666015625 0.03830295138888889
0 0.0771484375 0.07291666666666667 0.00982666015625 0.019205729166666668
0 0.0166015625 0.07378472222222222 0.017578125 0.050347222222222224
0 0.21826171875 0.0763888888888889 0.01666259765625 0.012261284722222222
0 0.2666015625 0.078125 0.02728271484375 0.022569444444444444
0 0.005859375 0.07942708333333333 0.01171875 0.035590277777777776
0 0.1865234375 0.08072916666666667 0.02532958984375 0.020724826388888888
0 0.29638671875 0.08246527777777778 0.0126953125 0.010470920138888888
0 0.1064453125 0.0842013888888889 0.013671875 0.02783203125
0 0.424560546875 0.08550347222222222 0.00927734375 0.03732638888888889
0 0.3623046875 0.08506944444444445 0.0185546875 0.024305555555555556
0 0.20263671875 0.0859375 0.01171875 0.0244140625
0 0.2353515625 0.0859375 0.01373291015625 0.024197048611111112
0 0.1416015625 0.08680555555555555 0.01165771484375 0.03298611111111111
0 0.3076171875 0.0876736111111111 0.011688232421875 0.015625
0 0.0693359375 0.08940972222222222 0.011688232421875 0.027777777777777776
0 0.39111328125 0.09027777777777778 0.0244140625 0.025987413194444444
0 0.28125 0.09375 0.015655517578125 0.025987413194444444
0 0.212890625 0.09461805555555555 0.02337646484375 0.017361111111111112
0 0.23779296875 0.1015625 0.010772705078125 0.020887586805555556
0 0.2685546875 0.10243055555555555 0.011749267578125 0.026095920138888888
0 0.35888671875 0.10243055555555555 0.025390625 0.029513888888888888
0 0.31298828125 0.10416666666666667 0.018585205078125 0.03819444444444445
0 0.38330078125 0.10503472222222222 0.017578125 0.027669270833333332
0 0.25146484375 0.10503472222222222 0.014678955078125 0.03466796875
0 0.1650390625 0.10850694444444445 0.01373291015625 0.04503038194444445
0 0.29345703125 0.109375 0.01654052734375 0.034722222222222224
0 0.34912109375 0.11284722222222222 0.0244140625 0.03125
0 0.17529296875 0.11458333333333333 0.013671875 0.04676649305555555
0 0.2138671875 0.1154513888888889 0.02532958984375 0.019097222222222224
0 0.3251953125 0.1154513888888889 0.017608642578125 0.043402777777777776
0 0.03759765625 0.1232638888888889 0.028289794921875 0.01904296875
0 0.34375 0.125 0.0224609375 0.036458333333333336
0 0.10107421875 0.12586805555555555 0.014678955078125 0.03993055555555555
0 0.1240234375 0.12760416666666666 0.009765625 0.015625
0 0.2783203125 0.13194444444444445 0.01953125 0.039984809027777776
0 0.0830078125 0.1328125 0.029296875 0.020833333333333332
0 0.25439453125 0.13541666666666666 0.026336669921875 0.017361111111111112
0 0.39453125 0.1362847222222222 0.02728271484375 0.019097222222222224
0 0.20947265625 0.1371527777777778 0.029296875 0.025987413194444444
0 0.419677734375 0.1388888888888889 0.01904296875 0.034722222222222224
0 0.3046875 0.140625 0.015625 0.029405381944444444
0 0.373046875 0.140625 0.01177978515625 0.03982204861111111
0 0.18115234375 0.140625 0.01953125 0.024305555555555556
0 0.14013671875 0.14149305555555555 0.01666259765625 0.03819444444444445
0 0.15234375 0.1423611111111111 0.017578125 0.03298611111111111
0 0.33203125 0.1484375 0.013671875 0.038248697916666664
0 0.04833984375 0.15364583333333334 0.01171875 0.041666666666666664
0 0.345703125 0.15364583333333334 0.009765625 0.031195746527777776
0 0.220703125 0.15625 0.021484375 0.03640407986111111
0 0.11865234375 0.1623263888888889 0.02239990234375 0.04503038194444445
0 0.005859375 0.1636284722222222 0.01171875 0.021701388888888888
0 0.07177734375 0.16319444444444445 0.0244140625 0.026041666666666668
0 0.26123046875 0.16319444444444445 0.02630615234375 0.029513888888888888
0 0.3623046875 0.1640625 0.01763916015625 0.04177517361111111
0 0.23681640625 0.16493055555555555 0.010711669921875 0.033040364583333336
0 0.1005859375 0.1684027777777778 0.015655517578125 0.04345703125
0 0.19580078125 0.17100694444444445 0.0263671875 0.026041666666666668
0 0.4052734375 0.1736111111111111 0.023468017578125 0.015625
0 0.17138671875 0.17447916666666666 0.016571044921875 0.04519314236111111
0 0.0263671875 0.18229166666666666 0.0263671875 0.025987413194444444
0 0.2333984375 0.18489583333333334 0.0244140625 0.029513888888888888
0 0.34765625 0.1875 0.0234375 0.029513888888888888
0 0.306640625 0.1909722222222222 0.0205078125 0.029622395833333332
0 0.06884765625 0.1935763888888889 0.025390625 0.022569444444444444
0 0.38818359375 0.19444444444444445 0.02642822265625 0.018988715277777776
0 0.29052734375 0.1987847222222222 0.0263671875 0.026041666666666668
0 0.41650390625 0.2065972222222222 0.0166015625 0.03298611111111111
0 0.22412109375 0.2065972222222222 0.0205078125 0.03993055555555555
0 0.03955078125 0.2092013888888889 0.01654052734375 0.046875
0 0.1474609375 0.2092013888888889 0.0107421875 0.04513888888888889
0 0.1884765625 0.21006944444444445 0.01171875 0.03298611111111111
0 0.33984375 0.21006944444444445 0.021453857421875 0.034722222222222224
0 0.25732421875 0.2152777777777778 0.0107421875 0.04861111111111111
0 0.07275390625 0.21961805555555555 0.026397705078125 0.024251302083333332
0 0.28369140625 0.2222222222222222 0.0224609375 0.029622395833333332
0 0.11865234375 0.2222222222222222 0.02734375 0.026095920138888888
0 0.30859375 0.22743055555555555 0.0244140625 0.032877604166666664
0 0.38916015625 0.2309027777777778 0.0205078125 0.039876302083333336
0 0.015625 0.2326388888888889 0.01373291015625 0.050238715277777776
0 0.375 0.2387152777777778 0.025390625 0.020833333333333332
0 0.2373046875 0.24479166666666666 0.01953125 0.04334852430555555
0 0.4150390625 0.2456597222222222 0.0146484375 0.03819444444444445
0 0.3291015625 0.2560763888888889 0.015625 0.03830295138888889
0 0.05126953125 0.2569444444444444 0.029296875 0.017361111111111112
0 0.3505859375 0.2586805555555556 0.0244140625 0.019205729166666668
0 0.27099609375 0.265625 0.01275634765625 0.043402777777777776
0 0.1328125 0.2682291666666667 0.0234375 0.03819444444444445
0 0.39111328125 0.2682291666666667 0.012664794921875 0.041666666666666664
0 0.0830078125 0.2690972222222222 0.02923583984375 0.019097222222222224
0 0.1142578125 0.2717013888888889 0.01165771484375 0.043402777777777776
0 0.007568359375 0.2751736111111111 0.01513671875 0.024305555555555556
0 0.37646484375 0.2795138888888889 0.015625 0.046820746527777776
0 0.42041015625 0.2803819444444444 0.0126953125 0.024251302083333332
0 0.162109375 0.2821180555555556 0.01953125 0.04177517361111111
0 0.06005859375 0.2873263888888889 0.02734375 0.022569444444444444
0 0.14306640625 0.2916666666666667 0.01654052734375 0.04698350694444445
0 0.251953125 0.2925347222222222 0.021453857421875 0.03466796875
0 0.3359375 0.2960069444444444 0.017608642578125 0.048665364583333336
0 0.19189453125 0.2986111111111111 0.014678955078125 0.041666666666666664
0 0.09912109375 0.3003472222222222 0.02734375 0.022569444444444444
0 0.212890625 0.3081597222222222 0.021484375 0.017361111111111112
0 0.06396484375 0.3125 0.02734375 0.019151475694444444
0 0.39892578125 0.3220486111111111 0.026336669921875 0.024359809027777776
0 0.35205078125 0.3220486111111111 0.017578125 0.038140190972222224
0 0.0166015625 0.3255208333333333 0.02740478515625 0.024197048611111112
0 0.1904296875 0.3307291666666667 0.0283203125 0.031141493055555556
0 0.28515625 0.3385416666666667 0.0234375 0.03125
0 0.37890625 0.3402777777777778 0.015625 0.046820746527777776
0 0.2470703125 0.3411458333333333 0.0205078125 0.036458333333333336
0 0.21923828125 0.3428819444444444 0.0224609375 0.03135850694444445
0 0.076171875 0.3428819444444444 0.019500732421875 0.03298611111111111
0 0.40966796875 0.3446180555555556 0.0234375 0.03477647569444445
0 0.1259765625 0.3532986111111111 0.013702392578125 0.041666666666666664
0 0.03515625 0.359375 0.009796142578125 0.041666666666666664
0 0.15576171875 0.359375 0.013671875 0.043511284722222224
0 0.19775390625 0.3637152777777778 0.0283203125 0.031141493055555556
0 0.007568359375 0.3645833333333333 0.01513671875 0.043402777777777776
0 0.2939453125 0.3663194444444444 0.021453857421875 0.034722222222222224
0 0.08740234375 0.3680555555555556 0.0263671875 0.022623697916666668
0 0.169921875 0.3680555555555556 0.009796142578125 0.050347222222222224
0 0.05078125 0.3723958333333333 0.02349853515625 0.036458333333333336
0 0.17041015625 0.5876736111111112 0.0859375 0.05555555555555555
0 0.313720703125 0.6223958333333334 0.07958984375 0.125
0 0.0849609375 0.6488715277777778 0.06640625 0.1779513888888889
0 0.02001953125 0.65234375 0.0400390625 0.10503472222222222
0 0.203125 0.6649305555555556 0.111358642578125 0.16661241319444445
3 0.393798828125 0.6684027777777778 0.07080078125 0.1388888888888889
0 0.36669921875 0.734375 0.046875 0.1320529513888889
0 0.251953125 0.7560763888888888 0.12884521484375 0.09375
0 0.414794921875 0.7934027777777778 0.02880859375 0.11284722222222222
0 0.026123046875 0.8615451388888888 0.05224609375 0.1675347222222222
0 0.383544921875 0.8758680555555556 0.09130859375 0.11805555555555555
0 0.3427734375 0.9357638888888888 0.048828125 0.1267361111111111
0 0.787109375 0.5707465277777778 0.0234375 0.021701388888888888