0 0.5849609375 0.3116319444444444 0.0302734375 0.022569444444444444
0 0.00341796875 0.3116319444444444 0.0068359375 0.024305555555555556
0 0.22607421875 0.3142361111111111 0.013671875 0.03830295138888889
0 0.19580078125 0.3151041666666667 0.025390625 0.03309461805555555
0 0.29833984375 0.3168402777777778 0.0166015625 0.032877604166666664
0 0.04248046875 0.3194444444444444 0.0205078125 0.0380859375
0 0.39404296875 0.3211805555555556 0.01947021484375 0.043402777777777776
0 0.45166015625 0.3255208333333333 0.01568603515625 0.0537109375
0 0.14697265625 0.3255208333333333 0.00982666015625 0.04513888888888889
0 0.361328125 0.3263888888888889 0.02734375 0.022569444444444444
0 0.27099609375 0.3272569444444444 0.01171875 0.03651258680555555
0 0.48876953125 0.3315972222222222 0.0146484375 0.036458333333333336
0 0.1103515625 0.3342013888888889 0.026397705078125 0.03293185763888889
0 0.19287109375 0.3350694444444444 0.023406982421875 0.034722222222222224
0 0.4384765625 0.3350694444444444 0.0205078125 0.04161241319444445
0 0.17724609375 0.3359375 0.0166015625 0.043294270833333336
0 0.5087890625 0.3411458333333333 0.0146484375 0.050238715277777776
0 0.5888671875 0.3420138888888889 0.0283203125 0.034613715277777776
0 0.07666015625 0.3428819444444444 0.0185546875 0.041666666666666664
0 0.4130859375 0.34375 0.024444580078125 0.031304253472222224
0 0.017578125 0.3454861111111111 0.021484375 0.04177517361111111
0 0.31103515625 0.3506944444444444 0.0166015625 0.03993055555555555
0 0.28857421875 0.3506944444444444 0.015594482421875 0.045084635416666664
0 0.1640625 0.3506944444444444 0.013671875 0.046875
0 0.2177734375 0.3576388888888889 0.014678955078125 0.04513888888888889
0 0.04443359375 0.3576388888888889 0.0224609375 0.045247395833333336
0 0.1064453125 0.3585069444444444 0.02630615234375 0.03125
0 0.14404296875 0.3585069444444444 0.027374267578125 0.022569444444444444
0 0.25 0.3619791666666667 0.015625 0.052083333333333336
0 0.234375 0.3645833333333333 0.01275634765625 0.04871961805555555
0 0.39013671875 0.3671875 0.02532958984375 0.015733506944444444
0 0.18408203125 0.3680555555555556 0.00982666015625 0.017252604166666668
0 0.33544921875 0.3689236111111111 0.017608642578125 0.04334852430555555
0 0.47119140625 0.3723958333333333 0.01953125 0.041666666666666664
0 0.35693359375 0.3741319444444444 0.023468017578125 0.03293185763888889
0 0.203125 0.3810763888888889 0.017578125 0.04513888888888889
0 0.12548828125 0.3810763888888889 0.0107421875 0.05381944444444445
0 0.271484375 0.3862847222222222 0.02825927734375 0.025933159722222224
0 0.57177734375 0.3862847222222222 0.017547607421875 0.05040147569444445
0 0.009521484375 0.3871527777777778 0.01904296875 0.029513888888888888
0 0.53515625 0.3888888888888889 0.0107421875 0.052083333333333336
0 0.05126953125 0.390625 0.009796142578125 0.048665364583333336
0 0.185546875 0.3923611111111111 0.0234375 0.031304253472222224
0 0.08154296875 0.3940972222222222 0.0234375 0.04519314236111111
0 0.1416015625 0.3940972222222222 0.0205078125 0.038140190972222224
0 0.322265625 0.3967013888888889 0.02630615234375 0.03125
0 0.10693359375 0.4010416666666667 0.015625 0.04503038194444445
0 0.30078125 0.4036458333333333 0.01275634765625 0.050238715277777776
0 0.55126953125 0.4053819444444444 0.027374267578125 0.029459635416666668
0 0.0322265625 0.40625 0.025390625 0.017361111111111112
0 0.16748046875 0.4071180555555556 0.0302734375 0.026041666666666668
0 0.3515625 0.4105902777777778 0.022491455078125 0.029568142361111112
0 0.600830078125 0.4127604166666667 0.01708984375 0.03732638888888889
0 0.25390625 0.4123263888888889 0.030242919921875 0.019097222222222224
0 0.3935546875 0.4184027777777778 0.018585205078125 0.043402777777777776
0 0.5205078125 0.4184027777777778 0.02734375 0.03830295138888889
0 0.45458984375 0.4201388888888889 0.017608642578125 0.043402777777777776
0 0.4814453125 0.4201388888888889 0.0107421875 0.041666666666666664
0 0.49560546875 0.4201388888888889 0.0126953125 0.045084635416666664
0 0.01513671875 0.4244791666666667 0.025390625 0.03819444444444445
0 0.2109375 0.4253472222222222 0.024444580078125 0.04513888888888889
0 0.142578125 0.4253472222222222 0.01470947265625 0.041666666666666664
0 0.23974609375 0.4314236111111111 0.0302734375 0.03298611111111111
0 0.060546875 0.4366319444444444 0.01263427734375 0.04513888888888889
0 0.087890625 0.4366319444444444 0.028350830078125 0.01904296875
0 0.54638671875 0.4375 0.029327392578125 0.027777777777777776
0 0.435546875 0.4392361111111111 0.0224609375 0.03819444444444445
0 0.416015625 0.4392361111111111 0.0224609375 0.027777777777777776
0 0.1748046875 0.4409722222222222 0.025390625 0.0244140625
0 0.5693359375 0.4418402777777778 0.0234375 0.039984809027777776
0 0.0439453125 0.4435763888888889 0.015625 0.052083333333333336
0 0.1298828125 0.4548611111111111 0.021484375 0.03125
0 0.15966796875 0.4565972222222222 0.0263671875 0.03819444444444445
0 0.200439453125 0.4539930555555556 0.01416015625 0.04861111111111111
0 0.5068359375 0.4605034722222222 0.0205078125 0.035590277777777776
0 0.40234375 0.4635416666666667 0.022491455078125 0.031195746527777776
0 0.48291015625 0.4635416666666667 0.03125 0.029513888888888888
0 0.41455078125 0.4600694444444444 0.015625 0.036458333333333336
0 0.01904296875 0.4596354166666667 0.0185546875 0.03732638888888889
0 0.179443359375 0.4683159722222222 0.01416015625 0.019965277777777776
0 0.380859375 0.46484375 0.013671875 0.026909722222222224
0 0.221435546875 0.4670138888888889 0.02294921875 0.022569444444444444
0 0.156494140625 0.4722222222222222 0.03076171875 0.012152777777777778
0 0.247314453125 0.4696180555555556 0.01318359375 0.017361111111111112
0 0.43505859375 0.46875 0.0185546875 0.019097222222222224
0 0.282470703125 0.4670138888888889 0.01513671875 0.022569444444444444
0 0.5234375 0.4713541666666667 0.0126953125 0.013888888888888888
0 0.00537109375 0.4691840277777778 0.0107421875 0.018229166666666668
0 0.05859375 0.007378472222222222 0.0185546875 0.014756944444444444
0 0.041015625 0.004774305555555556 0.0126953125 0.009548611111111112
0 0.0078125 0.0078125 0.01171875 0.015625
0 0.441650390625 0.007378472222222222 0.02392578125 0.014756944444444444
0 0.137939453125 0.004774305555555556 0.02294921875 0.009548611111111112
0 0.23388671875 0.010850694444444444 0.0107421875 0.021701388888888888
0 0.068359375 0.006076388888888889 0.009765625 0.012152777777777778
0 0.019775390625 0.009982638888888888 0.01123046875 0.019965277777777776
0 0.031982421875 0.012152777777777778 0.01123046875 0.024305555555555556
0 0.15576171875 0.009114583333333334 0.0107421875 0.018229166666666668
0 0.095458984375 0.017361111111111112 0.01806640625 0.034722222222222224
0 0.296875 0.011284722222222222 0.01666259765625 0.012261284722222222
0 0.34521484375 0.013020833333333334 0.027313232421875 0.022569444444444444
0 0.082763671875 0.016059027777777776 0.01513671875 0.03211805555555555
0 0.26513671875 0.015625 0.025360107421875 0.020779079861111112
0 0.375 0.017361111111111112 0.0126953125 0.010470920138888888
0 0.18505859375 0.019097222222222224 0.013671875 0.027886284722222224
0 0.50634765625 0.019965277777777776 0.01556396484375 0.036458333333333336
0 0.44091796875 0.019965277777777776 0.0185546875 0.024305555555555556
0 0.28125 0.020833333333333332 0.01171875 0.024359809027777776
0 0.31396484375 0.020833333333333332 0.013702392578125 0.024251302083333332
0 0.22021484375 0.021701388888888888 0.011688232421875 0.03298611111111111
0 0.38623046875 0.022569444444444444 0.01165771484375 0.015625
0 0.14794921875 0.024305555555555556 0.01165771484375 0.027777777777777776
0 0.4697265625 0.025173611111111112 0.0244140625 0.025987413194444444
0 0.53759765625 0.027777777777777776 0.02154541015625 0.019097222222222224
0 0.35986328125 0.028645833333333332 0.015655517578125 0.025987413194444444
0 0.29150390625 0.029513888888888888 0.023406982421875 0.017361111111111112
0 0.521484375 0.033854166666666664 0.008819580078125 0.027777777777777776
0 0.31640625 0.036458333333333336 0.010772705078125 0.020887586805555556
0 0.34716796875 0.03732638888888889 0.011749267578125 0.026095920138888888
0 0.4375 0.03732638888888889 0.025390625 0.029513888888888888
0 0.3916015625 0.0390625 0.01861572265625 0.03819444444444445
0 0.00341796875 0.0390625 0.0068359375 0.041666666666666664
0 0.4619140625 0.03993055555555555 0.017578125 0.027723524305555556
0 0.330078125 0.03993055555555555 0.01470947265625 0.034613715277777776
0 0.24365234375 0.043402777777777776 0.01373291015625 0.04503038194444445
0 0.3720703125 0.044270833333333336 0.01654052734375 0.034722222222222224
0 0.05810546875 0.04513888888888889 0.019561767578125 0.03993055555555555
0 0.427734375 0.04774305555555555 0.0244140625 0.03125
0 0.25390625 0.049479166666666664 0.013671875 0.046820746527777776
0 0.29248046875 0.050347222222222224 0.025360107421875 0.019097222222222224
0 0.40380859375 0.050347222222222224 0.017608642578125 0.043402777777777776
0 0.5361328125 0.05642361111111111 0.01861572265625 0.024305555555555556
0 0.1162109375 0.058159722222222224 0.02825927734375 0.018988715277777776
0 0.42236328125 0.059895833333333336 0.0224609375 0.036458333333333336
0 0.1796875 0.06076388888888889 0.01470947265625 0.03993055555555555
0 0.00830078125 0.0625 0.00982666015625 0.045247395833333336
0 0.20263671875 0.0625 0.009765625 0.015625
0 0.35693359375 0.06684027777777778 0.01953125 0.0400390625
0 0.16162109375 0.06770833333333333 0.029296875 0.020833333333333332
0 0.0498046875 0.06944444444444445 0.01080322265625 0.03135850694444445
0 0.3330078125 0.0703125 0.026336669921875 0.017361111111111112
0 0.47314453125 0.07118055555555555 0.02728271484375 0.019097222222222224
0 0.2880859375 0.0720486111111111 0.029296875 0.025987413194444444
0 0.4990234375 0.07378472222222222 0.0205078125 0.03309461805555555
0 0.38330078125 0.07552083333333333 0.015625 0.029459635416666668
0 0.45166015625 0.07552083333333333 0.01177978515625 0.03982204861111111
0 0.259765625 0.07552083333333333 0.01953125 0.024305555555555556
0 0.21875 0.0763888888888889 0.01666259765625 0.03819444444444445
0 0.23095703125 0.07725694444444445 0.017578125 0.03298611111111111
0 0.5224609375 0.0798611111111111 0.02239990234375 0.034613715277777776
0 0.41064453125 0.08333333333333333 0.013671875 0.038248697916666664
0 0.0341796875 0.0859375 0.02239990234375 0.046875
0 0.126953125 0.08854166666666667 0.01171875 0.041666666666666664
0 0.42431640625 0.08854166666666667 0.009765625 0.031195746527777776
0 0.29931640625 0.09114583333333333 0.021484375 0.03640407986111111
0 0.008056640625 0.09722222222222222 0.01611328125 0.03125
0 0.197265625 0.09722222222222222 0.022430419921875 0.045084635416666664
0 0.0751953125 0.09809027777777778 0.029296875 0.020833333333333332
0 0.150390625 0.09809027777777778 0.0244140625 0.026041666666666668
0 0.33984375 0.09809027777777778 0.026336669921875 0.029513888888888888
0 0.44091796875 0.09895833333333333 0.017608642578125 0.04172092013888889
0 0.3154296875 0.0998263888888889 0.01068115234375 0.03309461805555555
0 0.17919921875 0.1032986111111111 0.015655517578125 0.04345703125
0 0.2744140625 0.10590277777777778 0.0263671875 0.026041666666666668
0 0.48388671875 0.10850694444444445 0.023468017578125 0.015625
0 0.25 0.109375 0.01654052734375 0.045247395833333336
0 0.10498046875 0.1171875 0.0263671875 0.025933159722222224
0 0.60693359375 0.11805555555555555 0.0048828125 0.03125
0 0.31201171875 0.11979166666666667 0.0244140625 0.029513888888888888
0 0.42626953125 0.12239583333333333 0.0234375 0.029513888888888888
0 0.38525390625 0.12586805555555555 0.0205078125 0.029622395833333332
0 0.1474609375 0.1284722222222222 0.025390625 0.022569444444444444
0 0.466796875 0.1293402777777778 0.02642822265625 0.018988715277777776
0 0.5859375 0.1310763888888889 0.016571044921875 0.046929253472222224
0 0.07080078125 0.13194444444444445 0.0234375 0.036458333333333336
0 0.369140625 0.13368055555555555 0.0263671875 0.026041666666666668
0 0.60009765625 0.13368055555555555 0.015594482421875 0.04161241319444445
0 0.04931640625 0.13541666666666666 0.02545166015625 0.020724826388888888
0 0.4951171875 0.14149305555555555 0.0166015625 0.03298611111111111
0 0.302734375 0.14149305555555555 0.0205078125 0.03993055555555555
0 0.1181640625 0.1440972222222222 0.01654052734375 0.046875
0 0.22607421875 0.1440972222222222 0.0107421875 0.04513888888888889
0 0.26708984375 0.1449652777777778 0.01171875 0.03298611111111111
0 0.41845703125 0.1449652777777778 0.021453857421875 0.034722222222222224
0 0.3359375 0.1501736111111111 0.0107421875 0.04861111111111111
0 0.00146484375 0.15147569444444445 0.0029296875 0.0546875
0 0.1513671875 0.1545138888888889 0.02642822265625 0.024197048611111112
0 0.3623046875 0.15711805555555555 0.0224609375 0.029622395833333332
0 0.197265625 0.15711805555555555 0.02734375 0.026150173611111112
0 0.0498046875 0.15711805555555555 0.025390625 0.019205729166666668
0 0.38720703125 0.1623263888888889 0.0244140625 0.03293185763888889
0 0.017578125 0.16493055555555555 0.013671875 0.04861111111111111
0 0.4677734375 0.1657986111111111 0.0205078125 0.03982204861111111
0 0.09423828125 0.1675347222222222 0.013702392578125 0.05029296875
0 0.0693359375 0.1736111111111111 0.0263671875 0.02783203125
0 0.45361328125 0.1736111111111111 0.025390625 0.020833333333333332
0 0.31591796875 0.1796875 0.01953125 0.043294270833333336
0 0.49365234375 0.18055555555555555 0.0146484375 0.03819444444444445
0 0.5869140625 0.1892361111111111 0.02642822265625 0.03125
0 0.40771484375 0.1909722222222222 0.015625 0.038248697916666664
0 0.60595703125 0.1909722222222222 0.0068359375 0.04861111111111111
0 0.1298828125 0.1918402777777778 0.029296875 0.017361111111111112
0 0.42919921875 0.1935763888888889 0.0244140625 0.019205729166666668
0 0.349609375 0.20052083333333334 0.01275634765625 0.043402777777777776
0 0.21142578125 0.203125 0.0234375 0.03819444444444445
0 0.4697265625 0.203125 0.012664794921875 0.041666666666666664
0 0.16162109375 0.20399305555555555 0.02923583984375 0.019097222222222224
0 0.19287109375 0.2065972222222222 0.01165771484375 0.043402777777777776
0 0.080078125 0.21006944444444445 0.02642822265625 0.024197048611111112
0 0.51416015625 0.21354166666666666 0.0126953125 0.04519314236111111
0 0.455078125 0.2144097222222222 0.015625 0.046820746527777776
0 0.4990234375 0.2152777777777778 0.0126953125 0.024197048611111112
0 0.24072265625 0.2170138888888889 0.01953125 0.04172092013888889
0 0.01904296875 0.2222222222222222 0.0205078125 0.031304253472222224
0 0.138671875 0.2222222222222222 0.02734375 0.022569444444444444
0 0.58056640625 0.22569444444444445 0.0263671875 0.029513888888888888
0 0.2216796875 0.2265625 0.01654052734375 0.04698350694444445
0 0.33056640625 0.22743055555555555 0.021453857421875 0.03466796875
0 0.41455078125 0.2309027777777778 0.01763916015625 0.04871961805555555
0 0.2705078125 0.23350694444444445 0.01470947265625 0.041666666666666664
0 0.177734375 0.23524305555555555 0.02734375 0.022569444444444444
0 0.605712890625 0.23567708333333334 0.00732421875 0.028645833333333332
0 0.04736328125 0.2387152777777778 0.02740478515625 0.026041666666666668
0 0.53662109375 0.23958333333333334 0.02734375 0.03298611111111111
0 0.29150390625 0.24305555555555555 0.021484375 0.017361111111111112
0 0.142578125 0.24739583333333334 0.02734375 0.019205729166666668
0 0.4775390625 0.2569444444444444 0.02630615234375 0.0244140625
0 0.4306640625 0.2569444444444444 0.017578125 0.0380859375
0 0.0263671875 0.2595486111111111 0.029296875 0.029568142361111112
0 0.09521484375 0.2604166666666667 0.02740478515625 0.024197048611111112
0 0.58447265625 0.2647569444444444 0.0244140625 0.034722222222222224
0 0.26904296875 0.265625 0.0283203125 0.031141493055555556
0 0.003173828125 0.2682291666666667 0.00634765625 0.03993055555555555
0 0.53076171875 0.2699652777777778 0.023406982421875 0.034722222222222224
0 0.36376953125 0.2734375 0.0234375 0.03125
0 0.45751953125 0.2751736111111111 0.015625 0.046820746527777776
0 0.32568359375 0.2760416666666667 0.0205078125 0.036458333333333336
0 0.2978515625 0.2777777777777778 0.0224609375 0.031304253472222224
0 0.15478515625 0.2777777777777778 0.019500732421875 0.03298611111111111
0 0.48828125 0.2795138888888889 0.0234375 0.034830729166666664
0 0.599365234375 0.2816840277777778 0.02001953125 0.021701388888888888
0 0.0458984375 0.2864583333333333 0.02734375 0.03125
0 0.20458984375 0.2881944444444444 0.013702392578125 0.041666666666666664
0 0.01416015625 0.2916666666666667 0.0107421875 0.05555555555555555
0 0.11376953125 0.2942708333333333 0.009796142578125 0.041666666666666664
0 0.234375 0.2942708333333333 0.013671875 0.04345703125
0 0.2763671875 0.2986111111111111 0.0283203125 0.031195746527777776
0 0.083984375 0.2994791666666667 0.0185546875 0.04334852430555555
0 0.37255859375 0.3012152777777778 0.021453857421875 0.034722222222222224
0 0.166015625 0.3029513888888889 0.0263671875 0.022677951388888888
0 0.24853515625 0.3029513888888889 0.00982666015625 0.050347222222222224
0 0.12939453125 0.3072916666666667 0.023468017578125 0.036458333333333336
0 0.684326171875 0.012152777777777778 0.02783203125 0.024305555555555556
0 0.74169921875 0.06944444444444445 0.03118896484375 0.03298611111111111
0 0.66064453125 0.14322916666666666 0.029296875 0.029568142361111112
2 0.51318359375 0.6918402777777778 0.0205078125 0.057291666666666664
0 0.17578125 0.6987847222222222 0.025390625 0.03819444444444445
0 0.3505859375 0.7239583333333334 0.02740478515625 0.03298611111111111
2 0.50634765625 0.7447916666666666 0.025390625 0.043402777777777776
0 0.16796875 0.7508680555555556 0.02935791015625 0.0380859375
0 0.37841796875 0.7673611111111112 0.01654052734375 0.036566840277777776
0 0.783935546875 0.99609375 0.02685546875 0.006076388888888889