0 0.1884765625 0.1545138888888889 0.0244140625 0.022677951388888888
0 0.1328125 0.1545138888888889 0.02447509765625 0.019205729166666668
0 0.42041015625 0.15711805555555555 0.013671875 0.03830295138888889
0 0.39013671875 0.1579861111111111 0.025390625 0.033040364583333336
0 0.49267578125 0.1597222222222222 0.0166015625 0.032877604166666664
0 0.08984375 0.16145833333333334 0.0263671875 0.03634982638888889
0 0.0537109375 0.1623263888888889 0.01263427734375 0.050347222222222224
0 0.23681640625 0.1623263888888889 0.0205078125 0.0380859375
0 0.58837890625 0.1640625 0.01947021484375 0.043402777777777776
0 0.06591796875 0.16493055555555555 0.009765625 0.052083333333333336
0 0.64599609375 0.1684027777777778 0.015655517578125 0.053765190972222224
0 0.34130859375 0.1684027777777778 0.009796142578125 0.04513888888888889
0 0.5556640625 0.16927083333333334 0.02734375 0.022569444444444444
0 0.46533203125 0.1701388888888889 0.01171875 0.036566840277777776
0 0.6826171875 0.17491319444444445 0.013671875 0.03732638888888889
0 0.1396484375 0.1753472222222222 0.0263671875 0.019097222222222224
0 0.3046875 0.17708333333333334 0.02642822265625 0.032877604166666664
0 0.38720703125 0.1779513888888889 0.02337646484375 0.034722222222222224
0 0.6328125 0.1779513888888889 0.0205078125 0.041558159722222224
0 0.37158203125 0.17881944444444445 0.0166015625 0.043294270833333336
0 0.007568359375 0.18446180555555555 0.01513671875 0.018229166666666668
0 0.0224609375 0.18489583333333334 0.01861572265625 0.04871961805555555
0 0.27099609375 0.1857638888888889 0.0185546875 0.041666666666666664
0 0.607421875 0.18663194444444445 0.024444580078125 0.031304253472222224
0 0.2119140625 0.18836805555555555 0.021484375 0.04172092013888889
0 0.50537109375 0.1935763888888889 0.0166015625 0.03993055555555555
0 0.48291015625 0.1935763888888889 0.015594482421875 0.045084635416666664
0 0.3583984375 0.1935763888888889 0.013671875 0.046875
0 0.04931640625 0.1970486111111111 0.01947021484375 0.03830295138888889
0 0.1044921875 0.1987847222222222 0.0224609375 0.03477647569444445
0 0.080078125 0.1987847222222222 0.022491455078125 0.020779079861111112
0 0.412109375 0.20052083333333334 0.01470947265625 0.04513888888888889
0 0.16162109375 0.20052083333333334 0.011749267578125 0.045084635416666664
0 0.23876953125 0.20052083333333334 0.0224609375 0.04519314236111111
0 0.30078125 0.2013888888888889 0.026336669921875 0.03125
0 0.33837890625 0.2013888888888889 0.027374267578125 0.022569444444444444
0 0.18310546875 0.20399305555555555 0.023406982421875 0.03819444444444445
0 0.4443359375 0.2048611111111111 0.015625 0.052083333333333336
0 0.4287109375 0.2074652777777778 0.01275634765625 0.04871961805555555
0 0.013671875 0.21006944444444445 0.01953125 0.03640407986111111
0 0.58447265625 0.21006944444444445 0.025360107421875 0.015679253472222224
0 0.37841796875 0.2109375 0.00982666015625 0.017252604166666668
0 0.52978515625 0.21180555555555555 0.017608642578125 0.04334852430555555
0 0.12451171875 0.2144097222222222 0.011749267578125 0.04861111111111111
0 0.66552734375 0.2152777777777778 0.01953125 0.041666666666666664
0 0.55126953125 0.2170138888888889 0.02349853515625 0.032877604166666664
0 0.0400390625 0.21961805555555555 0.016632080078125 0.04519314236111111
0 0.3974609375 0.22395833333333334 0.017578125 0.04513888888888889
0 0.31982421875 0.22395833333333334 0.0107421875 0.05381944444444445
0 0.4658203125 0.22916666666666666 0.028289794921875 0.025987413194444444
0 0.14404296875 0.2300347222222222 0.011749267578125 0.045084635416666664
0 0.19970703125 0.2300347222222222 0.0263671875 0.02783203125
0 0.0751953125 0.2326388888888889 0.015625 0.04334852430555555
0 0.24560546875 0.23350694444444445 0.00982666015625 0.04871961805555555
0 0.3798828125 0.23524305555555555 0.0234375 0.03135850694444445
0 0.00390625 0.23567708333333334 0.0078125 0.026909722222222224
0 0.27587890625 0.23697916666666666 0.0234375 0.045247395833333336
0 0.3359375 0.23697916666666666 0.0205078125 0.038140190972222224
0 0.5166015625 0.23958333333333334 0.026336669921875 0.03125
0 0.0302734375 0.24131944444444445 0.0205078125 0.017361111111111112
0 0.30126953125 0.2439236111111111 0.015625 0.045084635416666664
0 0.16064453125 0.24479166666666666 0.0224609375 0.036458333333333336
0 0.4951171875 0.2465277777777778 0.012725830078125 0.05029296875
0 0.056640625 0.2465277777777778 0.0126953125 0.050347222222222224
0 0.2265625 0.24913194444444445 0.025390625 0.017361111111111112
0 0.36181640625 0.25 0.0302734375 0.026041666666666668
0 0.5458984375 0.2534722222222222 0.022491455078125 0.029568142361111112
0 0.4482421875 0.2552083333333333 0.030242919921875 0.019097222222222224
0 0.02490234375 0.2604166666666667 0.025421142578125 0.029459635416666668
0 0.587890625 0.2612847222222222 0.018585205078125 0.043402777777777776
0 0.64892578125 0.2630208333333333 0.017608642578125 0.043402777777777776
0 0.67578125 0.2630208333333333 0.0107421875 0.041666666666666664
0 0.6865234375 0.2630208333333333 0.005859375 0.04513888888888889
0 0.17041015625 0.2647569444444444 0.025390625 0.031304253472222224
0 0.20947265625 0.2673611111111111 0.025390625 0.03819444444444445
0 0.4052734375 0.2682291666666667 0.024444580078125 0.04513888888888889
0 0.3369140625 0.2682291666666667 0.014678955078125 0.041666666666666664
0 0.43408203125 0.2743055555555556 0.0302734375 0.03298611111111111
0 0.0458984375 0.2751736111111111 0.012725830078125 0.05213758680555555
0 0.1142578125 0.2786458333333333 0.0263671875 0.03125
0 0.2548828125 0.2795138888888889 0.01263427734375 0.04513888888888889
0 0.2822265625 0.2795138888888889 0.02838134765625 0.018988715277777776
0 0.18994140625 0.2795138888888889 0.00970458984375 0.052083333333333336
0 0.0751953125 0.2803819444444444 0.03125 0.034830729166666664
0 0.6298828125 0.2821180555555556 0.0224609375 0.03819444444444445
0 0.6103515625 0.2821180555555556 0.0224609375 0.027777777777777776
0 0.0068359375 0.2821180555555556 0.0107421875 0.041666666666666664
0 0.1474609375 0.2829861111111111 0.0185546875 0.032877604166666664
0 0.369140625 0.2838541666666667 0.025390625 0.0244140625
0 0.23828125 0.2864583333333333 0.015625 0.052083333333333336
0 0.0263671875 0.2890625 0.0234375 0.03993055555555555
0 0.32421875 0.2977430555555556 0.021484375 0.03125
0 0.35400390625 0.2994791666666667 0.0263671875 0.03819444444444445
0 0.39453125 0.2994791666666667 0.013671875 0.05381944444444445
0 0.12255859375 0.3012152777777778 0.0224609375 0.029513888888888888
0 0.166015625 0.3038194444444444 0.022430419921875 0.04345703125
0 0.5966796875 0.3064236111111111 0.02252197265625 0.031141493055555556
0 0.675537109375 0.3068576388888889 0.02783203125 0.030381944444444444
0 0.60888671875 0.3072916666666667 0.01556396484375 0.043511284722222224
0 0.21337890625 0.3098958333333333 0.017608642578125 0.05202907986111111
0 0.37353515625 0.3142361111111111 0.013671875 0.026041666666666668
0 0.5751953125 0.3151041666666667 0.012725830078125 0.041666666666666664
0 0.13720703125 0.3177083333333333 0.0263671875 0.025933159722222224
0 0.41552734375 0.3194444444444444 0.0224609375 0.039984809027777776
0 0.3505859375 0.3194444444444444 0.0302734375 0.020833333333333332
0 0.0283203125 0.3237847222222222 0.02734375 0.020833333333333332
0 0.44140625 0.3246527777777778 0.0126953125 0.0400390625
0 0.62939453125 0.3272569444444444 0.01763916015625 0.04871961805555555
0 0.4765625 0.3272569444444444 0.0146484375 0.055609809027777776
0 0.1982421875 0.328125 0.0126953125 0.050347222222222224
0 0.17724609375 0.3315972222222222 0.0166015625 0.046820746527777776
0 0.677001953125 0.3333333333333333 0.02490234375 0.020833333333333332
0 0.0908203125 0.3350694444444444 0.0234375 0.03993055555555555
0 0.322265625 0.3368055555555556 0.02734375 0.019151475694444444
0 0.45849609375 0.3376736111111111 0.013641357421875 0.04855685763888889
0 0.37744140625 0.3394097222222222 0.0224609375 0.034613715277777776
0 0.11767578125 0.3402777777777778 0.02142333984375 0.036566840277777776
0 0.60498046875 0.3420138888888889 0.02142333984375 0.043402777777777776
0 0.3515625 0.3454861111111111 0.025390625 0.019151475694444444
0 0.24755859375 0.3489583333333333 0.0166015625 0.04676649305555555
0 0.04443359375 0.3585069444444444 0.02923583984375 0.0244140625
0 0.11328125 0.3611111111111111 0.0263671875 0.03819444444444445
0 0.009765625 0.3650173611111111 0.01953125 0.026909722222222224
0 0.587890625 0.3706597222222222 0.0244140625 0.03819444444444445
0 0.36962890625 0.3715277777777778 0.0263671875 0.029622395833333332
0 0.4384765625 0.3758680555555556 0.01953125 0.045084635416666664
0 0.091796875 0.3802083333333333 0.020477294921875 0.039984809027777776
0 0.54638671875 0.3810763888888889 0.015625 0.050347222222222224
0 0.416015625 0.3819444444444444 0.018524169921875 0.04513888888888889
0 0.19775390625 0.3828125 0.017608642578125 0.04172092013888889
0 0.0146484375 0.3888888888888889 0.022430419921875 0.05040147569444445
0 0.228515625 0.3897569444444444 0.02734375 0.026041666666666668
0 0.56591796875 0.3914930555555556 0.01171875 0.04172092013888889
0 0.04150390625 0.3914930555555556 0.02935791015625 0.036458333333333336
0 0.466796875 0.3958333333333333 0.01861572265625 0.0400390625
0 0.1396484375 0.4010416666666667 0.0244140625 0.046929253472222224
0 0.59912109375 0.4027777777777778 0.0205078125 0.04698350694444445
0 0.07470703125 0.4045138888888889 0.033203125 0.026041666666666668
0 0.626953125 0.40625 0.02447509765625 0.029405381944444444
0 0.43115234375 0.4097222222222222 0.02923583984375 0.024305555555555556
0 0.5126953125 0.4105902777777778 0.0166015625 0.050347222222222224
0 0.279296875 0.4105902777777778 0.0302734375 0.024251302083333332
0 0.4873046875 0.4123263888888889 0.01849365234375 0.045247395833333336
0 0.15234375 0.4123263888888889 0.02252197265625 0.03819444444444445
0 0.18505859375 0.4131944444444444 0.02728271484375 0.03634982638888889
0 0.54150390625 0.4131944444444444 0.015655517578125 0.05029296875
0 0.52734375 0.4149305555555556 0.018524169921875 0.05029296875
0 0.24365234375 0.4184027777777778 0.0234375 0.033040364583333336
0 0.10595703125 0.4210069444444444 0.033203125 0.024359809027777776
0 0.47216796875 0.4348958333333333 0.0126953125 0.046875
0 0.41259765625 0.4383680555555556 0.0166015625 0.04503038194444445
0 0.455078125 0.4383680555555556 0.0205078125 0.04513888888888889
0 0.556640625 0.4383680555555556 0.01470947265625 0.041558159722222224
0 0.6650390625 0.4409722222222222 0.03515625 0.026041666666666668
0 0.63037109375 0.4435763888888889 0.021484375 0.04503038194444445
0 0.29443359375 0.4470486111111111 0.02545166015625 0.03819444444444445
0 0.08447265625 0.453125 0.0263671875 0.032877604166666664
0 0.20068359375 0.453125 0.025421142578125 0.03651258680555555
0 0.24951171875 0.4539930555555556 0.025421142578125 0.024359809027777776
0 0.5791015625 0.4548611111111111 0.01171875 0.04513888888888889
0 0.27490234375 0.4557291666666667 0.025390625 0.04513888888888889
0 0.158203125 0.4565972222222222 0.0244140625 0.03993055555555555
0 0.48046875 0.4583333333333333 0.016571044921875 0.019151475694444444
0 0.431640625 0.4583333333333333 0.024444580078125 0.029459635416666668
0 0.10546875 0.4618055555555556 0.013671875 0.05040147569444445
0 0.13525390625 0.4644097222222222 0.0126953125 0.058919270833333336
0 0.39404296875 0.4678819444444444 0.02337646484375 0.048502604166666664
0 0.49560546875 0.46875 0.0244140625 0.03993055555555555
0 0.02880859375 0.4696180555555556 0.017578125 0.05381944444444445
0 0.45068359375 0.4722222222222222 0.013702392578125 0.046929253472222224
0 0.603515625 0.4739583333333333 0.0283203125 0.03293185763888889
0 0.52294921875 0.4748263888888889 0.0283203125 0.029513888888888888
0 0.056640625 0.4774305555555556 0.0341796875 0.029568142361111112
0 0.19580078125 0.4809027777777778 0.02728271484375 0.03634982638888889
0 0.65234375 0.4809027777777778 0.033203125 0.020833333333333332
0 0.56640625 0.4817708333333333 0.02056884765625 0.048502604166666664
0 0.11767578125 0.4835069444444444 0.01947021484375 0.05197482638888889
0 0.248046875 0.4913194444444444 0.0166015625 0.041666666666666664
0 0.2666015625 0.4913194444444444 0.0234375 0.046820746527777776
0 0.09716796875 0.4939236111111111 0.015594482421875 0.045084635416666664
0 0.30615234375 0.4982638888888889 0.023406982421875 0.03651258680555555
0 0.6240234375 0.5 0.034149169921875 0.025987413194444444
0 0.1630859375 0.5008680555555556 0.0234375 0.038140190972222224
0 0.007080078125 0.5052083333333334 0.01416015625 0.029513888888888888
0 0.59033203125 0.5104166666666666 0.0224609375 0.043402777777777776
0 0.4541015625 0.5112847222222222 0.0283203125 0.026041666666666668
0 0.23046875 0.5121527777777778 0.018585205078125 0.04345703125
0 0.0576171875 0.5130208333333334 0.0146484375 0.038248697916666664
0 0.18310546875 0.5130208333333334 0.01171875 0.05197482638888889
0 0.52783203125 0.5251736111111112 0.015594482421875 0.03477647569444445
0 0.5751953125 0.5286458333333334 0.0146484375 0.04172092013888889
0 0.1611328125 0.5303819444444444 0.0244140625 0.03298611111111111
0 0.42431640625 0.5329861111111112 0.025390625 0.03982204861111111
0 0.4765625 0.5329861111111112 0.02734375 0.033040364583333336
0 0.12548828125 0.5338541666666666 0.0185546875 0.050347222222222224
0 0.0908203125 0.5347222222222222 0.0126953125 0.043402777777777776
0 0.22021484375 0.5364583333333334 0.0234375 0.03298611111111111
0 0.67431640625 0.5355902777777778 0.0126953125 0.046875
0 0.106201171875 0.5373263888888888 0.01904296875 0.043402777777777776
0 0.444091796875 0.5425347222222222 0.02490234375 0.03298611111111111
0 0.650390625 0.5425347222222222 0.021484375 0.03298611111111111
0 0.034912109375 0.5438368055555556 0.02880859375 0.030381944444444444
0 0.51416015625 0.5464409722222222 0.0234375 0.025173611111111112
0 0.5361328125 0.5542534722222222 0.03125 0.009548611111111112
0 0.45068359375 0.5529513888888888 0.0244140625 0.012152777777777778
0 0.3125 0.005642361111111111 0.0166015625 0.011284722222222222
0 0.420654296875 0.005208333333333333 0.01123046875 0.010416666666666666
0 0.026611328125 0.005208333333333333 0.01806640625 0.010416666666666666
0 0.0595703125 0.0030381944444444445 0.0283203125 0.006076388888888889
0 0.530517578125 0.009114583333333334 0.01123046875 0.018229166666666668
0 0.1904296875 0.010850694444444444 0.013671875 0.021701388888888888
0 0.087158203125 0.009114583333333334 0.02197265625 0.018229166666666668
0 0.345703125 0.004774305555555556 0.02734375 0.009548611111111112
0 0.556884765625 0.0078125 0.02294921875 0.015625
0 0.391845703125 0.006944444444444444 0.02783203125 0.013888888888888888
0 0.244384765625 0.005208333333333333 0.02587890625 0.010416666666666666
0 0.158203125 0.009548611111111112 0.025390625 0.019097222222222224
0 0.581787109375 0.010850694444444444 0.02490234375 0.021701388888888888
0 0.212158203125 0.016493055555555556 0.01416015625 0.03298611111111111
0 0.662353515625 0.014322916666666666 0.02099609375 0.028645833333333332
0 0.28857421875 0.017795138888888888 0.0146484375 0.035590277777777776
0 0.01123046875 0.01171875 0.0224609375 0.0234375
0 0.1123046875 0.017361111111111112 0.021484375 0.034722222222222224
0 0.263671875 0.016493055555555556 0.0263671875 0.02783203125
0 0.64794921875 0.016493055555555556 0.025390625 0.020833333333333332
0 0.51025390625 0.022569444444444444 0.01953125 0.043294270833333336
0 0.68505859375 0.023871527777777776 0.0087890625 0.0390625
0 0.064453125 0.027777777777777776 0.017578125 0.04861111111111111
0 0.05126953125 0.03211805555555555 0.013641357421875 0.043402777777777776
0 0.07763671875 0.03298611111111111 0.01171875 0.04861111111111111
0 0.60205078125 0.033854166666666664 0.015625 0.038248697916666664
0 0.32421875 0.034722222222222224 0.029296875 0.017361111111111112
0 0.62353515625 0.036458333333333336 0.0244140625 0.019151475694444444
0 0.169921875 0.0390625 0.01171875 0.034613715277777776
0 0.5439453125 0.043402777777777776 0.01275634765625 0.043402777777777776
0 0.14892578125 0.043402777777777776 0.0224609375 0.029513888888888888
0 0.40576171875 0.04600694444444445 0.0234375 0.03819444444444445
0 0.03466796875 0.04600694444444445 0.01568603515625 0.046875
0 0.6640625 0.04600694444444445 0.012664794921875 0.041666666666666664
0 0.0869140625 0.046875 0.0107421875 0.04513888888888889
0 0.35595703125 0.046875 0.02923583984375 0.019097222222222224
0 0.10205078125 0.04861111111111111 0.01373291015625 0.04698350694444445
0 0.015625 0.04861111111111111 0.021484375 0.04861111111111111
0 0.38720703125 0.049479166666666664 0.011688232421875 0.043402777777777776
0 0.2744140625 0.05295138888888889 0.02642822265625 0.024197048611111112
0 0.6494140625 0.057291666666666664 0.015625 0.046820746527777776
0 0.43505859375 0.059895833333333336 0.01953125 0.04172092013888889
0 0.21337890625 0.06510416666666667 0.0205078125 0.03135850694444445
0 0.3330078125 0.06510416666666667 0.02734375 0.022569444444444444
0 0.13720703125 0.06597222222222222 0.011749267578125 0.04334852430555555
0 0.416015625 0.06944444444444445 0.01654052734375 0.04698350694444445
0 0.0625 0.0703125 0.030242919921875 0.024305555555555556
0 0.52490234375 0.0703125 0.02142333984375 0.034613715277777776
0 0.60888671875 0.07378472222222222 0.01763916015625 0.04871961805555555
0 0.46484375 0.0763888888888889 0.014678955078125 0.041666666666666664
0 0.3720703125 0.078125 0.02734375 0.022569444444444444
0 0.16455078125 0.078125 0.0146484375 0.046875
0 0.24169921875 0.08159722222222222 0.02740478515625 0.026041666666666668
0 0.48583984375 0.0859375 0.021484375 0.017361111111111112
0 0.007080078125 0.08637152777777778 0.01416015625 0.042534722222222224
0 0.07177734375 0.08940972222222222 0.021453857421875 0.045084635416666664
0 0.3369140625 0.09027777777777778 0.02734375 0.019151475694444444
0 0.0966796875 0.0954861111111111 0.0244140625 0.03993055555555555
0 0.03955078125 0.09722222222222222 0.03125 0.019097222222222224
0 0.671875 0.0998263888888889 0.02630615234375 0.0244140625
0 0.625 0.0998263888888889 0.017578125 0.0380859375
0 0.12646484375 0.10243055555555555 0.031280517578125 0.022623697916666668
0 0.220703125 0.10243055555555555 0.029296875 0.029622395833333332
0 0.28955078125 0.1032986111111111 0.027374267578125 0.024251302083333332
0 0.46337890625 0.10850694444444445 0.0283203125 0.031195746527777776
0 0.19091796875 0.1111111111111111 0.0185546875 0.03982204861111111
0 0.55810546875 0.11631944444444445 0.0234375 0.03125
0 0.65185546875 0.11805555555555555 0.015625 0.04676649305555555
0 0.52001953125 0.1189236111111111 0.0205078125 0.036458333333333336
0 0.1591796875 0.12065972222222222 0.02838134765625 0.017469618055555556
0 0.0400390625 0.12065972222222222 0.03021240234375 0.017469618055555556
0 0.4921875 0.12065972222222222 0.0224609375 0.031304253472222224
0 0.34912109375 0.12065972222222222 0.019500732421875 0.03298611111111111
0 0.68017578125 0.12239583333333333 0.0185546875 0.036458333333333336
0 0.07080078125 0.12413194444444445 0.029296875 0.020724826388888888
0 0.240234375 0.1293402777777778 0.02734375 0.03125
0 0.39892578125 0.1310763888888889 0.01373291015625 0.041666666666666664
0 0.0986328125 0.13368055555555555 0.03228759765625 0.022569444444444444
0 0.20849609375 0.1345486111111111 0.0107421875 0.05555555555555555
0 0.30810546875 0.1371527777777778 0.009796142578125 0.041666666666666664
0 0.4287109375 0.1371527777777778 0.013671875 0.043511284722222224
0 0.1416015625 0.13802083333333334 0.02734375 0.03477647569444445
0 0.470703125 0.14149305555555555 0.0283203125 0.031141493055555556
0 0.2783203125 0.1423611111111111 0.0185546875 0.043294270833333336
0 0.56689453125 0.1440972222222222 0.021453857421875 0.034722222222222224
0 0.3603515625 0.14583333333333334 0.0263671875 0.022677951388888888
0 0.44287109375 0.14583333333333334 0.009796142578125 0.050347222222222224
0 0.0322265625 0.14756944444444445 0.029296875 0.022515190972222224
0 0.32373046875 0.1501736111111111 0.02349853515625 0.036458333333333336
0 0.00927734375 0.15104166666666666 0.015625 0.046820746527777776
0 0.87841796875 0.2378472222222222 0.01953125 0.034830729166666664
2 0.987548828125 0.23914930555555555 0.02392578125 0.03211805555555555
0 0.962890625 0.3090277777777778 0.01947021484375 0.03993055555555555
2 0.424560546875 0.5655381944444444 0.01416015625 0.011284722222222222