0 0.54833984375 0.09461805555555555 0.0302734375 0.022569444444444444
0 0.189453125 0.09722222222222222 0.013671875 0.038248697916666664
0 0.58837890625 0.09722222222222222 0.017578125 0.04861111111111111
0 0.1591796875 0.09809027777777778 0.025390625 0.03309461805555555
0 0.26171875 0.0998263888888889 0.0166015625 0.03293185763888889
0 0.00830078125 0.10243055555555555 0.0166015625 0.03819444444444445
0 0.357421875 0.10416666666666667 0.01947021484375 0.043402777777777776
0 0.4150390625 0.10850694444444445 0.015655517578125 0.053765190972222224
0 0.1103515625 0.10850694444444445 0.00982666015625 0.04513888888888889
0 0.32470703125 0.109375 0.02734375 0.022569444444444444
0 0.234375 0.11024305555555555 0.01171875 0.036566840277777776
0 0.4521484375 0.11458333333333333 0.0146484375 0.036458333333333336
0 0.07373046875 0.1171875 0.02642822265625 0.032877604166666664
0 0.15625 0.11805555555555555 0.023406982421875 0.034722222222222224
0 0.40185546875 0.11805555555555555 0.0205078125 0.041558159722222224
0 0.140625 0.1189236111111111 0.0166015625 0.043294270833333336
0 0.47216796875 0.12413194444444445 0.0146484375 0.050238715277777776
0 0.55224609375 0.125 0.0283203125 0.03466796875
0 0.0400390625 0.12586805555555555 0.0185546875 0.041666666666666664
0 0.37646484375 0.1267361111111111 0.02447509765625 0.03135850694444445
0 0.2744140625 0.13368055555555555 0.0166015625 0.03993055555555555
0 0.251953125 0.13368055555555555 0.015594482421875 0.045084635416666664
0 0.12744140625 0.13368055555555555 0.013671875 0.046875
0 0.18115234375 0.140625 0.014678955078125 0.04513888888888889
0 0.009765625 0.140625 0.01953125 0.046875
0 0.06982421875 0.14149305555555555 0.026336669921875 0.03125
0 0.107421875 0.14149305555555555 0.027374267578125 0.022569444444444444
0 0.21337890625 0.1449652777777778 0.015625 0.052083333333333336
0 0.19775390625 0.14756944444444445 0.01275634765625 0.04871961805555555
0 0.353515625 0.1501736111111111 0.02532958984375 0.015733506944444444
0 0.1474609375 0.15104166666666666 0.00982666015625 0.017252604166666668
0 0.298828125 0.1519097222222222 0.01763916015625 0.043294270833333336
0 0.4345703125 0.15538194444444445 0.01953125 0.041666666666666664
0 0.3203125 0.15711805555555555 0.023468017578125 0.03293185763888889
0 0.16650390625 0.1640625 0.017578125 0.04513888888888889
0 0.0888671875 0.1640625 0.0107421875 0.05381944444444445
0 0.23486328125 0.16927083333333334 0.028289794921875 0.025987413194444444
0 0.53515625 0.16927083333333334 0.017547607421875 0.05040147569444445
0 0.49853515625 0.171875 0.0107421875 0.052083333333333336
0 0.0146484375 0.1736111111111111 0.00982666015625 0.04871961805555555
0 0.14892578125 0.1753472222222222 0.0234375 0.031304253472222224
0 0.044921875 0.17708333333333334 0.0234375 0.04519314236111111
0 0.10498046875 0.17708333333333334 0.0205078125 0.038140190972222224
0 0.28564453125 0.1796875 0.02630615234375 0.03125
0 0.0703125 0.1840277777777778 0.015625 0.045084635416666664
0 0.26416015625 0.18663194444444445 0.012725830078125 0.05029296875
0 0.5146484375 0.18836805555555555 0.027374267578125 0.029459635416666668
0 0.00439453125 0.1896701388888889 0.0087890625 0.018229166666666668
0 0.130859375 0.19010416666666666 0.0302734375 0.026041666666666668
0 0.31494140625 0.1935763888888889 0.02252197265625 0.029622395833333332
0 0.5693359375 0.1953125 0.02734375 0.036458333333333336
0 0.21728515625 0.1953125 0.030242919921875 0.019097222222222224
0 0.35693359375 0.2013888888888889 0.01861572265625 0.043402777777777776
0 0.48388671875 0.2013888888888889 0.02734375 0.038248697916666664
0 0.41796875 0.203125 0.017608642578125 0.043402777777777776
0 0.44482421875 0.203125 0.0107421875 0.041666666666666664
0 0.458984375 0.203125 0.0126953125 0.045084635416666664
0 0.5927734375 0.20616319444444445 0.0126953125 0.0390625
0 0.17431640625 0.20833333333333334 0.024444580078125 0.04513888888888889
0 0.10595703125 0.20833333333333334 0.014678955078125 0.041666666666666664
0 0.203125 0.2144097222222222 0.0302734375 0.03298611111111111
0 0.02392578125 0.21961805555555555 0.01263427734375 0.04513888888888889
0 0.05126953125 0.21961805555555555 0.02838134765625 0.018988715277777776
0 0.509765625 0.2204861111111111 0.02935791015625 0.027777777777777776
0 0.39892578125 0.2222222222222222 0.0224609375 0.03819444444444445
0 0.37939453125 0.2222222222222222 0.0224609375 0.027777777777777776
0 0.13818359375 0.22395833333333334 0.025390625 0.024359809027777776
0 0.53271484375 0.2248263888888889 0.0234375 0.0400390625
0 0.0078125 0.2269965277777778 0.015625 0.05295138888888889
0 0.09326171875 0.2378472222222222 0.021484375 0.03125
0 0.123046875 0.23958333333333334 0.0263671875 0.03819444444444445
0 0.16357421875 0.23958333333333334 0.013671875 0.05381944444444445
0 0.47021484375 0.2439236111111111 0.020477294921875 0.036458333333333336
0 0.36572265625 0.2465277777777778 0.022491455078125 0.031195746527777776
0 0.4462890625 0.2465277777777778 0.03125 0.029513888888888888
0 0.3779296875 0.24739583333333334 0.01556396484375 0.043511284722222224
0 0.142578125 0.2543402777777778 0.013671875 0.026041666666666668
0 0.34423828125 0.2552083333333333 0.01275634765625 0.041666666666666664
0 0.1845703125 0.2595486111111111 0.0224609375 0.0400390625
0 0.11962890625 0.2595486111111111 0.0302734375 0.020833333333333332
0 0.21044921875 0.2647569444444444 0.0126953125 0.0400390625
0 0.3984375 0.2673611111111111 0.01763916015625 0.04871961805555555
0 0.24560546875 0.2673611111111111 0.0146484375 0.055609809027777776
0 0.48681640625 0.2682291666666667 0.012664794921875 0.041666666666666664
0 0.44873046875 0.2734375 0.030242919921875 0.019151475694444444
0 0.09130859375 0.2769097222222222 0.02734375 0.019205729166666668
0 0.2275390625 0.2777777777777778 0.01361083984375 0.048502604166666664
0 0.146484375 0.2795138888888889 0.0224609375 0.034613715277777776
0 0.3740234375 0.2821180555555556 0.021453857421875 0.043402777777777776
0 0.12060546875 0.2855902777777778 0.025390625 0.019205729166666668
0 0.0166015625 0.2890625 0.0166015625 0.046820746527777776
0 0.46728515625 0.2916666666666667 0.022491455078125 0.041666666666666664
0 0.49951171875 0.3055555555555556 0.026336669921875 0.020887586805555556
0 0.35693359375 0.3107638888888889 0.0244140625 0.03819444444444445
0 0.138671875 0.3116319444444444 0.0263671875 0.029568142361111112
0 0.20751953125 0.3159722222222222 0.01953125 0.04503038194444445
0 0.3154296875 0.3211805555555556 0.015625 0.050347222222222224
0 0.18505859375 0.3220486111111111 0.018524169921875 0.04513888888888889
0 0.005859375 0.3302951388888889 0.01171875 0.026909722222222224
0 0.3349609375 0.3315972222222222 0.01171875 0.04177517361111111
0 0.23583984375 0.3359375 0.018585205078125 0.039984809027777776
0 0.48095703125 0.3385416666666667 0.01470947265625 0.045247395833333336
0 0.50439453125 0.3385416666666667 0.02838134765625 0.03298611111111111
0 0.3681640625 0.3428819444444444 0.0205078125 0.046929253472222224
0 0.39599609375 0.3463541666666667 0.024444580078125 0.029459635416666668
0 0.5234375 0.3480902777777778 0.0205078125 0.043294270833333336
0 0.2001953125 0.3498263888888889 0.029266357421875 0.024305555555555556
0 0.28173828125 0.3506944444444444 0.0166015625 0.050347222222222224
0 0.04833984375 0.3506944444444444 0.0302734375 0.024197048611111112
0 0.25634765625 0.3524305555555556 0.018524169921875 0.04519314236111111
0 0.310546875 0.3532986111111111 0.015655517578125 0.05029296875
0 0.29638671875 0.3550347222222222 0.01849365234375 0.050238715277777776
0 0.0126953125 0.3585069444444444 0.0234375 0.03309461805555555
0 0.5517578125 0.3619791666666667 0.027374267578125 0.03651258680555555
0 0.4638671875 0.3680555555555556 0.01171875 0.041666666666666664
0 0.241455078125 0.3702256944444444 0.01318359375 0.03732638888888889
0 0.181884765625 0.3723958333333333 0.01708984375 0.03298611111111111
0 0.224365234375 0.3723958333333333 0.02099609375 0.03298611111111111
0 0.32568359375 0.3732638888888889 0.015625 0.03125
0 0.434326171875 0.3784722222222222 0.03564453125 0.020833333333333332
0 0.399658203125 0.375 0.02197265625 0.027777777777777776
0 0.0634765625 0.3784722222222222 0.0263671875 0.020833333333333332
0 0.0185546875 0.3849826388888889 0.0263671875 0.0078125
0 0.348388671875 0.3806423611111111 0.01220703125 0.016493055555555556
0 0.044189453125 0.3810763888888889 0.02587890625 0.015625
0 0.15625 0.006076388888888889 0.01171875 0.012152777777777778
0 0.04345703125 0.0026041666666666665 0.02734375 0.005208333333333333
0 0.477783203125 0.009982638888888888 0.01318359375 0.019965277777777776
0 0.418701171875 0.010416666666666666 0.01611328125 0.020833333333333332
0 0.462646484375 0.005208333333333333 0.01318359375 0.010416666666666666
0 0.204345703125 0.010850694444444444 0.02001953125 0.021701388888888888
0 0.102294921875 0.008680555555555556 0.02783203125 0.017361111111111112
0 0.544189453125 0.012152777777777778 0.02685546875 0.024305555555555556
0 0.18505859375 0.016927083333333332 0.0166015625 0.033854166666666664
0 0.2939453125 0.013888888888888888 0.021484375 0.027777777777777776
0 0.3779296875 0.01953125 0.0185546875 0.0390625
0 0.23388671875 0.019097222222222224 0.015625 0.03819444444444445
0 0.14111328125 0.018229166666666668 0.02734375 0.022569444444444444
0 0.57568359375 0.018229166666666668 0.0205078125 0.027777777777777776
0 0.012451171875 0.022135416666666668 0.02490234375 0.026909722222222224
0 0.5 0.022569444444444444 0.02734375 0.03298611111111111
0 0.2548828125 0.026041666666666668 0.021484375 0.017361111111111112
0 0.10595703125 0.030381944444444444 0.02734375 0.019151475694444444
0 0.44091796875 0.03993055555555555 0.026336669921875 0.024359809027777776
0 0.39404296875 0.03993055555555555 0.017578125 0.038140190972222224
0 0.58837890625 0.04079861111111111 0.009765625 0.0400390625
0 0.05859375 0.043402777777777776 0.027374267578125 0.024251302083333332
0 0.5478515625 0.04774305555555555 0.0244140625 0.034722222222222224
0 0.232421875 0.04861111111111111 0.0283203125 0.031141493055555556
0 0.494140625 0.05295138888888889 0.023406982421875 0.034722222222222224
0 0.3271484375 0.05642361111111111 0.0234375 0.03125
0 0.4208984375 0.058159722222222224 0.015625 0.046820746527777776
0 0.2890625 0.059027777777777776 0.0205078125 0.036458333333333336
0 0.26123046875 0.06076388888888889 0.0224609375 0.031304253472222224
0 0.1181640625 0.06076388888888889 0.019500732421875 0.03298611111111111
0 0.45166015625 0.0625 0.0234375 0.03477647569444445
0 0.56640625 0.0642361111111111 0.02734375 0.020833333333333332
0 0.01171875 0.06987847222222222 0.0234375 0.03211805555555555
0 0.16796875 0.07118055555555555 0.013702392578125 0.041666666666666664
0 0.0771484375 0.07725694444444445 0.009796142578125 0.041666666666666664
0 0.19775390625 0.07725694444444445 0.013671875 0.043511284722222224
0 0.23974609375 0.08159722222222222 0.0283203125 0.031195746527777776
0 0.04736328125 0.08246527777777778 0.0185546875 0.04334852430555555
0 0.3359375 0.0842013888888889 0.021453857421875 0.034722222222222224
0 0.12939453125 0.0859375 0.0263671875 0.022677951388888888
0 0.2119140625 0.0859375 0.00982666015625 0.050347222222222224
0 0.0927734375 0.09027777777777778 0.023468017578125 0.036458333333333336
0 0.8408203125 0.2708333333333333 0.015655517578125 0.046875
0 0.552734375 0.4058159722222222 0.02734375 0.03211805555555555
0 0.4453125 0.4409722222222222 0.0244140625 0.052191840277777776
0 0.593994140625 0.4991319444444444 0.01025390625 0.078125
0 0.5087890625 0.5173611111111112 0.017608642578125 0.06597222222222222
0 0.4375 0.5694444444444444 0.0146484375 0.058919270833333336
0 0.4638671875 0.5694444444444444 0.033233642578125 0.024251302083333332
0 0.49658203125 0.5729166666666666 0.0166015625 0.04513888888888889
0 0.44921875 0.6189236111111112 0.039093017578125 0.03125
0 0.5068359375 0.6189236111111112 0.0224609375 0.06770833333333333
0 0.48681640625 0.7256944444444444 0.017578125 0.059027777777777776
0 0.15966796875 0.9322916666666666 0.0361328125 0.04172092013888889
0 0.42822265625 0.9813368055555556 0.0166015625 0.035590277777777776
0 0.662109375 0.7795138888888888 0.0126953125 0.029513888888888888
2 0.79638671875 0.7890625 0.0185546875 0.029513888888888888
0 0.64306640625 0.7899305555555556 0.03131103515625 0.020941840277777776
0 0.84912109375 0.8315972222222222 0.0283203125 0.038248697916666664
0 0.82373046875 0.8420138888888888 0.01568603515625 0.027886284722222224