0 0.06067708333333333 0.022685185185185187 0.027604166666666666 0.04537037037037037
0 0.15963541666666667 0.03981481481481482 0.034895833333333334 0.07962962962962963
0 0.07353645833333333 0.027546296296296298 0.04842740885416667 0.027795717592592563
0 0.019010416666666665 0.04722222222222222 0.03802083333333333 0.053703703703703705
0 0.25383333333333336 0.05077777777777778 0.030217447916666747 0.03979629629629626
0 0.12123958333333332 0.07537037037037038 0.043747395833333334 0.12590740740740738
0 0.010416666666666666 0.08472222222222223 0.020833333333333332 0.11574074074074074
0 0.08868749999999999 0.09767592592592593 0.024990559895833306 0.08888831018518517
0 0.25455208333333335 0.11267592592592593 0.05260156249999994 0.08241550925925924
0 0.33481770833333335 0.12362962962962962 0.0500123697916667 0.1211898148148148
0 0.23941666666666664 0.1341111111111111 0.04791861979166671 0.1259363425925925
0 0.42526041666666664 0.14583333333333334 0.0484375 0.06759259259259259
0 0.44114583333333335 0.17777777777777778 0.016666666666666666 0.12962962962962962
0 0.03713020833333333 0.19874074074074072 0.039071614583333324 0.11576736111111106
0 0.16128125000000001 0.2305277777777778 0.04897395833333338 0.14437731481481483
0 0.05520833333333333 0.32175925925925924 0.04791666666666667 0.05462962962962963
0 0.3453125 0.3125 0.08229166666666667 0.07314814814814814
0 0.2520833333333333 0.33796296296296297 0.07083333333333333 0.022222222222222223
0 0.4276041666666667 0.020833333333333332 0.03229166666666667 0.041666666666666664
0 0.52734375 0.006481481481481481 0.0203125 0.012962962962962963
0 0.48723958333333334 0.007407407407407408 0.015104166666666667 0.014814814814814815
0 0.45364583333333336 0.018055555555555554 0.007291666666666667 0.03611111111111111
0 0.45546875 0.018055555555555554 0.0109375 0.03611111111111111
2 0.7201406250000001 0.805324074074074 0.014037760416666718 0.037018518518518534