0 0.14765625 0.11805555555555555 0.03229166666666667 0.16527777777777777
0 0.265625 0.17453703703703705 0.04088541666666667 0.13796296296296295
0 0.16276041666666666 0.17962962962962964 0.0578125 0.03425925925925926
0 0.09140625 0.019444444444444445 0.07317708333333334 0.03888888888888889
0 0.016927083333333332 0.2023148148148148 0.033854166666666664 0.04537037037037037
0 0.0796875 0.2037037037037037 0.08125 0.06620370370370371
0 0.37786458333333334 0.20833333333333334 0.0359375 0.049074074074074076
0 0.21979166666666666 0.23842592592592593 0.052083333333333336 0.15462962962962962
0 0.06380208333333333 0.25046296296296294 0.07213541666666666 0.1412037037037037
0 0.18098958333333334 0.2657407407407407 0.0296875 0.10925925925925926
0 0.37864583333333335 0.28425925925925927 0.06276041666666667 0.10138888888888889
0 0.47421875 0.29768518518518516 0.05963541666666667 0.14907407407407408
0 0.3606770833333333 0.3106481481481482 0.05703125 0.1550925925925926
0 0.59609375 0.324537037037037 0.08567708333333333 0.08194444444444444
0 0.6119791666666666 0.3638888888888889 0.041666666666666664 0.15833333333333333
0 0.04244791666666667 0.38935185185185184 0.07135416666666666 0.13425925925925927
0 0.11953125 0.3902777777777778 0.046614583333333334 0.1425925925925926
0 0.2674479166666667 0.42916666666666664 0.058333333333333334 0.17731481481481481
0 0.14114583333333333 0.549074074074074 0.05651041666666667 0.08194444444444444
0 0.4869791666666667 0.5550925925925926 0.09739583333333333 0.14027777777777778
0 0.6260416666666667 0.575462962962963 0.026041666666666668 0.07175925925925926
0 0.37604166666666666 0.6 0.08385416666666666 0.1037037037037037
0 0.30520833333333336 0.08842592592592592 0.03411458333333333 0.15601851851851853
0 0.4127604166666667 0.09027777777777778 0.05520833333333333 0.18009259259259258
0 0.5846354166666666 0.1 0.037760416666666664 0.1935185185185185
0 0.714890625 0.15196296296296297 0.027639322916666664 0.041656249999999985
0 0.9921875 0.3925925925925926 0.014583333333333334 0.03148148148148148
0 0.9469687499999999 0.47066666666666673 0.02080273437500004 0.03704861111111115
0 0.99453125 0.5009259259259259 0.009895833333333333 0.040740740740740744
0 0.94140625 0.5091111111111112 0.02244791666666662 0.035155092592592564
0 0.9602760416666667 0.5143888888888889 0.0135501302083334 0.05458564814814803
0 0.9605260416666667 0.524787037037037 0.0203372395833334 0.03519212962962957
0 0.673390625 0.5528333333333333 0.021350911458333337 0.03893460648148153
0 0.8355729166666667 0.5948055555555556 0.015616536458333267 0.02690393518518506
0 0.9089322916666667 0.5986666666666666 0.023972330729166557 0.04356365740740734
0 0.4036458333333333 0.7324074074074074 0.11067708333333333 0.03518518518518519
0 0.34869791666666666 0.787962962962963 0.11510416666666666 0.03888888888888889
0 0.15494791666666666 0.799537037037037 0.07526041666666666 0.050462962962962966
0 0.47942708333333334 0.8023148148148148 0.09947916666666666 0.032407407407407406
0 0.20833333333333334 0.8546296296296296 0.08125 0.034722222222222224
0 0.30755208333333334 0.7032407407407407 0.08802083333333334 0.034722222222222224
0 0.96328125 0.6712962962962963 0.0234375 0.024074074074074074
0 0.8648333333333333 0.6890277777777778 0.022393229166666608 0.04819907407407413
0 0.9760781250000001 0.698787037037037 0.016646484375000034 0.04163136574074081
0 0.9515729166666667 0.8120277777777778 0.01976822916666663 0.04445717592592594