0 0.13151041666666666 0.11064814814814815 0.028645833333333332 0.1550925925925926
0 0.23671875 0.1638888888888889 0.036458333333333336 0.12962962962962962
0 0.14505208333333333 0.16898148148148148 0.0515625 0.03194444444444444
0 0.08125 0.018518518518518517 0.065625 0.037037037037037035
0 0.015104166666666667 0.19074074074074074 0.030208333333333334 0.04259259259259259
0 0.07083333333333333 0.19166666666666668 0.07239583333333334 0.062037037037037036
0 0.33645833333333336 0.19583333333333333 0.03203125 0.04583333333333333
0 0.19583333333333333 0.22407407407407406 0.04635416666666667 0.14537037037037037
0 0.05677083333333333 0.2351851851851852 0.0640625 0.13240740740740742
0 0.16119791666666666 0.25 0.0265625 0.10277777777777777
0 0.3372395833333333 0.2671296296296296 0.055989583333333336 0.09537037037037037
0 0.42265625 0.2796296296296296 0.053125 0.1398148148148148
0 0.32135416666666666 0.29212962962962963 0.05078125 0.14537037037037037
0 0.5309895833333333 0.3050925925925926 0.07630208333333334 0.07685185185185185
0 0.5450520833333333 0.3421296296296296 0.03697916666666667 0.1486111111111111
0 0.037760416666666664 0.36574074074074076 0.06354166666666666 0.12638888888888888
0 0.10625 0.36666666666666664 0.04140625 0.1337962962962963
0 0.23828125 0.40324074074074073 0.052083333333333336 0.16666666666666666
0 0.12578125 0.5157407407407407 0.05026041666666667 0.07685185185185185
0 0.43385416666666665 0.5217592592592593 0.08697916666666666 0.13148148148148148
0 0.5575520833333333 0.5407407407407407 0.023177083333333334 0.06759259259259259
0 0.33489583333333334 0.5638888888888889 0.07473958333333333 0.09722222222222222
0 0.271875 0.08287037037037037 0.03046875 0.14675925925925926
0 0.36770833333333336 0.08518518518518518 0.04921875 0.16898148148148148
0 0.5208333333333334 0.09398148148148149 0.03359375 0.18194444444444444
0 0.16666666666666666 0.6365740740740741 0.020833333333333332 0.03425925925925926