0 0.018145833333333337 0.08936111111111113 0.02706347656250001 0.13424999999999995
0 0.11706770833333333 0.13546296296296298 0.03437402343750004 0.11206076388888889
0 0.030828124999999998 0.13958333333333334 0.048417317708333324 0.0278136574074074
0 0.211125 0.16281481481481483 0.0302128906250001 0.03980555555555551
0 0.07853124999999998 0.1874074074074074 0.043747395833333334 0.12590740740740738
0 0.045979166666666654 0.20971296296296296 0.02498111979166667 0.08888773148148145
0 0.21184375 0.22471296296296295 0.05259895833333334 0.08242361111111116
0 0.292109375 0.23566666666666666 0.05000618489583329 0.12124305555555555
0 0.19670833333333332 0.24614814814814812 0.04791861979166671 0.1259363425925925
0 0.36875 0.25787037037037036 0.020833333333333332 0.06759259259259259
0 0.00703125 0.3111111111111111 0.0140625 0.11666666666666667
0 0.11857291666666668 0.3425648148148148 0.04897395833333338 0.14437731481481483
0 0.018229166666666668 0.44027777777777777 0.036458333333333336 0.06759259259259259
0 0.30276041666666664 0.44509259259259265 0.08178255208333335 0.11392013888888894
0 0.209375 0.4787037037037037 0.07083333333333333 0.07962962962962963
0 0.150203125 0.06525 0.028658528645833313 0.12688310185185184
0 0.240625 0.07037037037037037 0.046875 0.14074074074074075
0 0.37395833333333334 0.07685185185185185 0.010416666666666666 0.1537037037037037
0 0.4309010416666667 0.16782407407407407 0.026039388020833224 0.028694444444444453
0 0.194875 0.6202962962962962 0.019778645833333403 0.02589699074074074
2 0.23759374999999996 0.6202962962962962 0.011445963541666633 0.029600694444444443
0 0.6199947916666667 0.9494537037037035 0.019793294270833192 0.05650925925925923
0 0.43116145833333336 0.9713703703703703 0.013023111979166776 0.04810069444444425
0 0.5127604166666667 0.9842592592592593 0.0296875 0.02962962962962963
0 0.6106770833333334 0.9916666666666667 0.028645833333333332 0.014814814814814815
2 0.7830729166666667 0.987037037037037 0.025520833333333333 0.024074074074074074