0 0.13619791666666667 0.10555555555555556 0.0296875 0.1476851851851852
0 0.24479166666666666 0.15601851851851853 0.037760416666666664 0.12314814814814815
0 0.15 0.16064814814814815 0.053125 0.030555555555555555
0 0.08411458333333334 0.017592592592592594 0.06822916666666666 0.03518518518518519
0 0.015625 0.1814814814814815 0.03125 0.040740740740740744
0 0.0734375 0.1824074074074074 0.075 0.05925925925925926
0 0.34817708333333336 0.18611111111111112 0.03333333333333333 0.04398148148148148
0 0.20260416666666667 0.21342592592592594 0.048177083333333336 0.13842592592592592
0 0.058854166666666666 0.22407407407407406 0.06640625 0.12638888888888888
0 0.16666666666666666 0.23796296296296296 0.02734375 0.09768518518518518
0 0.3489583333333333 0.25416666666666665 0.0578125 0.09074074074074075
0 0.43723958333333335 0.2662037037037037 0.054947916666666666 0.13333333333333333
0 0.33229166666666665 0.2777777777777778 0.05260416666666667 0.13842592592592592
0 0.5494791666666666 0.2902777777777778 0.07890625 0.07314814814814814
0 0.5640625 0.32592592592592595 0.03828125 0.14166666666666666
0 0.0390625 0.34814814814814815 0.06588541666666667 0.12037037037037036
0 0.11015625 0.3490740740740741 0.04296875 0.12731481481481483
0 0.24661458333333333 0.3837962962962963 0.05390625 0.1587962962962963
0 0.13020833333333334 0.4912037037037037 0.052083333333333336 0.07314814814814814
0 0.44895833333333335 0.49675925925925923 0.08984375 0.12546296296296297
0 0.5770833333333333 0.5148148148148148 0.023958333333333335 0.06435185185185185
0 0.34661458333333334 0.5365740740740741 0.07734375 0.09259259259259259
0 0.28125 0.0787037037037037 0.031510416666666666 0.1398148148148148
0 0.38046875 0.08101851851851852 0.051041666666666666 0.16111111111111112
0 0.5390625 0.08935185185185185 0.034895833333333334 0.17314814814814813
0 0.014401041666666654 0.669074074074074 0.011451822916666642 0.051836805555555546
0 0.1575260416666667 0.8715462962962963 0.017240885416666647 0.04172453703703704
0 0.10007291666666666 0.8752407407407408 0.028125 0.03335879629629643
0 0.16133333333333333 0.9031666666666667 0.013522135416666714 0.028800925925925733
0 0.09211458333333335 0.9056018518518518 0.015585286458333413 0.02314120370370376
0 0.00390625 0.9064814814814814 0.0078125 0.05
0 0.0921875 0.9206944444444445 0.008354817708333328 0.0407280092592594
0 0.07781249999999999 0.9399722222222222 0.0135377604166667 0.04444733796296292
0 0.08693749999999997 0.9597037037037037 0.011474283854166718 0.045318287037036956
0 0.5940104166666667 0.8861111111111111 0.008854166666666666 0.04814814814814815