0 0.06789583333333334 0.08133333333333334 0.030217447916666747 0.03979629629629626
0 0.06861458333333334 0.1432314814814815 0.05259895833333334 0.08242361111111114
0 0.14888020833333335 0.15418518518518518 0.05000618489583329 0.12124305555555555
0 0.05347916666666664 0.16466666666666666 0.04791861979166671 0.1259363425925925
0 0.22708333333333333 0.1763888888888889 0.023958333333333335 0.06759259259259259
0 0.159375 0.3527777777777778 0.08229166666666667 0.09259259259259259
0 0.06614583333333333 0.37824074074074077 0.07083333333333333 0.041666666666666664
0 0.010677083333333334 0.024074074074074074 0.021354166666666667 0.04814814814814815
0 0.09739583333333333 0.02962962962962963 0.046875 0.05925925925925926
0 0.5799479166666667 0.3434444444444444 0.012973307291666696 0.025868055555555554
2 0.6216197916666667 0.3477592592592593 0.010914388020833362 0.028655671296296405
0 0.23151041666666666 0.45925925925925926 0.015104166666666667 0.05185185185185185
0 0.6575572916666667 0.7537777777777778 0.01505794270833339 0.02953356481481482