0 0.5317708333333333 0.0875 0.07630208333333334 0.06574074074074074
0 0.5036458333333333 0.12037037037037036 0.07916666666666666 0.0587962962962963
0 0.22994791666666667 0.1587962962962963 0.08567708333333333 0.055092592592592596
0 0.05390625 0.2587962962962963 0.08880208333333334 0.07037037037037037
2 0.30416666666666664 0.2916666666666667 0.07630208333333334 0.07037037037037037
0 0.18229166666666666 0.34953703703703703 0.039322916666666666 0.038425925925925926
0 0.48125 0.3861111111111111 0.08151041666666667 0.08472222222222223
0 0.01015625 0.575 0.0203125 0.05555555555555555
0 0.16196354166666668 0.7335555555555555 0.022967447916666592 0.05279513888888885
0 0.22760416666666666 0.7363425925925926 0.014559570312500015 0.030546296296296304
0 0.20494270833333333 0.7483703703703704 0.01723697916666668 0.05279513888888885
0 0.9598020833333334 0.5837129629629629 0.026568359374999892 0.036166666666666826