0 0.7834010416666667 0.05275 0.014828125000000015 0.046870370370370375
0 0.12708333333333333 0.5074074074074074 0.02734375 0.15
0 0.22838541666666667 0.5587962962962963 0.03515625 0.1259259259259259
0 0.14010416666666667 0.5634259259259259 0.049479166666666664 0.03148148148148148
0 0.07838541666666667 0.41759259259259257 0.062239583333333334 0.034722222222222224
0 0.014583333333333334 0.5842592592592593 0.029166666666666667 0.040740740740740744
0 0.06848958333333334 0.5856481481481481 0.06979166666666667 0.05925925925925926
0 0.32473958333333336 0.5893518518518519 0.030989583333333334 0.044444444444444446
0 0.18880208333333334 0.6171296296296296 0.04479166666666667 0.14074074074074075
0 0.054947916666666666 0.6277777777777778 0.06197916666666667 0.12824074074074074
0 0.15546875 0.6421296296296296 0.025520833333333333 0.09953703703703703
0 0.3255208333333333 0.6587962962962963 0.05390625 0.09259259259259259
0 0.4078125 0.6708333333333333 0.05130208333333333 0.13472222222222222
0 0.31015625 0.6828703703703703 0.04921875 0.1412037037037037
0 0.5127604166666667 0.6958333333333333 0.0734375 0.075
0 0.5263020833333333 0.7314814814814815 0.035416666666666666 0.1439814814814815
0 0.036458333333333336 0.7541666666666667 0.06145833333333333 0.12268518518518519
0 0.10260416666666666 0.7550925925925925 0.04010416666666667 0.1300925925925926
0 0.22994791666666667 0.7907407407407407 0.05026041666666667 0.16111111111111112
0 0.12135416666666667 0.899537037037037 0.04869791666666667 0.07453703703703704
0 0.41875 0.9055555555555556 0.08411458333333334 0.12824074074074074
0 0.5385416666666667 0.9236111111111112 0.02265625 0.06435185185185185
0 0.32317708333333334 0.9458333333333333 0.07213541666666666 0.09444444444444444
0 0.2625 0.48009259259259257 0.0296875 0.1425925925925926
0 0.35494791666666664 0.4824074074074074 0.04765625 0.1638888888888889
0 0.5028645833333333 0.49074074074074076 0.03229166666666667 0.1763888888888889
0 0.65509375 0.7898981481481481 0.02230729166666666 0.03782407407407409
2 0.583296875 0.7980740740740742 0.019338541666666664 0.03750925925925925
0 0.8804635416666666 0.8851666666666667 0.012583333333333375 0.03812037037037039
0 0.8505364583333334 0.9086296296296297 0.009140624999999977 0.02744444444444454
0 0.897140625 0.911861111111111 0.01338541666666669 0.024694444444444512
0 0.8625833333333333 0.9185648148148148 0.024885416666666653 0.021175925925925824
0 0.8293645833333334 0.9224629629629629 0.01079687500000001 0.04762037037037043
0 0.873828125 0.9380277777777778 0.01975000000000004 0.03600925925925935
0 0.828640625 0.9394444444444444 0.024380208333333306 0.04562037037037035
2 0.8808958333333334 0.9439722222222222 0.021036458333333386 0.03611111111111111
0 0.840578125 0.9620000000000001 0.01463020833333329 0.03819444444444445
0 0.7250677083333333 0.42497222222222225 0.014828125000000015 0.046870370370370375