0 0.6739583333333333 0.031555555555555594 0.021499999999999984 0.0452037037037037
0 0.6321093750000001 0.03664814814814819 0.024697916666666646 0.03872222222222221
0 0.7438489583333333 0.042814814814814826 0.026901041666666684 0.0325462962962963
0 0.6950572916666666 0.05794444444444448 0.020984374999999982 0.040898148148148156
0 0.6514739583333333 0.059796296296296333 0.01715104166666664 0.029787037037037046
0 0.6624114583333333 0.07368518518518523 0.025557291666666693 0.035351851851851857
0 0.6334114583333333 0.08355555555555556 0.014802083333333311 0.02671296296296296
0 0.16241666666666668 0.7385 0.016119791666666692 0.04274999999999996
2 0.7028645833333333 0.3773148148148148 0.0296875 0.03611111111111111
0 0.6940833333333333 0.4919074074074074 0.016385416666666687 0.0585
0 0.7502552083333334 0.5193703703703705 0.013416666666666662 0.02454629629629629
0 0.7880208333333333 0.5511574074074074 0.024343750000000004 0.047379629629629647
0 0.8179739583333333 0.5999166666666667 0.02410937499999998 0.033787037037037046
0 0.7967864583333333 0.6190462962962964 0.014093749999999971 0.042416666666666616
0 0.8125 0.6636481481481482 0.027463541666666678 0.018648148148148136
0 0.8478385416666666 0.6650370370370371 0.01824999999999998 0.058194444444444465
0 0.7993958333333334 0.6861481481481481 0.011947916666666695 0.04514814814814814
0 0.8141510416666667 0.6891018518518519 0.025203125000000052 0.026972222222222217
0 0.5984947916666667 0.7093148148148147 0.01693229166666666 0.03221296296296293
0 0.8286510416666667 0.724287037037037 0.026416666666666682 0.03437037037037038
0 0.7727395833333333 0.7866203703703704 0.013854166666666619 0.05163888888888887
0 0.6209791666666666 0.8640833333333333 0.02092187499999998 0.04729629629629623