0 0.09609375 0.2949074074074074 0.028645833333333332 0.010185185185185186
0 0.3826510416666667 0.5198333333333334 0.03262500000000005 0.03102777777777777
0 0.6844270833333332 0.576462962962963 0.01743750000000001 0.054768518518518494
0 0.32821874999999995 0.5975185185185186 0.02058854166666665 0.03712962962962965
0 0.41832812500000005 0.6230555555555556 0.019614583333333376 0.046740740740740756
0 0.378390625 0.6281481481481481 0.01473958333333331 0.04025925925925928
0 0.32265625 0.635962962962963 0.022812499999999975 0.03494444444444445
0 0.34152604166666667 0.6412407407407407 0.013609375000000057 0.05427777777777778
0 0.3417760416666667 0.6516388888888889 0.020510416666666722 0.03524074074074069
0 0.05464062500000001 0.6796851851851852 0.021302083333333336 0.039620370370370334
0 0.21682291666666664 0.7216574074074074 0.015557291666666669 0.02726851851851856
0 0.29018229166666665 0.7255185185185185 0.0241822916666667 0.04424074074074071