0 0.8878697916666667 0.4684259259259259 0.018385416666666644 0.04585185185185184
0 0.19713541666666667 0.7845185185185185 0.017848958333333324 0.05112962962962966
0 0.08522395833333334 0.8923703703703704 0.01743229166666668 0.05017592592592598
0 0.7776041666666667 0.6444444444444445 0.016666666666666666 0.02962962962962963
0 0.619671875 0.6888240740740741 0.026661458333333346 0.04862962962962964
0 0.7191666666666666 0.7284814814814815 0.020249999999999997 0.044611111111111115
0 0.83515625 0.78325 0.014729166666666653 0.04861111111111111
0 0.7551145833333334 0.7926666666666667 0.027552083333333352 0.03595370370370369
2 0.8631979166666668 0.8516111111111111 0.01981770833333331 0.05383333333333332
0 0.8221354166666667 0.8804629629629629 0.019656250000000004 0.03562037037037039
0 0.9219739583333334 0.8817037037037038 0.02830729166666662 0.026981481481481467
0 0.8998385416666667 0.8918796296296296 0.014572916666666677 0.04611111111111107
0 0.765625 0.9953703703703703 0.025 0.007407407407407408