2 0.6673645833333334 0.18355555555555556 0.028151041666666644 0.07698148148148147
0 0.3684895833333333 0.6111111111111112 0.09322916666666667 0.08333333333333333
0 0.0734375 0.5976851851851852 0.041666666666666664 0.05648148148148148
0 0.046505208333333346 0.6277314814814815 0.056963541666666666 0.10874074074074074
0 0.15026041666666667 0.6754629629629629 0.06822916666666666 0.21203703703703702
0 0.10033854166666666 0.6977685185185184 0.04589583333333334 0.1823333333333333
0 0.0125 0.6990740740740741 0.025 0.10555555555555556
0 0.0484375 0.734212962962963 0.05709895833333333 0.1194166666666667
0 0.023177083333333334 0.8 0.04635416666666667 0.08518518518518518
0 0.13619270833333333 0.8085277777777778 0.07550520833333335 0.08761111111111111
0 0.06994270833333334 0.834287037037037 0.06857812499999998 0.0859444444444444
0 0.14059895833333333 0.8854444444444444 0.05706770833333334 0.1322407407407407
0 0.06715104166666667 0.9271111111111111 0.09090104166666665 0.1310555555555555
2 0.678390625 0.7108796296296296 0.012651041666666647 0.03318518518518521