0 0.44609375 0.09722222222222222 0.08020833333333334 0.08611111111111111
0 0.384375 0.11064814814814815 0.05130208333333333 0.11805555555555555
0 0.64453125 0.11342592592592593 0.07473958333333333 0.041666666666666664
0 0.9666666666666667 0.12175925925925926 0.045572916666666664 0.04675925925925926
0 0.53828125 0.12638888888888888 0.08463541666666667 0.07222222222222222
0 0.39010416666666664 0.014814814814814815 0.030208333333333334 0.02962962962962963
0 0.67890625 0.015277777777777777 0.053385416666666664 0.03009259259259259
0 0.7197916666666667 0.15046296296296297 0.05520833333333333 0.043055555555555555
0 0.6768229166666667 0.15324074074074073 0.04244791666666667 0.0587962962962963
0 0.9713541666666666 0.17083333333333334 0.053385416666666664 0.0875
0 0.6208333333333333 0.18055555555555555 0.06510416666666667 0.08518518518518518
0 0.7713541666666667 0.01898148148148148 0.037760416666666664 0.0375
0 0.7453125 0.18425925925925926 0.05755208333333333 0.05
0 0.6622395833333333 0.1875 0.03723958333333333 0.0962962962962963
0 0.43255208333333334 0.19537037037037036 0.06536458333333334 0.075
0 0.7908854166666667 0.20787037037037037 0.053385416666666664 0.05277777777777778
0 0.5447916666666667 0.21666666666666667 0.03671875 0.1111111111111111
0 0.6046875 0.2273148148148148 0.06432291666666666 0.08703703703703704
0 0.33828125 0.2324074074074074 0.03697916666666667 0.08148148148148149
0 0.9575520833333333 0.23472222222222222 0.058854166666666666 0.08888888888888889
0 0.7901041666666667 0.24768518518518517 0.040625 0.12314814814814815
0 0.7401041666666667 0.2523148148148148 0.04375 0.0837962962962963
0 0.6838541666666667 0.25601851851851853 0.06536458333333334 0.03564814814814815
0 0.8911458333333333 0.02638888888888889 0.034895833333333334 0.052314814814814814
0 0.4908854166666667 0.2625 0.058333333333333334 0.05138888888888889
0 0.58828125 0.2884259259259259 0.05390625 0.08194444444444444
0 0.8263020833333333 0.031018518518518518 0.06588541666666667 0.062037037037037036
0 0.4328125 0.30648148148148147 0.04505208333333333 0.10740740740740741
0 0.8015625 0.30972222222222223 0.06276041666666667 0.041666666666666664
0 0.3609375 0.3101851851851852 0.08229166666666667 0.06111111111111111
0 0.98359375 0.31296296296296294 0.032552083333333336 0.047685185185185185
0 0.51328125 0.31805555555555554 0.07604166666666666 0.09814814814814815
3 0.6807291666666667 0.3199074074074074 0.12369791666666667 0.08148148148148149
0 0.7505208333333333 0.32037037037037036 0.024479166666666666 0.05925925925925926
0 0.5205729166666667 0.03287037037037037 0.04010416666666667 0.06574074074074074
0 0.5708333333333333 0.03425925925925926 0.06770833333333333 0.06851851851851852
0 0.9317708333333333 0.33935185185185185 0.07890625 0.06435185185185185
0 0.4869791666666667 0.03564814814814815 0.071875 0.0712962962962963
0 0.7934895833333333 0.35833333333333334 0.048177083333333336 0.05185185185185185
2 0.3346354166666667 0.03611111111111111 0.0296875 0.07175925925925926
0 0.6247395833333333 0.3587962962962963 0.03229166666666667 0.07824074074074074
0 0.5463541666666667 0.3712962962962963 0.0875 0.05555555555555555
0 0.6786458333333333 0.39351851851851855 0.062239583333333334 0.06620370370370371
0 0.6255208333333333 0.0412037037037037 0.029947916666666668 0.08194444444444444
0 0.3880208333333333 0.43333333333333335 0.04479166666666667 0.09861111111111111
0 0.65625 0.44212962962962965 0.10234375 0.06944444444444445
0 0.8044270833333333 0.4527777777777778 0.0828125 0.07222222222222222
0 0.9583333333333334 0.04675925925925926 0.03619791666666667 0.08287037037037037
0 0.6080729166666666 0.5083333333333333 0.03307291666666667 0.13657407407407407
0 0.459375 0.06527777777777778 0.057291666666666664 0.05185185185185185
0 0.9143229166666667 0.0837962962962963 0.02890625 0.06898148148148148
0 0.6950520833333333 0.08842592592592592 0.07447916666666667 0.056018518518518516
2 0.12772916666666667 0.8530185185185185 0.17117708333333337 0.20645370370370372
0 0.75546875 0.6050925925925926 0.0265625 0.030555555555555555
0 0.334375 0.6152777777777778 0.027083333333333334 0.05092592592592592
0 0.39222916666666663 0.6517777777777779 0.023208333333333334 0.05787962962962962
0 0.597296875 0.7704351851851853 0.023494791666666643 0.05260185185185185
0 0.6625885416666667 0.7738333333333334 0.027921874999999947 0.029768518518518496
0 0.7144114583333334 0.7864907407407407 0.023635416666666725 0.02640740740740739
2 0.6918437500000001 0.7929722222222222 0.014614583333333304 0.04677777777777776
0 0.5583177083333334 0.8745925925925926 0.018338541666666687 0.05944444444444449
0 0.5828854166666666 0.8849351851851852 0.031489583333333356 0.02581481481481481