0 0.5946041666666666 0.2206111111111111 0.021593750000000005 0.04183333333333331
0 0.6273385416666667 0.24282407407407408 0.022000000000000006 0.049240740740740724
0 0.6626666666666667 0.29065740740740736 0.018791666666666658 0.052314814814814814
0 0.68359375 0.32229629629629636 0.02798958333333334 0.030712962962962925
2 0.619 0.32831481481481484 0.021755208333333338 0.053537037037037084
0 0.7270052083333333 0.3364907407407407 0.022723958333333332 0.040879629629629606
0 0.7927239583333333 0.3573148148148148 0.016322916666666683 0.056000000000000015
2 0.5893229166666667 0.3578703703703704 0.019270833333333334 0.06018518518518518
0 0.69546875 0.36086111111111113 0.025557291666666662 0.03545370370370367
2 0.6706354166666666 0.36686111111111114 0.01683333333333333 0.0393425925925926
0 0.99375 0.36944444444444446 0.011458333333333333 0.05555555555555555
0 0.6822239583333333 0.38295370370370374 0.011848958333333333 0.04937037037037042
0 0.6662864583333333 0.4068333333333333 0.01977604166666668 0.049046296296296324
0 0.9330260416666667 0.4242870370370371 0.015671874999999957 0.045490740740740734
0 0.6551197916666667 0.46209259259259255 0.015062500000000008 0.04516666666666664
0 0.5908854166666667 0.4671296296296296 0.022395833333333334 0.021296296296296296
0 0.6584166666666665 0.5304444444444444 0.02166145833333335 0.046694444444444504
0 0.14522395833333335 0.7439166666666667 0.018270833333333354 0.05044444444444446
0 0.19228125 0.8076388888888889 0.027932291666666664 0.019592592592592616
0 0.16209895833333335 0.8332314814814815 0.01171354166666667 0.026703703703703705
0 0.19935937499999998 0.844037037037037 0.02507812499999999 0.03349074074074073
0 0.1725520833333333 0.8550092592592592 0.009218750000000024 0.04029629629629628
0 0.16207291666666665 0.8622037037037037 0.022625000000000027 0.032148148148148176
0 0.18910937500000002 0.8831481481481481 0.018479166666666675 0.043777777777777756