0 0.657296875 0.4938055555555555 0.03621875000000001 0.028759259259259262
0 0.7236302083333332 0.5207592592592593 0.038322916666666686 0.03822222222222222
0 0.7364739583333333 0.5919444444444444 0.02904687499999999 0.02749999999999999
0 0.9546197916666667 0.5974907407407407 0.037890625 0.03367592592592593
0 0.754125 0.5984166666666666 0.02638020833333332 0.026879629629629604
0 0.7762916666666667 0.6138518518518519 0.02440104166666668 0.033055555555555546
0 0.910578125 0.6638425925925926 0.041390625000000014 0.041675925925925915
0 0.6664999999999999 0.6787592592592592 0.013645833333333328 0.04064814814814813
0 0.9450677083333333 0.6818425925925926 0.035463541666666626 0.059157407407407395
0 0.8548958333333334 0.6933703703703703 0.03835937500000005 0.037759259259259235
0 0.7519270833333334 0.69625 0.02201041666666666 0.05092592592592592
0 0.8186614583333333 0.6983055555555556 0.017281250000000005 0.059981481481481455
0 0.7727604166666667 0.7306018518518518 0.02660416666666669 0.025824074074074062
0 0.7521041666666667 0.74675 0.02027083333333331 0.049472222222222174
0 0.7858437500000001 0.7562222222222222 0.026833333333333324 0.028898148148148183
0 0.8188958333333333 0.7701018518518519 0.03580208333333334 0.033212962962962965
0 0.6811979166666667 0.9028055555555555 0.013895833333333336 0.05169444444444443
0 0.6551510416666666 0.9371666666666667 0.02293750000000001 0.029055555555555657