0 0.6198697916666667 0.2811018518518518 0.027906250000000007 0.03503703703703707
0 0.6856770833333333 0.4159537037037037 0.023817708333333344 0.03438888888888888
0 0.6223020833333334 0.4346296296296296 0.014015624999999983 0.03283333333333337
0 0.289328125 0.6789259259259259 0.01786458333333331 0.03810185185185183
0 0.27031770833333335 0.6955925925925927 0.01079166666666668 0.024861111111111132
0 0.23784375 0.7199722222222222 0.025734374999999983 0.03871296296296296
0 0.23863020833333332 0.7383425925925926 0.016458333333333346 0.0338148148148148
0 0.8059947916666667 0.7194722222222222 0.02390625000000005 0.03583333333333332
0 0.8315468750000001 0.7354814814814814 0.0117552083333333 0.050018518518518504
0 0.8463697916666667 0.7452685185185185 0.019697916666666634 0.03618518518518517
0 0.8493489583333333 0.7843425925925925 0.022880208333333367 0.02944444444444443
0 0.7507708333333334 0.8056944444444444 0.02237500000000002 0.04855555555555561
0 0.8620156250000001 0.8154537037037037 0.016343750000000056 0.04110185185185184
0 0.8375104166666667 0.9286944444444445 0.019604166666666718 0.044546296296296306