0 0.91328125 0.02175925925925926 0.009895833333333333 0.04351851851851852
0 0.8890625 0.2199074074074074 0.016145833333333335 0.11805555555555555
0 0.94140625 0.23287037037037037 0.026302083333333334 0.08518518518518518
0 0.9708333333333333 0.024074074074074074 0.026822916666666665 0.047685185185185185
0 0.86640625 0.2375 0.012760416666666666 0.1375
0 0.7135416666666666 0.24953703703703703 0.026302083333333334 0.08564814814814815
0 0.7651041666666667 0.28564814814814815 0.024739583333333332 0.10925925925925926
0 0.9255208333333333 0.30092592592592593 0.01796875 0.11712962962962963
0 0.7354166666666667 0.30462962962962964 0.03333333333333333 0.07453703703703704
0 0.69296875 0.3055555555555556 0.027864583333333335 0.10601851851851851
0 0.8903645833333333 0.34120370370370373 0.016666666666666666 0.12731481481481483
0 0.94375 0.3675925925925926 0.027864583333333335 0.050462962962962966
0 0.68515625 0.387037037037037 0.03046875 0.06296296296296296
0 0.9328125 0.49212962962962964 0.010416666666666666 0.12916666666666668
0 0.9065104166666667 0.5541666666666667 0.021354166666666667 0.08657407407407407
0 0.9109375 0.6712962962962963 0.011458333333333333 0.07407407407407407
0 0.7388020833333333 0.6773148148148148 0.03177083333333333 0.062037037037037036
0 0.87265625 0.1087962962962963 0.02734375 0.06574074074074074
0 0.72578125 0.1111111111111111 0.018229166666666668 0.12638888888888888
0 0.05130208333333333 0.9935185185185185 0.0296875 0.011111111111111112
0 0.6898697916666666 0.9301574074074075 0.025843750000000002 0.02205555555555555