0 0.677078125 0.18741666666666665 0.029124999999999977 0.03286111111111112
0 0.018906249999999975 0.885425925925926 0.018812500000000003 0.06220370370370376
0 0.06883333333333332 0.8945277777777777 0.029994791666666677 0.03782407407407409
0 0.16641666666666666 0.9459074074074073 0.014744791666666639 0.06095370370370374
2 0.11519270833333331 0.9792407407407406 0.031052083333333334 0.02762037037037041
0 0.29270833333333335 0.9875 0.027083333333333334 0.023148148148148147
0 0.1015625 0.986574074074074 0.017708333333333333 0.025
0 0.2078125 0.9907407407407407 0.026041666666666668 0.016666666666666666
0 0.5221354166666666 0.7833333333333333 0.04869791666666667 0.04351851851851852
0 0.7265625 0.7976851851851852 0.041666666666666664 0.09259259259259259
0 0.51875 0.5504629629629629 0.013802083333333333 0.03564814814814815
0 0.8809895833333333 0.8939814814814815 0.06640625 0.06435185185185185