0 0.5508020833333334 0.06894444444444443 0.07000520833333332 0.08673148148148146
0 0.51484375 0.08287037037037037 0.009895833333333333 0.11944444444444445
0 0.7239791666666666 0.08564814814814815 0.06526041666666664 0.04171296296296297
0 0.9924479166666667 0.09351851851851851 0.0140625 0.04814814814814815
0 0.6313802083333333 0.09844444444444443 0.07398437499999999 0.07275
0 0.7898489583333334 0.12250000000000001 0.048098958333333316 0.04351851851851852
0 0.7521666666666665 0.12531481481481482 0.03707812500000003 0.05894444444444445
0 0.9927083333333333 0.14351851851851852 0.013541666666666667 0.08888888888888889
0 0.7035 0.1529074074074074 0.05677604166666666 0.08580555555555557
0 0.8348958333333333 0.004629629629629629 0.03333333333333333 0.009259259259259259
0 0.8121145833333333 0.15689814814814815 0.05013541666666666 0.05022222222222223
0 0.7395 0.16007407407407406 0.03257812499999998 0.09687037037037037
0 0.5389947916666666 0.16787962962962963 0.05716145833333333 0.07545370370370372
0 0.8518489583333333 0.18059259259259258 0.046651041666666636 0.0529351851851852
0 0.637 0.1892962962962963 0.03210416666666666 0.11174999999999997
0 0.6893541666666666 0.20019444444444445 0.05605729166666666 0.08778703703703704
0 0.9854166666666667 0.2074074074074074 0.028125 0.09074074074074075
0 0.8512395833333334 0.22034259259259262 0.03546874999999995 0.12372222222222222
0 0.8075208333333334 0.22542592592592592 0.038083333333333275 0.08450925925925924
0 0.7585000000000001 0.22870370370370371 0.05709895833333336 0.03602777777777775
0 0.9393229166666667 0.012037037037037037 0.030729166666666665 0.024074074074074074
0 0.58996875 0.2355925925925926 0.05091666666666666 0.05183333333333335
0 0.6750520833333333 0.2617314814814815 0.04706250000000001 0.08232407407407405
0 0.8828125 0.01712962962962963 0.058333333333333334 0.03425925925925926
0 0.5393020833333334 0.27961111111111114 0.039385416666666666 0.1082777777777778
0 0.8612447916666668 0.28288888888888886 0.05481770833333333 0.04202777777777777
0 0.609421875 0.2912314814814815 0.06643229166666667 0.09883333333333334
3 0.7556302083333333 0.29341666666666666 0.10795833333333332 0.0819722222222222
0 0.8166145833333334 0.29386111111111113 0.021364583333333322 0.05944444444444449
0 0.6161458333333333 0.01898148148148148 0.035416666666666666 0.03796296296296296
0 0.6596354166666667 0.01990740740740741 0.058854166666666666 0.03981481481481482
0 0.9697916666666667 0.3125 0.059375 0.06574074074074074
0 0.58671875 0.021296296296296296 0.06302083333333333 0.04259259259259259
0 0.8541979166666667 0.33181481481481484 0.04194791666666665 0.052027777777777826
0 0.7067083333333334 0.332537037037037 0.028104166666666687 0.07888888888888893
0 0.6384791666666667 0.3450648148148148 0.07633333333333332 0.056018518518518516
0 0.7539479166666666 0.36748148148148146 0.054338541666666657 0.06674074074074078
0 0.7075520833333333 0.027314814814814816 0.0265625 0.05462962962962963
0 0.51484375 0.4074074074074074 0.009895833333333333 0.1
0 0.7342812500000001 0.4161388888888889 0.08937499999999998 0.06965740740740742
0 0.8635937499999999 0.42692592592592593 0.07218229166666662 0.07284259259259256
0 0.990625 0.03009259259259259 0.017708333333333333 0.06018518518518518
0 0.6923125 0.483037037037037 0.028885416666666684 0.13737962962962968
0 0.5625364583333333 0.037101851851851844 0.049901041666666666 0.05212962962962964
0 0.9595104166666667 0.0557962962962963 0.02528645833333331 0.06919444444444443
0 0.7682447916666667 0.060231481481481476 0.06495833333333335 0.05624074074074075
0 0.3497395833333333 0.9879629629629629 0.021354166666666667 0.022222222222222223
0 0.32864583333333336 0.9879629629629629 0.01875 0.022222222222222223
0 0.7885416666666667 0.5675925925925925 0.027083333333333334 0.016666666666666666
0 0.7622395833333333 0.5675925925925925 0.030729166666666665 0.016666666666666666
2 0.7249947916666667 0.5892777777777779 0.023312499999999996 0.05324074074074074
2 0.6046614583333334 0.6506851851851851 0.024385416666666663 0.039027777777777786
0 0.7897604166666667 0.6662685185185185 0.022942708333333308 0.0239074074074074
0 0.8052135416666667 0.6883425925925926 0.018385416666666644 0.026407407407407404
2 0.6313177083333333 0.7025277777777778 0.03254166666666668 0.050129629629629614
0 0.777 0.7312314814814815 0.010911458333333356 0.0371574074074074
0 0.735671875 0.7323148148148148 0.013411458333333333 0.030055555555555537
0 0.7318541666666666 0.76425 0.03312500000000001 0.0180185185185185
0 0.652328125 0.7907962962962962 0.01968749999999999 0.04887037037037034
0 0.73515625 0.8310648148148148 0.023052083333333327 0.046083333333333316
0 0.8933333333333333 0.8978796296296296 0.01683854166666663 0.05933333333333337