0 0.5325520833333334 0.00787037037037037 0.018229166666666668 0.01574074074074074
0 0.8486979166666667 0.005092592592592593 0.0265625 0.010185185185185186
0 0.6983229166666667 0.12708333333333333 0.01814062500000002 0.03625925925925924
0 0.9619010416666666 0.14219444444444448 0.02136979166666665 0.059092592592592585
0 0.5648802083333333 0.14837037037037037 0.020619791666666682 0.03439814814814813
0 0.9006875000000001 0.15233333333333332 0.01282291666666661 0.043703703703703696
2 0.8856770833333333 0.16657407407407404 0.02147916666666667 0.022166666666666664
0 0.9131927083333333 0.17328703703703702 0.013609375000000057 0.030037037037037036
0 0.8725468749999999 0.19244444444444447 0.027046875000000033 0.03153703703703704
2 0.9127708333333333 0.19991666666666663 0.022531249999999996 0.034796296296296284
0 0.8844687499999999 0.20194444444444445 0.02180729166666661 0.03283333333333331
0 0.6951927083333334 0.20715740740740743 0.01519791666666664 0.050120370370370364
0 0.8807552083333333 0.23018518518518521 0.020010416666666704 0.03893518518518517
0 0.8235104166666666 0.2474351851851852 0.016895833333333363 0.04733333333333334
0 0.7981614583333333 0.26733333333333337 0.02176562499999998 0.04455555555555556
0 0.834796875 0.2748981481481481 0.01932291666666662 0.054120370370370416
0 0.5465625000000001 0.4506481481481482 0.010453124999999997 0.014879629629629677
0 0.6513020833333333 0.49953703703703706 0.028645833333333332 0.03796296296296296
0 0.3057239583333333 0.5604444444444444 0.023572916666666662 0.023361111111111114
0 0.23288541666666665 0.5724814814814815 0.028932291666666644 0.03262037037037036
0 0.07912500000000001 0.5919259259259259 0.017130208333333327 0.04557407407407407
0 0.23757291666666666 0.7108796296296296 0.025630208333333352 0.03575000000000001
0 0.2662760416666667 0.7311574074074074 0.016807291666666658 0.03447222222222224
0 0.25673958333333335 0.7458888888888888 0.009494791666666676 0.02541666666666668
0 0.26952604166666666 0.7487407407407407 0.020005208333333347 0.021611111111111116
0 0.24523958333333334 0.7526203703703703 0.010026041666666667 0.049842592592592605
0 0.07339583333333334 0.7530092592592592 0.015166666666666669 0.04182407407407406
0 0.46875 0.7912037037037037 0.020833333333333332 0.041666666666666664
2 0.4078802083333333 0.8184444444444444 0.028885416666666684 0.036037037037037
2 0.29805729166666667 0.8255740740740741 0.027427083333333376 0.03508333333333332
0 0.1844375 0.8476018518518518 0.026296875000000004 0.02174074074074076
0 0.38197916666666665 0.8537777777777779 0.015963541666666713 0.026842592592592602
0 0.4518697916666667 0.854175925925926 0.02648958333333328 0.030481481481481443
0 0.326984375 0.8651851851851852 0.02484895833333335 0.02639814814814814
2 0.43475520833333337 0.8681203703703704 0.01900000000000001 0.03935185185185185
0 0.37136979166666667 0.8922777777777777 0.015786458333333305 0.04256481481481484
0 0.1491875 0.9284537037037037 0.019713541666666678 0.057518518518518524
0 0.23843749999999997 0.9616296296296296 0.02038020833333333 0.04794444444444442
0 0.812921875 0.6900740740740741 0.020369791666666616 0.05668518518518521
0 0.6963281250000001 0.6996388888888889 0.014151041666666645 0.042481481481481474
0 0.9009427083333333 0.9006574074074074 0.013932291666666667 0.0470740740740741
0 0.8908802083333334 0.9599722222222222 0.01715625000000003 0.04055555555555551
0 0.9191145833333334 0.9621481481481481 0.01416666666666669 0.033111111111111105
0 0.8778541666666667 0.9660092592592592 0.01072916666666662 0.04246296296296297
0 0.8932291666666666 0.9787037037037037 0.01875 0.040740740740740744
2 0.8549479166666667 0.9814814814814815 0.025520833333333333 0.03518518518518519
0 0.8361979166666667 0.9875 0.016145833333333335 0.023148148148148147