0 0.30494791666666665 0.09398148148148149 0.09322916666666667 0.18796296296296297
0 0.015364583333333333 0.08611111111111111 0.030729166666666665 0.15
0 0.005729166666666666 0.16342592592592592 0.011458333333333333 0.11018518518518519
0 0.08688541666666669 0.2005185185185185 0.06768880208333335 0.23420833333333338
0 0.036796874999999986 0.2338796296296296 0.045841145833333326 0.18239814814814806
0 0.0067708333333333336 0.27037037037037037 0.013541666666666667 0.12037037037037036
0 0.07265104166666667 0.34463888888888894 0.07551888020833337 0.08791898148148136
0 0.020572916666666666 0.37037037037037035 0.04114583333333333 0.08703703703703704
0 0.07705729166666667 0.4215555555555555 0.05727766927083338 0.1323969907407407
0 0.024479166666666666 0.44305555555555554 0.04895833333333333 0.09166666666666666
0 0.6499010416666666 0.10099074074074078 0.023441080729166685 0.05189872685185193
0 0.7151927083333334 0.10438888888888889 0.02809960937499992 0.0296469907407407
0 0.7670156250000001 0.11704629629629627 0.02346223958333328 0.026796296296296138
2 0.7444479166666668 0.12352777777777775 0.0145872395833333 0.04716666666666651
0 0.6109218750000001 0.2051481481481481 0.018698567708333277 0.06009259259259268
0 0.6354895833333333 0.21549074074074076 0.03127994791666673 0.025912037037037153
0 0.7595520833333335 0.40774074074074074 0.017711588541666736 0.054674768518518664
0 0.3874166666666667 0.9608796296296296 0.024475911458333263 0.04446296296296295
0 0.3438333333333333 0.9681296296296296 0.01876367187500006 0.049122106481481374
0 0.6145833333333334 0.5018518518518519 0.022916666666666665 0.024074074074074074
2 0.54609375 0.5055555555555555 0.013020833333333334 0.03148148148148148
0 0.8398385416666667 0.5897962962962963 0.012966145833333324 0.038792824074074084
0 0.8099114583333333 0.6132592592592593 0.009360351562499977 0.026888888888889066
0 0.856515625 0.6164907407407407 0.01304361979166669 0.02498090277777768
0 0.8219583333333332 0.6231944444444444 0.024985677083333376 0.020471064814814696
0 0.7887395833333334 0.6270925925925925 0.01091992187500009 0.047271990740740774
0 0.833203125 0.6426574074074074 0.019786458333333336 0.03609837962962977
0 0.788015625 0.6440740740740741 0.0240110677083333 0.04540162037037021
2 0.8402708333333334 0.6486018518518518 0.02131445312500008 0.03611111111111111
0 0.7999531249999999 0.6666296296296297 0.014589192708333224 0.038802083333333334