0 0.12526041666666668 0.0837962962962963 0.0546875 0.1675925925925926
0 0.06591666666666667 0.1415 0.049498697916666674 0.19992824074074075
0 0.4368385416666667 0.18281481481481482 0.09272721354166673 0.2158391203703703
0 0.14184895833333336 0.18922222222222224 0.04114908854166668 0.14910532407407412
0 0.11473437500000001 0.26662037037037034 0.05678287760416669 0.10922685185185188
0 0.21865625000000002 0.3032962962962963 0.06768880208333337 0.23420833333333338
0 0.16856770833333332 0.3366574074074074 0.0458372395833333 0.18240277777777777
0 0.06136979166666667 0.3378425925925926 0.06353971354166665 0.10547800925925925
0 0.11666666666666667 0.3731018518518518 0.05726757812500001 0.11944097222222215
0 0.073671875 0.43898148148148153 0.08125097656250002 0.08517303240740746
0 0.204421875 0.4474166666666667 0.07551985677083337 0.08794097222222216
0 0.0640625 0.024074074074074074 0.09791666666666667 0.04814814814814815
0 0.138171875 0.4731759259259259 0.06872851562499994 0.08528009259259256
0 0.20859375 0.4981481481481482 0.0578125 0.08148148148148149
0 0.03203125 0.5125 0.0640625 0.05277777777777778
0 0.13515625 0.5194444444444445 0.09114583333333333 0.03888888888888889
2 0.7190104166666667 0.30833333333333335 0.10859375 0.12453703703703704