0 0.0125 0.0912037037037037 0.025 0.1824074074074074
0 0.309234375 0.19762962962962963 0.09272721354166673 0.2158391203703703
0 0.017447916666666667 0.2037037037037037 0.034895833333333334 0.15
0 0.0078125 0.2810185185185185 0.015625 0.11018518518518519
0 0.18958333333333333 0.012962962962962963 0.034375 0.025925925925925925
0 0.09105208333333335 0.3181111111111112 0.06769856770833332 0.23423379629629634
0 0.04096354166666665 0.3514722222222222 0.045841145833333326 0.18239814814814806
0 0.008854166666666666 0.38796296296296295 0.017708333333333333 0.12037037037037036
0 0.07681770833333333 0.4622314814814815 0.07551888020833337 0.08791898148148136
0 0.02265625 0.487962962962963 0.0453125 0.08703703703703704
0 0.08122395833333333 0.5391481481481482 0.05726367187500004 0.13238657407407403
0 0.0265625 0.5805555555555556 0.053125 0.13148148148148148
0 0.60390625 0.4036296296296296 0.012996744791666733 0.0314525462962963
0 0.03046875 0.9912037037037037 0.015104166666666667 0.01574074074074074
0 0.6044322916666667 0.9854074074074074 0.021331054687500028 0.02499131944444436
0 0.58359375 0.9856481481481482 0.019270833333333334 0.026851851851851852
2 0.9598958333333333 0.9861111111111112 0.021875 0.025925925925925925