0 0.23671875 0.06620370370370371 0.09322916666666667 0.13240740740740742
0 0.026302083333333334 0.14537037037037037 0.05260416666666667 0.2351851851851852
0 0.02109375 0.28888888888888886 0.0421875 0.08888888888888889
0 0.01875 0.32407407407407407 0.0375 0.05
0 0.70390625 0.11574074074074074 0.20338541666666668 0.09583333333333334
0 0.1465260416666667 0.7583981481481482 0.022919270833333272 0.050046875000000074
0 0.1551197916666667 0.7746111111111111 0.014060546874999958 0.037915509259259066
0 0.19071874999999996 0.7773888888888889 0.014571289062500032 0.050878472222222026
0 0.24593750000000003 0.7801666666666667 0.027061197916666658 0.03786805555555538
0 0.40255208333333337 0.8245925925925925 0.03489355468750001 0.03615682870370376
0 0.3736458333333334 0.8557592592592593 0.012504557291666647 0.050939814814814695