0 0.46432291666666664 0.040740740740740744 0.09322916666666667 0.08148148148148149
0 0.16927083333333334 0.027314814814814816 0.041666666666666664 0.05462962962962963
0 0.14233854166666668 0.0573611111111111 0.05678287760416669 0.10922685185185188
0 0.24609375 0.10601851851851851 0.06822916666666666 0.21203703703703702
0 0.196171875 0.12739814814814812 0.0458372395833333 0.18240277777777777
0 0.08897395833333334 0.12858333333333333 0.06353971354166665 0.10547800925925925
0 0.14427083333333332 0.16384259259259254 0.05726757812500001 0.1194409722222222
0 0.10127604166666666 0.22972222222222224 0.08125195312499998 0.08516087962962955
0 0.23202604166666668 0.23815740740740743 0.0755188802083334 0.08791898148148139
0 0.16577604166666668 0.26391666666666663 0.06872851562499994 0.08528009259259256
0 0.23643229166666666 0.31507407407407406 0.05726367187500004 0.13238657407407403
0 0.04583333333333333 0.32222222222222224 0.09166666666666666 0.09074074074074075
0 0.16276041666666666 0.34953703703703703 0.09114583333333333 0.1175925925925926
0 0.004166666666666667 0.5236111111111111 0.008333333333333333 0.04537037037037037
0 0.16180729166666666 0.6107222222222223 0.024491861979166765 0.041618634259259366
0 0.1553854166666667 0.6508425925925926 0.024998372395833357 0.020398148148148124
0 0.18212499999999998 0.6607222222222222 0.016121744791666615 0.034164351851851675
0 0.14123437499999997 0.6616481481481482 0.010391276041666586 0.02860879629629612
0 0.16380208333333332 0.674601851851852 0.015127604166666704 0.038009259259259215
0 0.28118750000000003 0.6866388888888889 0.015105468750000028 0.058425925925926055
2 0.05059374999999999 0.7042222222222222 0.0166380208333333 0.056572916666666764
0 0.15200000000000002 0.7113333333333334 0.027600911458333263 0.03239120370370377
0 0.11284374999999998 0.8015925925925926 0.015077473958333224 0.05371527777777782
0 0.92578125 0.73125 0.0109134114583334 0.029619791666666766
2 0.9668437500000001 0.7398888888888889 0.012498697916666756 0.031433449074074186