0 0.22760416666666666 0.08518518518518518 0.090625 0.17037037037037037
0 0.205265625 0.21050925925925928 0.08226757812499995 0.28426273148148146
0 0.26666666666666666 0.2574074074074074 0.025 0.2611111111111111
3 0.128921875 0.2683611111111111 0.05886588541666669 0.40646180555555567
0 0.044270833333333336 0.3875 0.08854166666666667 0.12685185185185185
0 0.240625 0.43657407407407406 0.07708333333333334 0.08425925925925926
0 0.04375 0.46111111111111114 0.0875 0.03518518518518519
0 0.03567708333333333 0.055092592592592596 0.07135416666666666 0.11018518518518519
0 0.39044270833333333 0.06627777777777781 0.025506835937500107 0.039862847222222116
0 0.466234375 0.08880555555555553 0.017734374999999976 0.040797453703703676
0 0.44774479166666664 0.1267685185185185 0.027591471354166567 0.03886053240740731
0 0.36465625 0.18138888888888888 0.031221354166666635 0.022276620370370294
0 0.32480729166666666 0.20082407407407407 0.020328124999999985 0.050026620370370534
0 0.15589583333333337 0.5983703703703703 0.02916959635416667 0.0342679398148149
0 0.7825520833333334 0.9912037037037037 0.0203125 0.01574074074074074