0 0.41354166666666664 0.044444444444444446 0.090625 0.08888888888888889
0 0.08046875 0.044444444444444446 0.1328125 0.08888888888888889
0 0.39140625 0.13564814814814816 0.0828125 0.2712962962962963
0 0.4747395833333333 0.17592592592592593 0.06927083333333334 0.2611111111111111
3 0.3151041666666667 0.15416666666666667 0.059375 0.30833333333333335
0 0.013020833333333334 0.20787037037037037 0.026041666666666668 0.20092592592592592
0 0.19661458333333334 0.27546296296296297 0.15572916666666667 0.06574074074074074
1 0.7518229166666667 0.020370370370370372 0.08385416666666666 0.040740740740740744
0 0.09201562499999998 0.7793981481481481 0.01924609375000005 0.040722222222222236
0 0.8192708333333333 0.45740740740740743 0.08489583333333334 0.07175925925925926
0 0.7770833333333333 0.5699074074074074 0.08828125 0.07824074074074074
0 0.6286458333333333 0.5935185185185186 0.05755208333333333 0.10231481481481482
0 0.87734375 0.5995370370370371 0.07604166666666666 0.06574074074074074
0 0.66953125 0.7055555555555556 0.062239583333333334 0.07037037037037037
0 0.7455729166666667 0.39814814814814814 0.06744791666666666 0.07037037037037037