0 0.04921875 0.06111111111111111 0.0921875 0.12222222222222222
0 0.48828125 0.06851851851851852 0.09114583333333333 0.13703703703703704
0 0.15286458333333333 0.10833333333333334 0.13255208333333332 0.05694444444444444
0 0.465625 0.16018518518518518 0.0828125 0.16620370370370371
0 0.55625 0.1875 0.08229166666666667 0.15185185185185185
3 0.3888020833333333 0.19398148148148148 0.059375 0.23703703703703705
0 0.06640625 0.22870370370370371 0.06354166666666666 0.16064814814814815
0 0.27005208333333336 0.26342592592592595 0.15625 0.07361111111111111
0 0.15572916666666667 0.03009259259259259 0.15208333333333332 0.06018518518518518
0 0.5411458333333333 0.3050925925925926 0.15625 0.075
0 0.28359375 0.3277777777777778 0.12578125 0.062037037037037036
0 0.4395833333333333 0.3439814814814815 0.07395833333333333 0.02962962962962963
0 0.57265625 0.05092592592592592 0.09322916666666667 0.10185185185185185
0 0.26536458333333335 0.05092592592592592 0.13072916666666667 0.10185185185185185
0 0.7315104166666667 0.24807407407407403 0.012972656250000015 0.03142361111111111
0 0.0795625 0.4243148148148148 0.02345052083333332 0.05465162037037043
0 0.23331770833333335 0.5826296296296296 0.02294205729166663 0.05278645833333342
0 0.2989583333333333 0.5854166666666667 0.014559570312500015 0.030546296296296304
0 0.276296875 0.5974444444444444 0.0172122395833334 0.05278645833333342
0 0.9289114583333333 0.5824351851851851 0.023496093749999978 0.03526620370370368
0 0.9544635416666668 0.5984444444444443 0.011965169270833442 0.05000115740740743
0 0.9692864583333333 0.6082314814814814 0.01978580729166666 0.03611574074074074
0 0.972265625 0.6473055555555555 0.022914388020833343 0.02961805555555562
0 0.8736875000000001 0.6686574074074074 0.02239453124999997 0.04817361111111114
0 0.9849322916666667 0.6784166666666667 0.01662630208333328 0.04159606481481485
0 0.9604270833333334 0.7916574074074074 0.019779947916666648 0.04445081018518522
0 0.8927083333333333 0.9898148148148148 0.01875 0.018518518518518517