0 0.03984375 0.12083333333333333 0.07447916666666667 0.2412037037037037
0 0.39348958333333334 0.13472222222222222 0.07317708333333334 0.2689814814814815
0 0.12317708333333334 0.21388888888888888 0.10703125 0.11203703703703703
0 0.37578125 0.31666666666666665 0.06692708333333333 0.3277777777777778
0 0.44869791666666664 0.37037037037037035 0.06640625 0.3
3 0.3138020833333333 0.38333333333333336 0.04791666666666667 0.46805555555555556
0 0.053385416666666664 0.45092592592592595 0.05130208333333333 0.31712962962962965
0 0.21770833333333334 0.5203703703703704 0.12604166666666666 0.14537037037037037
0 0.12552083333333333 0.05925925925925926 0.12265625 0.11851851851851852
0 0.43645833333333334 0.6027777777777777 0.12604166666666666 0.14629629629629629
0 0.22890625 0.6467592592592593 0.1015625 0.12268518518518519
0 0.3546875 0.6787037037037037 0.05963541666666667 0.0587962962962963
0 0.46197916666666666 0.10046296296296296 0.07526041666666666 0.20092592592592592
0 0.2140625 0.1 0.10494791666666667 0.19953703703703704
0 0.8440104166666667 0.29953703703703705 0.03697916666666667 0.0787037037037037
2 0.634375 0.39444444444444443 0.04895833333333333 0.059722222222222225
2 0.715625 0.3976851851851852 0.05416666666666667 0.05324074074074074
0 0.55703125 0.4101851851851852 0.050520833333333334 0.07175925925925926
0 0.7838541666666666 0.47453703703703703 0.027604166666666666 0.0587962962962963
2 0.9338541666666667 0.10231481481481482 0.042708333333333334 0.0875
0 0.16694270833333333 0.7780185185185186 0.051555013020833346 0.09446238425925924