0 0.3109375 0.08403954802259887 0.090625 0.16807909604519775
0 0.022135416666666668 0.1306497175141243 0.044270833333333336 0.0748587570621469
0 0.2885989583333333 0.1986935028248588 0.08226757812499995 0.2168105579096045
0 0.36328125 0.2344632768361582 0.0515625 0.19915254237288135
3 0.2122552083333333 0.24281779661016947 0.05886588541666669 0.3100132415254238
0 0.09415624999999998 0.3334816384180791 0.15520247395833334 0.09599487994350277
0 0.028385416666666666 0.03425141242937853 0.05677083333333333 0.06850282485875706
0 0.3372395833333333 0.3838276836158192 0.10364583333333334 0.08968926553672317
0 0.10807291666666667 0.4025423728813559 0.12552083333333333 0.052259887005649715
0 0.2630208333333333 0.423728813559322 0.07395833333333333 0.009887005649717515
0 0.36875 0.0614406779661017 0.040625 0.1228813559322034
0 0.08984375 0.061087570621468926 0.1296875 0.12217514124293785
0 0.428125 0.1082274011299435 0.019767578125000067 0.027535310734463282
0 0.159375 0.525776836158192 0.17916666666666667 0.19279661016949154
0 0.34479166666666666 0.6094632768361582 0.08854166666666667 0.3601694915254237
0 0.40078125 0.739406779661017 0.022395833333333334 0.022598870056497175