0 0.29635416666666664 0.14166666666666666 0.08125 0.06851851851851852
0 0.2559895833333333 0.24861111111111112 0.08463541666666667 0.075
0 0.11380208333333333 0.2712962962962963 0.05520833333333333 0.09768518518518518
0 0.35208333333333336 0.27685185185185185 0.07291666666666667 0.06296296296296296
0 0.153125 0.37824074074074077 0.05963541666666667 0.06712962962962964
0 0.22578125 0.08472222222222223 0.06458333333333334 0.06712962962962964
0 0.6023385416666667 0.4690555555555556 0.0265380859375 0.039862847222222116
0 0.618140625 0.5613333333333334 0.028641276041666566 0.026834490740740784
0 0.641578125 0.5747592592592593 0.02031477864583344 0.035193287037037
0 0.592265625 0.578462962962963 0.025013997395833223 0.020362268518518554
0 0.6534739583333333 0.580462962962963 0.02449218749999993 0.03706423611111097
0 0.07569270833333336 0.9583981481481483 0.02500227864583344 0.027825231481481676
0 0.10494791666666667 0.9773796296296298 0.017234375000000076 0.023241898148148088
0 0.16640625 0.9902777777777778 0.0171875 0.017592592592592594
0 0.023958333333333335 0.9930555555555556 0.026041666666666668 0.012037037037037037