0 0.5113489583333333 0.0855925925925926 0.013989583333333337 0.051444444444444445
0 0.6233437500000001 0.20795370370370367 0.02869270833333335 0.03505555555555557
0 0.630203125 0.22046296296296297 0.022265625 0.01957407407407406
0 0.5183802083333333 0.274 0.016744791666666668 0.04861111111111111
0 0.5310572916666667 0.28140740740740744 0.024723958333333334 0.0375
0 0.7083385416666667 0.32708333333333334 0.03057812500000002 0.032555555555555525
0 0.6447031249999999 0.35454629629629625 0.02236458333333336 0.02822222222222224
0 0.6684895833333333 0.34675925925925927 0.019270833333333334 0.04351851851851852
0 0.6919270833333333 0.3611111111111111 0.0109375 0.014814814814814815
0 0.61640625 0.36527777777777776 0.021354166666666667 0.006481481481481481
0 0.7106770833333333 0.3648148148148148 0.0296875 0.007407407407407408
0 0.27102604166666666 0.6432685185185185 0.013755208333333347 0.039407407407407356
0 0.2695208333333333 0.6800925925925926 0.01954166666666666 0.025203703703703728
0 0.25025000000000003 0.6832777777777779 0.02039062499999999 0.019444444444444445
0 0.21037499999999998 0.6879074074074074 0.010770833333333308 0.04475000000000004
0 0.22535937500000003 0.6920277777777778 0.01967187499999999 0.023351851851851877
0 0.246953125 0.7070462962962963 0.020041666666666676 0.031166666666666638
0 0.17786458333333333 0.986574074074074 0.024479166666666666 0.025
0 0.4889791666666667 0.9219814814814815 0.01825520833333333 0.02791666666666675