0 0.9111979166666667 0.22314814814814815 0.09765625 0.10601851851851851
0 0.6221354166666667 0.24537037037037038 0.08541666666666667 0.12314814814814815
0 0.75703125 0.025925925925925925 0.05572916666666667 0.05185185185185185
0 0.9796875 0.2601851851851852 0.03958333333333333 0.2
3 0.7494791666666667 0.2638888888888889 0.1375 0.0699074074074074
0 0.5359375 0.2722222222222222 0.052083333333333336 0.07777777777777778
0 0.86953125 0.3199074074074074 0.07942708333333333 0.16203703703703703
0 0.5869791666666667 0.3731481481481482 0.0671875 0.175
0 0.81484375 0.4203703703703704 0.04088541666666667 0.19212962962962962
0 0.6932291666666667 0.46574074074074073 0.07317708333333334 0.17083333333333334
0 0.925 0.05092592592592592 0.08489583333333334 0.10185185185185185
0 0.5401041666666667 0.5055555555555555 0.06015625 0.06527777777777778
0 0.5877604166666667 0.5819444444444445 0.0390625 0.13425925925925927
0 0.86328125 0.6194444444444445 0.09322916666666667 0.05925925925925926
0 0.8278645833333333 0.08425925925925926 0.04739583333333333 0.16805555555555557
0 0.7197916666666667 0.1486111111111111 0.08828125 0.09351851851851851
1 0.790625 0.7226851851851852 0.36666666666666664 0.14537037037037037