0 0.8302083333333333 0.19722222222222222 0.0859375 0.04259259259259259
0 0.03828125 0.499925925925926 0.02722395833333334 0.03380555555555555
0 0.029161458333333338 0.5576388888888889 0.012890625 0.045518518518518486
0 0.04183333333333336 0.6099444444444444 0.027124999999999996 0.029768518518518496
0 0.060244791666666644 0.6415833333333333 0.013859375000000007 0.03103703703703702
0 0.0990520833333333 0.6443518518518518 0.021682291666666666 0.01895370370370373
0 0.12978645833333335 0.6755277777777778 0.022734374999999987 0.04462037037037042
0 0.04279166666666665 0.681074074074074 0.028338541666666665 0.03314814814814811
0 0.037411458333333356 0.7145648148148148 0.02340104166666667 0.03506481481481482
0 0.010416666666666666 0.7453703703703703 0.020833333333333332 0.024074074074074074
0 0.033505208333333356 0.7551481481481481 0.01871354166666667 0.05204629629629633
0 0.72178125 0.5983703703703703 0.03067708333333338 0.015870370370370358