0 0.359375 0.2050925925925926 0.04635416666666667 0.10648148148148148
0 0.4375 0.3282407407407407 0.06588541666666667 0.09583333333333334
0 0.3109375 0.4101851851851852 0.04140625 0.06574074074074074
0 0.4752604166666667 0.4388888888888889 0.06171875 0.009722222222222222
0 0.12135416666666667 0.047685185185185185 0.08359375 0.04675925925925926
0 0.20234375 0.05694444444444444 0.040625 0.060648148148148145
0 0.1378489583333333 0.5056296296296295 0.059920572916666616 0.0630601851851851
0 0.711984375 0.6300092592592592 0.020787109375000057 0.03975810185185188
0 0.6915833333333334 0.6675092592592592 0.024477539062500022 0.03330555555555558
0 0.7014791666666668 0.6776944444444444 0.019267578124999928 0.049944444444444284
0 0.5363489583333333 0.7282962962962962 0.01822460937500002 0.047267361111111045