0 0.4674479166666667 0.08194444444444444 0.024739583333333332 0.012037037037037037
0 0.40989583333333335 0.08703703703703704 0.02109375 0.015277777777777777
0 0.19192708333333333 0.0875 0.0265625 0.017592592592592594
0 0.34375 0.08981481481481482 0.01015625 0.02638888888888889
0 0.6046875 0.09027777777777778 0.01015625 0.009722222222222222
0 0.5645833333333333 0.09398148148148149 0.0265625 0.011111111111111112
0 0.5901041666666667 0.10092592592592593 0.017447916666666667 0.016203703703703703
0 0.48385416666666664 0.10324074074074074 0.019270833333333334 0.020833333333333332
0 0.5515625 0.10787037037037037 0.029427083333333333 0.009722222222222222
0 0.39505208333333336 0.1125 0.028385416666666666 0.016203703703703703
0 0.05807291666666667 0.1162037037037037 0.028385416666666666 0.011111111111111112
0 0.32473958333333336 0.11805555555555555 0.0265625 0.016203703703703703
0 0.21744791666666666 0.12037037037037036 0.025520833333333333 0.015277777777777777
0 0.6005208333333333 0.12268518518518519 0.014583333333333334 0.02175925925925926
0 0.06953125 0.1259259259259259 0.014583333333333334 0.012962962962962963
0 0.08151041666666667 0.12731481481481483 0.018229166666666668 0.020833333333333332
0 0.5580729166666667 0.13425925925925927 0.011979166666666667 0.02546296296296296
0 0.4544270833333333 0.14027777777777778 0.021875 0.017592592592592594
0 0.08671875 0.14166666666666666 0.014583333333333334 0.00787037037037037
0 0.5919270833333333 0.1449074074074074 0.028385416666666666 0.012037037037037037
0 0.005208333333333333 0.1486111111111111 0.010416666666666666 0.017592592592592594
0 0.6015625 0.1537037037037037 0.01640625 0.015277777777777777
0 0.18463541666666666 0.16666666666666666 0.015625 0.01990740740740741
0 0.4203125 0.18194444444444444 0.025520833333333333 0.023148148148148147
0 0.5609375 0.01898148148148148 0.0265625 0.00787037037037037
0 0.47708333333333336 0.019444444444444445 0.028385416666666666 0.012037037037037037
0 0.44244791666666666 0.20092592592592592 0.02734375 0.009722222222222222
0 0.50390625 0.2023148148148148 0.023697916666666666 0.012037037037037037
0 0.5690104166666666 0.21203703703703702 0.015625 0.023148148148148147
0 0.528125 0.2125 0.02109375 0.022222222222222223
0 0.59609375 0.21342592592592594 0.021875 0.017592592592592594
0 0.44296875 0.22175925925925927 0.011979166666666667 0.022222222222222223
0 0.5825520833333333 0.23564814814814813 0.02578125 0.008796296296296297
0 0.6067708333333334 0.23657407407407408 0.0046875 0.022222222222222223
0 0.59609375 0.26157407407407407 0.025520833333333333 0.009722222222222222
0 0.603125 0.027314814814814816 0.011979166666666667 0.015277777777777777
0 0.5135416666666667 0.027777777777777776 0.014583333333333334 0.02638888888888889
0 0.5872395833333334 0.028703703703703703 0.02109375 0.020833333333333332
0 0.45338541666666665 0.028703703703703703 0.02734375 0.009722222222222222
0 0.071875 0.2935185185185185 0.02109375 0.01898148148148148
0 0.2908854166666667 0.300462962962963 0.022916666666666665 0.015277777777777777
0 0.4942708333333333 0.032407407407407406 0.022916666666666665 0.018518518518518517
0 0.3125 0.034722222222222224 0.02734375 0.010185185185185186
0 0.4979166666666667 0.3527777777777778 0.021875 0.01898148148148148
0 0.5770833333333333 0.037037037037037035 0.01640625 0.020833333333333332
0 0.47239583333333335 0.04027777777777778 0.023958333333333335 0.011111111111111112
0 0.5619791666666667 0.04027777777777778 0.017447916666666667 0.01990740740740741
0 0.5455729166666666 0.04398148148148148 0.0109375 0.02638888888888889
0 0.53125 0.044444444444444446 0.0109375 0.02175925925925926
0 0.43411458333333336 0.04490740740740741 0.023958333333333335 0.017592592592592594
0 0.6002604166666666 0.046296296296296294 0.017447916666666667 0.017592592592592594
0 0.5119791666666667 0.04861111111111111 0.012760416666666666 0.015277777777777777
0 0.30416666666666664 0.05 0.02734375 0.012037037037037037
0 0.33098958333333334 0.052314814814814814 0.030208333333333334 0.009722222222222222
0 0.49322916666666666 0.06018518518518518 0.0109375 0.02638888888888889
0 0.4236979166666667 0.062037037037037036 0.01015625 0.02638888888888889
0 0.5713541666666667 0.062037037037037036 0.020052083333333335 0.02175925925925926
0 0.027604166666666666 0.06666666666666667 0.030989583333333334 0.012037037037037037
0 0.35859375 0.06712962962962964 0.02109375 0.023148148148148147
0 0.4739583333333333 0.06759259259259259 0.0265625 0.011111111111111112
0 0.5127604166666667 0.06898148148148148 0.02578125 0.009722222222222222
0 0.20807291666666666 0.07453703703703704 0.0265625 0.012962962962962963
0 0.2911458333333333 0.07453703703703704 0.027604166666666666 0.00787037037037037
0 0.26536458333333335 0.075 0.023697916666666666 0.016666666666666666
0 0.32760416666666664 0.07777777777777778 0.017447916666666667 0.022222222222222223
0 0.23567708333333334 0.07777777777777778 0.0265625 0.014351851851851852
0 0.5390625 0.07962962962962963 0.02109375 0.012037037037037037
0 0.7549479166666667 0.08981481481481482 0.14114583333333333 0.17962962962962964