0 0.36770833333333336 0.10231481481481482 0.01953125 0.014814814814814815
0 0.3223958333333333 0.1087962962962963 0.016666666666666666 0.01898148148148148
0 0.15078125 0.10925925925925926 0.020833333333333332 0.022222222222222223
0 0.2703125 0.1125 0.0078125 0.03287037037037037
0 0.47552083333333334 0.11296296296296296 0.007291666666666667 0.012962962962962963
0 0.4440104166666667 0.1175925925925926 0.020833333333333332 0.013888888888888888
0 0.4640625 0.1259259259259259 0.013541666666666667 0.01990740740740741
0 0.3807291666666667 0.1287037037037037 0.015104166666666667 0.025925925925925925
0 0.43385416666666665 0.13472222222222222 0.023177083333333334 0.012037037037037037
0 0.3106770833333333 0.14074074074074075 0.022395833333333334 0.01990740740740741
0 0.045572916666666664 0.14537037037037037 0.022395833333333334 0.013888888888888888
0 0.25546875 0.1476851851851852 0.020833333333333332 0.01990740740740741
0 0.17109375 0.15046296296296297 0.020052083333333335 0.01898148148148148
0 0.47239583333333335 0.15324074074074073 0.011458333333333333 0.026851851851851852
0 0.0546875 0.15694444444444444 0.011458333333333333 0.016203703703703703
0 0.0640625 0.15925925925925927 0.014322916666666666 0.025925925925925925
0 0.4390625 0.1675925925925926 0.009375 0.03194444444444444
0 0.3572916666666667 0.17546296296296296 0.0171875 0.022222222222222223
0 0.06822916666666666 0.17685185185185184 0.011458333333333333 0.010185185185185186
0 0.465625 0.1814814814814815 0.022395833333333334 0.015277777777777777
0 0.00390625 0.18611111111111112 0.0078125 0.01990740740740741
0 0.47239583333333335 0.19212962962962962 0.013020833333333334 0.01990740740740741
0 0.1453125 0.20833333333333334 0.012239583333333333 0.025
0 0.33046875 0.22777777777777777 0.020052083333333335 0.029166666666666667
0 0.44114583333333335 0.02361111111111111 0.020833333333333332 0.010185185185185186
0 0.37526041666666665 0.024074074074074074 0.022395833333333334 0.014814814814814815
0 0.34791666666666665 0.2513888888888889 0.021614583333333333 0.012037037037037037
0 0.3963541666666667 0.25277777777777777 0.01875 0.014814814814814815
0 0.4473958333333333 0.2652777777777778 0.012239583333333333 0.029166666666666667
0 0.4153645833333333 0.2657407407407407 0.01640625 0.027777777777777776
0 0.46901041666666665 0.26666666666666666 0.0171875 0.022222222222222223
0 0.3484375 0.27685185185185185 0.009375 0.02824074074074074
0 0.4583333333333333 0.29444444444444445 0.0203125 0.011111111111111112
0 0.47708333333333336 0.29583333333333334 0.0036458333333333334 0.027777777777777776
0 0.46953125 0.32685185185185184 0.020052083333333335 0.012037037037037037
0 0.47421875 0.03425925925925926 0.009375 0.01898148148148148
0 0.40390625 0.03425925925925926 0.011458333333333333 0.03287037037037037
0 0.46197916666666666 0.03611111111111111 0.01640625 0.025925925925925925
0 0.35651041666666666 0.03611111111111111 0.021614583333333333 0.012037037037037037
0 0.05651041666666667 0.36666666666666664 0.016666666666666666 0.024074074074074074
0 0.22890625 0.37546296296296294 0.01796875 0.01898148148148148
0 0.3885416666666667 0.04027777777777778 0.01796875 0.023148148148148147
0 0.24583333333333332 0.04351851851851852 0.021614583333333333 0.012962962962962963
0 0.39166666666666666 0.4412037037037037 0.0171875 0.024074074074074074
0 0.45390625 0.04583333333333333 0.013020833333333334 0.025925925925925925
0 0.37161458333333336 0.05 0.01875 0.013888888888888888
0 0.4421875 0.050462962962962966 0.013541666666666667 0.025
0 0.42916666666666664 0.055092592592592596 0.00859375 0.03287037037037037
0 0.41770833333333335 0.05555555555555555 0.00859375 0.026851851851851852
0 0.34140625 0.056018518518518516 0.01875 0.022222222222222223
0 0.47213541666666664 0.05787037037037037 0.013802083333333333 0.022222222222222223
0 0.40260416666666665 0.060648148148148145 0.01015625 0.01898148148148148
0 0.2390625 0.0625 0.021614583333333333 0.014814814814814815
0 0.2604166666666667 0.06574074074074074 0.023697916666666666 0.012037037037037037
0 0.3880208333333333 0.07546296296296297 0.00859375 0.03287037037037037
0 0.33307291666666666 0.07731481481481481 0.008072916666666667 0.03287037037037037
0 0.44947916666666665 0.07731481481481481 0.015885416666666666 0.026851851851851852
0 0.021875 0.08333333333333333 0.024479166666666666 0.014814814814814815
0 0.28203125 0.0837962962962963 0.01640625 0.029166666666666667
0 0.3729166666666667 0.08472222222222223 0.020833333333333332 0.013888888888888888
0 0.403125 0.08611111111111111 0.020052083333333335 0.012037037037037037
0 0.16380208333333332 0.09305555555555556 0.020833333333333332 0.01574074074074074
0 0.22890625 0.09305555555555556 0.021614583333333333 0.010185185185185186
0 0.20859375 0.09351851851851851 0.01875 0.020833333333333332
0 0.25755208333333335 0.09675925925925925 0.013802083333333333 0.02824074074074074
0 0.18541666666666667 0.09722222222222222 0.020833333333333332 0.018055555555555554
0 0.4239583333333333 0.09953703703703703 0.016666666666666666 0.014814814814814815
0 0.8871927083333333 0.16071296296296295 0.016182291666666633 0.05094328703703705
0 0.9209114583333334 0.17925 0.0249635416666667 0.024082175925925944
0 0.8287135416666668 0.1818611111111111 0.028136393229166737 0.015766782407407396
0 0.916625 0.21113888888888888 0.02919238281249991 0.03517418981481479
0 0.88746875 0.2263888888888889 0.0124752604166666 0.054679976851851796
0 0.8419479166666667 0.23320370370370372 0.009862630208333318 0.048098379629629595
0 0.8581822916666667 0.2508888888888889 0.02082356770833336 0.022212962962962865
0 0.8784270833333333 0.2625925925925926 0.014056966145833271 0.0527899305555555
0 0.6153645833333333 0.006481481481481481 0.0296875 0.012962962962962963
0 0.86153125 0.27851851851851855 0.02135677083333327 0.019452546296296367
0 0.8431145833333333 0.2796944444444444 0.010934244791666714 0.020400462962962884
0 0.7863125 0.28830555555555554 0.01927669270833334 0.024991898148148183
0 0.9127552083333333 0.2930185185185185 0.013014322916666644 0.05087731481481491
0 0.8256875000000001 0.30721296296296297 0.01823242187500007 0.03331944444444446
0 0.9685468749999999 0.31053703703703706 0.0161376953125 0.045407407407407376
0 0.84215625 0.311 0.012489583333333342 0.03701793981481482
0 0.8586354166666667 0.3145833333333333 0.0171751302083333 0.042583912037037056
0 0.7855729166666666 0.3254259259259259 0.0109495442708333 0.03983854166666676
0 0.9222864583333333 0.39366666666666666 0.0218629557291667 0.027814236111111064
0 0.9348177083333333 0.4464907407407408 0.011976562500000062 0.0546469907407407