0 0.42161458333333335 0.10833333333333334 0.022395833333333334 0.01574074074074074
0 0.36953125 0.11527777777777778 0.019010416666666665 0.020370370370370372
0 0.17291666666666666 0.11574074074074074 0.023958333333333335 0.023148148148148147
0 0.3098958333333333 0.11898148148148148 0.009114583333333334 0.034722222222222224
0 0.5453125 0.11990740740740741 0.009114583333333334 0.0125
0 0.5091145833333334 0.12453703703703704 0.023958333333333335 0.014814814814814815
0 0.5322916666666667 0.13333333333333333 0.015625 0.021296296296296296
0 0.43645833333333334 0.13657407407407407 0.0171875 0.027777777777777776
0 0.4973958333333333 0.1425925925925926 0.0265625 0.012962962962962963
0 0.35625 0.14907407407407408 0.025520833333333333 0.021296296296296296
0 0.05234375 0.1537037037037037 0.025520833333333333 0.014814814814814815
0 0.29270833333333335 0.15648148148148147 0.023958333333333335 0.021296296296296296
0 0.19609375 0.1597222222222222 0.023177083333333334 0.020370370370370372
0 0.5416666666666666 0.1625 0.01328125 0.028703703703703703
0 0.06276041666666667 0.16666666666666666 0.01328125 0.01712962962962963
0 0.0734375 0.1685185185185185 0.01640625 0.027777777777777776
0 0.5033854166666667 0.17777777777777778 0.010677083333333334 0.033796296296296297
0 0.40989583333333335 0.18564814814814815 0.019791666666666666 0.023148148148148147
0 0.078125 0.1875 0.01328125 0.010648148148148148
0 0.5338541666666666 0.19212962962962962 0.025520833333333333 0.01574074074074074
0 0.0046875 0.19722222222222222 0.009375 0.022222222222222223
0 0.5416666666666666 0.20324074074074075 0.01484375 0.021296296296296296
0 0.16666666666666666 0.22037037037037038 0.0140625 0.02638888888888889
0 0.37890625 0.2412037037037037 0.023177083333333334 0.030555555555555555
0 0.5059895833333333 0.025 0.023958333333333335 0.010648148148148148
0 0.43020833333333336 0.025925925925925925 0.025520833333333333 0.01574074074074074
0 0.39895833333333336 0.2662037037037037 0.024739583333333332 0.0125
0 0.4544270833333333 0.2675925925925926 0.021354166666666667 0.01574074074074074
0 0.5130208333333334 0.2810185185185185 0.0140625 0.030555555555555555
0 0.47630208333333335 0.2814814814814815 0.019010416666666665 0.02962962962962963
0 0.5377604166666666 0.2824074074074074 0.019791666666666666 0.023148148148148147
0 0.39947916666666666 0.2935185185185185 0.010677083333333334 0.02962962962962963
0 0.5255208333333333 0.31203703703703706 0.023177083333333334 0.011574074074074073
0 0.5471354166666667 0.31342592592592594 0.004166666666666667 0.02962962962962963
0 0.53828125 0.34629629629629627 0.023177083333333334 0.0125
0 0.54375 0.03657407407407407 0.010677083333333334 0.01990740740740741
0 0.4630208333333333 0.03657407407407407 0.01328125 0.034722222222222224
0 0.5296875 0.03796296296296296 0.019010416666666665 0.027777777777777776
0 0.4088541666666667 0.03796296296296296 0.024739583333333332 0.0125
0 0.06484375 0.38842592592592595 0.019010416666666665 0.02546296296296296
0 0.2625 0.3976851851851852 0.020572916666666666 0.01990740740740741
0 0.44557291666666665 0.04259259259259259 0.020572916666666666 0.024537037037037038
0 0.28177083333333336 0.04583333333333333 0.024739583333333332 0.013888888888888888
0 0.44921875 0.4671296296296296 0.019791666666666666 0.02546296296296296
0 0.5203125 0.04861111111111111 0.01484375 0.027314814814814816
0 0.42604166666666665 0.05324074074074074 0.021614583333333333 0.014814814814814815
0 0.5067708333333333 0.053703703703703705 0.015625 0.02638888888888889
0 0.4921875 0.058333333333333334 0.009895833333333333 0.03518518518518519
0 0.47890625 0.05925925925925926 0.009895833333333333 0.028703703703703703
0 0.39140625 0.05925925925925926 0.021614583333333333 0.023148148148148147
0 0.5419270833333333 0.06111111111111111 0.015625 0.022222222222222223
0 0.46171875 0.06435185185185185 0.011458333333333333 0.01990740740740741
0 0.27421875 0.06620370370370371 0.024739583333333332 0.01574074074074074
0 0.2984375 0.06944444444444445 0.02734375 0.0125
0 0.44479166666666664 0.08009259259259259 0.009895833333333333 0.034722222222222224
0 0.38203125 0.08194444444444444 0.009114583333333334 0.034722222222222224
0 0.5153645833333333 0.08194444444444444 0.018229166666666668 0.028703703703703703
0 0.025 0.08842592592592592 0.028125 0.01574074074074074
0 0.32317708333333334 0.08888888888888889 0.019010416666666665 0.030555555555555555
0 0.42734375 0.08981481481481482 0.023958333333333335 0.014814814814814815
0 0.4622395833333333 0.0912037037037037 0.023177083333333334 0.0125
0 0.18776041666666668 0.09861111111111111 0.023958333333333335 0.01712962962962963
0 0.2625 0.09861111111111111 0.024739583333333332 0.010648148148148148
0 0.23932291666666666 0.09907407407407408 0.021354166666666667 0.022222222222222223
0 0.2953125 0.10277777777777777 0.015625 0.02962962962962963
0 0.2125 0.10277777777777777 0.023958333333333335 0.01898148148148148
0 0.4861979166666667 0.10555555555555556 0.019010416666666665 0.01574074074074074
0 0.49609375 0.6171296296296296 0.07109375 0.06574074074074074
0 0.46979166666666666 0.65 0.07395833333333333 0.05925925925925926
0 0.21432291666666667 0.6888888888888889 0.07994791666666666 0.055092592592592596
0 0.05026041666666667 0.7888888888888889 0.0828125 0.07037037037037037
2 0.2838541666666667 0.8217592592592593 0.07109375 0.07037037037037037
0 0.17005208333333333 0.8800925925925925 0.03671875 0.03888888888888889
0 0.44895833333333335 0.9162037037037037 0.07604166666666666 0.08472222222222223