0 0.1609375 0.1310185185185185 0.00859375 0.01898148148148148
0 0.14114583333333333 0.1388888888888889 0.007291666666666667 0.024537037037037038
0 0.06614583333333333 0.1398148148148148 0.009114583333333334 0.02824074074074074
0 0.11822916666666666 0.1439814814814815 0.0033854166666666668 0.04212962962962963
0 0.20807291666666666 0.14444444444444443 0.0033854166666666668 0.015277777777777777
0 0.19427083333333334 0.15046296296296297 0.009114583333333334 0.018055555555555554
0 0.203125 0.16111111111111112 0.005989583333333334 0.02546296296296296
0 0.16666666666666666 0.1648148148148148 0.006510416666666667 0.03333333333333333
0 0.18984375 0.1726851851851852 0.01015625 0.015277777777777777
0 0.1359375 0.18009259259259258 0.009635416666666667 0.02546296296296296
0 0.020052083333333335 0.18564814814814815 0.009635416666666667 0.018055555555555554
0 0.11171875 0.18935185185185185 0.009114583333333334 0.02546296296296296
0 0.07473958333333333 0.1925925925925926 0.008854166666666666 0.024537037037037038
0 0.20677083333333332 0.1962962962962963 0.0049479166666666664 0.034722222222222224
0 0.023958333333333335 0.20092592592592592 0.0049479166666666664 0.020370370370370372
0 0.028125 0.2037037037037037 0.00625 0.03333333333333333
0 0.1921875 0.21481481481481482 0.004166666666666667 0.040740740740740744
0 0.15625 0.22453703703703703 0.007552083333333333 0.02824074074074074
0 0.0296875 0.2263888888888889 0.0049479166666666664 0.012962962962962963
0 0.20364583333333333 0.23194444444444445 0.009635416666666667 0.019444444444444445
0 0.0018229166666666667 0.23796296296296296 0.0033854166666666668 0.02546296296296296
0 0.20677083333333332 0.2462962962962963 0.005208333333333333 0.025925925925925925
0 0.06354166666666666 0.26666666666666666 0.00546875 0.03194444444444444
0 0.14453125 0.2912037037037037 0.008854166666666666 0.037037037037037035
0 0.19296875 0.030555555555555555 0.009114583333333334 0.012962962962962963
0 0.1640625 0.031018518518518518 0.009895833333333333 0.01898148148148148
0 0.15234375 0.3212962962962963 0.009375 0.015277777777777777
0 0.1734375 0.3236111111111111 0.008072916666666667 0.01898148148148148
0 0.19583333333333333 0.33935185185185185 0.00546875 0.037037037037037035
0 0.18177083333333333 0.3402777777777778 0.007291666666666667 0.03564814814814815
0 0.20520833333333333 0.34120370370370373 0.007552083333333333 0.02824074074074074
0 0.15234375 0.35462962962962963 0.004166666666666667 0.03564814814814815
0 0.20052083333333334 0.3768518518518518 0.008854166666666666 0.013888888888888888
0 0.20885416666666667 0.3787037037037037 0.0015625 0.03564814814814815
0 0.20520833333333333 0.4185185185185185 0.008333333333333333 0.016666666666666666
0 0.20755208333333333 0.04398148148148148 0.004166666666666667 0.024074074074074074
0 0.17682291666666666 0.04398148148148148 0.0049479166666666664 0.04212962962962963
0 0.20208333333333334 0.04583333333333333 0.007291666666666667 0.03333333333333333
0 0.15598958333333332 0.046296296296296294 0.009375 0.015277777777777777
0 0.024739583333333332 0.46944444444444444 0.007291666666666667 0.030555555555555555
0 0.10026041666666667 0.48055555555555557 0.0078125 0.024537037037037038
0 0.17005208333333333 0.05185185185185185 0.0078125 0.02962962962962963
0 0.10755208333333334 0.05555555555555555 0.009375 0.016666666666666666
0 0.17135416666666667 0.5643518518518519 0.007552083333333333 0.030555555555555555
0 0.19869791666666667 0.0587962962962963 0.005729166666666666 0.03333333333333333
0 0.1625 0.06435185185185185 0.008333333333333333 0.018055555555555554
0 0.19348958333333333 0.06481481481481481 0.005989583333333334 0.03194444444444444
0 0.18776041666666668 0.07037037037037037 0.00390625 0.04212962962962963
0 0.1828125 0.0712962962962963 0.00390625 0.034722222222222224
0 0.14947916666666666 0.07175925925925926 0.008333333333333333 0.02824074074074074
0 0.20677083333333332 0.07407407407407407 0.005989583333333334 0.026851851851851852
0 0.17630208333333333 0.07777777777777778 0.004427083333333333 0.024074074074074074
0 0.1046875 0.08009259259259259 0.009375 0.01898148148148148
0 0.1140625 0.0837962962962963 0.010416666666666666 0.015277777777777777
0 0.16979166666666667 0.0962962962962963 0.00390625 0.04212962962962963
0 0.14583333333333334 0.09907407407407408 0.0033854166666666668 0.04212962962962963
0 0.19661458333333334 0.09907407407407408 0.00703125 0.034722222222222224
0 0.009635416666666667 0.10648148148148148 0.010677083333333334 0.019444444444444445
0 0.1234375 0.10740740740740741 0.007291666666666667 0.037037037037037035
0 0.16302083333333334 0.10833333333333334 0.009114583333333334 0.018055555555555554
0 0.1765625 0.11018518518518519 0.008854166666666666 0.015277777777777777
0 0.07161458333333333 0.11898148148148148 0.009114583333333334 0.020370370370370372
0 0.10026041666666667 0.11898148148148148 0.009375 0.012962962962962963
0 0.09140625 0.11990740740740741 0.008072916666666667 0.026851851851851852
0 0.11276041666666667 0.12407407407407407 0.005989583333333334 0.03611111111111111
0 0.08125 0.12453703703703704 0.009114583333333334 0.023148148148148147
0 0.18567708333333333 0.12731481481481483 0.007291666666666667 0.01898148148148148
0 0.42916666666666664 0.18356481481481482 0.017660156250000014 0.03794444444444446
0 0.4776927083333333 0.8292407407407408 0.012526041666666644 0.030460648148147973
2 0.6120885416666667 0.8385 0.018729817708333485 0.030460648148147973
0 0.4588541666666667 0.8392685185185185 0.032267903645833346 0.021324074074074047
2 0.8445833333333332 0.8425 0.020347005208333258 0.05931365740740733
0 0.6651302083333334 0.8815462962962963 0.028145507812499915 0.03893518518518514
0 0.6396093749999999 0.8918796296296296 0.0166256510416666 0.02871875000000012
0 0.8400677083333333 0.8955925925925926 0.01926627604166645 0.049065972222222254