0 0.4981770833333333 0.07777777777777778 0.026302083333333334 0.011574074074074073
0 0.43671875 0.0824074074074074 0.022395833333333334 0.014351851851851852
0 0.20442708333333334 0.08287037037037037 0.028385416666666666 0.016666666666666666
0 0.36614583333333334 0.08564814814814815 0.010677083333333334 0.025
0 0.64375 0.08564814814814815 0.010677083333333334 0.010648148148148148
0 0.6018229166666667 0.08935185185185185 0.028385416666666666 0.010648148148148148
0 0.62890625 0.09537037037037037 0.018489583333333334 0.015277777777777777
0 0.5158854166666667 0.09768518518518518 0.0203125 0.01990740740740741
0 0.5877604166666667 0.10231481481481482 0.03125 0.009259259259259259
0 0.42109375 0.10694444444444444 0.030208333333333334 0.015277777777777777
0 0.06197916666666667 0.11018518518518519 0.030208333333333334 0.010648148148148148
0 0.34609375 0.11203703703703703 0.028385416666666666 0.015277777777777777
0 0.23177083333333334 0.11435185185185186 0.02734375 0.014351851851851852
0 0.6401041666666667 0.1162037037037037 0.015625 0.020370370370370372
0 0.07421875 0.11944444444444445 0.015625 0.012037037037037037
0 0.08671875 0.12083333333333333 0.01953125 0.01990740740740741
0 0.5947916666666667 0.12731481481481483 0.012760416666666666 0.024074074074074074
0 0.484375 0.13333333333333333 0.0234375 0.016666666666666666
0 0.09244791666666667 0.13425925925925927 0.015625 0.007407407407407408
0 0.6309895833333333 0.1375 0.030208333333333334 0.011574074074074073
0 0.00546875 0.1412037037037037 0.010677083333333334 0.015277777777777777
0 0.6408854166666667 0.14629629629629629 0.0171875 0.014814814814814815
0 0.196875 0.15833333333333333 0.016666666666666666 0.01898148148148148
0 0.4479166666666667 0.1726851851851852 0.02734375 0.022222222222222223
0 0.5979166666666667 0.018055555555555554 0.028385416666666666 0.007407407407407408
0 0.5083333333333333 0.018518518518518517 0.030208333333333334 0.011574074074074073
0 0.47161458333333334 0.19074074074074074 0.029166666666666667 0.009259259259259259
0 0.5372395833333333 0.19212962962962962 0.025520833333333333 0.011574074074074073
0 0.60625 0.2013888888888889 0.016666666666666666 0.022222222222222223
0 0.5627604166666667 0.20185185185185187 0.022395833333333334 0.021296296296296296
0 0.6354166666666666 0.2023148148148148 0.0234375 0.016666666666666666
0 0.471875 0.2101851851851852 0.012760416666666666 0.021296296296296296
0 0.62109375 0.22361111111111112 0.02734375 0.008333333333333333
0 0.6466145833333333 0.22453703703703703 0.0049479166666666664 0.021296296296296296
0 0.6354166666666666 0.24814814814814815 0.02734375 0.009259259259259259
0 0.6427083333333333 0.025925925925925925 0.012760416666666666 0.014351851851851852
0 0.5473958333333333 0.025925925925925925 0.015625 0.025
0 0.6260416666666667 0.027314814814814816 0.022395833333333334 0.01990740740740741
0 0.48333333333333334 0.027314814814814816 0.029166666666666667 0.009259259259259259
0 0.0765625 0.27824074074074073 0.022395833333333334 0.018055555555555554
0 0.31015625 0.2851851851851852 0.024479166666666666 0.014351851851851852
0 0.5265625 0.030555555555555555 0.024479166666666666 0.017592592592592594
0 0.33307291666666666 0.03287037037037037 0.029166666666666667 0.009722222222222222
0 0.5307291666666667 0.3347222222222222 0.0234375 0.018055555555555554
0 0.6151041666666667 0.034722222222222224 0.017447916666666667 0.01990740740740741
0 0.5033854166666667 0.03796296296296296 0.025520833333333333 0.010648148148148148
0 0.5989583333333334 0.038425925925925926 0.018489583333333334 0.01898148148148148
0 0.5815104166666667 0.041666666666666664 0.01171875 0.025
0 0.5661458333333333 0.04212962962962963 0.01171875 0.020370370370370372
0 0.4627604166666667 0.04259259259259259 0.025520833333333333 0.016666666666666666
0 0.63984375 0.04398148148148148 0.018489583333333334 0.016666666666666666
0 0.5455729166666666 0.04583333333333333 0.013541666666666667 0.014351851851851852
0 0.32395833333333335 0.047685185185185185 0.029166666666666667 0.011574074074074073
0 0.3528645833333333 0.05 0.03229166666666667 0.009259259259259259
0 0.52578125 0.05740740740740741 0.01171875 0.025
0 0.4515625 0.0587962962962963 0.010677083333333334 0.025
0 0.6091145833333333 0.0587962962962963 0.021614583333333333 0.020370370370370372
0 0.029427083333333333 0.06342592592592593 0.03307291666666667 0.011574074074074073
0 0.38203125 0.06342592592592593 0.022395833333333334 0.022222222222222223
0 0.5052083333333334 0.06435185185185185 0.028385416666666666 0.010648148148148148
0 0.5463541666666667 0.06527777777777778 0.02734375 0.009259259259259259
0 0.221875 0.07083333333333333 0.028385416666666666 0.012037037037037037
0 0.31015625 0.07083333333333333 0.029427083333333333 0.007407407407407408
0 0.2828125 0.0712962962962963 0.025260416666666667 0.01574074074074074
0 0.3489583333333333 0.07361111111111111 0.018489583333333334 0.021296296296296296
0 0.2513020833333333 0.07361111111111111 0.028385416666666666 0.013888888888888888
0 0.5747395833333333 0.07546296296296297 0.022395833333333334 0.011574074074074073
0 0.9436666666666667 0.6647314814814814 0.09635579427083323 0.2481759259259259
0 0.6919270833333333 0.7819444444444444 0.08385416666666666 0.18055555555555555
0 0.8665729166666668 0.8961851851851852 0.07135709635416668 0.18891319444444454