0 0.2984375 0.0962962962962963 0.015885416666666666 0.013888888888888888
0 0.26171875 0.10185185185185185 0.013541666666666667 0.018055555555555554
0 0.12265625 0.10277777777777777 0.016927083333333332 0.020833333333333332
0 0.21953125 0.10555555555555556 0.006510416666666667 0.031018518518518518
0 0.3859375 0.10601851851851851 0.00625 0.012037037037037037
0 0.3606770833333333 0.11064814814814815 0.016927083333333332 0.012962962962962963
0 0.3770833333333333 0.11805555555555555 0.011197916666666667 0.01898148148148148
0 0.30911458333333336 0.12083333333333333 0.012239583333333333 0.024537037037037038
0 0.35234375 0.12638888888888888 0.01875 0.011111111111111112
0 0.25234375 0.13194444444444445 0.01796875 0.01898148148148148
0 0.03723958333333333 0.1361111111111111 0.018229166666666668 0.012962962962962963
0 0.20729166666666668 0.1388888888888889 0.016927083333333332 0.018518518518518517
0 0.13880208333333333 0.1412037037037037 0.01640625 0.018055555555555554
0 0.38359375 0.1439814814814815 0.009375 0.02546296296296296
0 0.04453125 0.1476851851851852 0.009375 0.015277777777777777
0 0.052083333333333336 0.14953703703703702 0.01171875 0.024537037037037038
0 0.35651041666666666 0.1574074074074074 0.007552083333333333 0.03009259259259259
0 0.2903645833333333 0.1648148148148148 0.0140625 0.020833333333333332
0 0.05520833333333333 0.16620370370370371 0.009375 0.009259259259259259
0 0.378125 0.17037037037037037 0.018229166666666668 0.014351851851851852
0 0.0033854166666666668 0.17453703703703705 0.0067708333333333336 0.019444444444444445
0 0.3841145833333333 0.18055555555555555 0.009895833333333333 0.018518518518518517
0 0.11796875 0.19537037037037036 0.009895833333333333 0.02361111111111111
0 0.26848958333333334 0.21388888888888888 0.01640625 0.027314814814814816
0 0.35833333333333334 0.022222222222222223 0.016927083333333332 0.009259259259259259
0 0.3046875 0.022685185185185187 0.018229166666666668 0.013888888888888888
0 0.2825520833333333 0.23564814814814813 0.017447916666666667 0.011111111111111112
0 0.321875 0.2375 0.015104166666666667 0.013888888888888888
0 0.36328125 0.2490740740740741 0.009895833333333333 0.027314814814814816
0 0.3372395833333333 0.24953703703703703 0.013541666666666667 0.02638888888888889
0 0.3807291666666667 0.25046296296296294 0.0140625 0.020833333333333332
0 0.2828125 0.2601851851851852 0.007552083333333333 0.02638888888888889
0 0.37213541666666666 0.2763888888888889 0.01640625 0.010185185185185186
0 0.3875 0.2777777777777778 0.002864583333333333 0.02638888888888889
0 0.3807291666666667 0.30694444444444446 0.01640625 0.011111111111111112
0 0.38515625 0.032407407407407406 0.007552083333333333 0.018055555555555554
0 0.328125 0.032407407407407406 0.009375 0.031018518518518518
0 0.37526041666666665 0.033796296296296297 0.013541666666666667 0.024537037037037038
0 0.28958333333333336 0.033796296296296297 0.017447916666666667 0.011111111111111112
0 0.04583333333333333 0.34444444444444444 0.013541666666666667 0.022685185185185187
0 0.1859375 0.3527777777777778 0.014583333333333334 0.018055555555555554
0 0.315625 0.03796296296296296 0.014583333333333334 0.02175925925925926
0 0.19973958333333333 0.040740740740740744 0.017447916666666667 0.012037037037037037
0 0.3182291666666667 0.41435185185185186 0.0140625 0.022685185185185187
0 0.3684895833333333 0.043055555555555555 0.010416666666666666 0.024537037037037038
0 0.30182291666666666 0.04722222222222222 0.015104166666666667 0.012962962962962963
0 0.35911458333333335 0.04722222222222222 0.011197916666666667 0.02361111111111111
0 0.34869791666666666 0.05185185185185185 0.00703125 0.031018518518518518
0 0.33932291666666664 0.052314814814814814 0.00703125 0.02546296296296296
0 0.27734375 0.05277777777777778 0.015364583333333333 0.020833333333333332
0 0.38333333333333336 0.05462962962962963 0.011197916666666667 0.020833333333333332
0 0.32708333333333334 0.05694444444444444 0.008072916666666667 0.017592592592592594
0 0.19427083333333334 0.0587962962962963 0.017447916666666667 0.013888888888888888
0 0.21145833333333333 0.06157407407407407 0.019270833333333334 0.011111111111111112
0 0.3151041666666667 0.07083333333333333 0.00703125 0.031018518518518518
0 0.27057291666666666 0.07268518518518519 0.006510416666666667 0.031018518518518518
0 0.3651041666666667 0.07268518518518519 0.012760416666666666 0.02546296296296296
0 0.017708333333333333 0.07824074074074074 0.019791666666666666 0.013888888888888888
0 0.22890625 0.0787037037037037 0.013541666666666667 0.027314814814814816
0 0.3028645833333333 0.07962962962962963 0.016927083333333332 0.012962962962962963
0 0.32760416666666664 0.08055555555555556 0.01640625 0.011111111111111112
0 0.13307291666666668 0.0875 0.016927083333333332 0.014814814814814815
0 0.1859375 0.0875 0.017447916666666667 0.009259259259259259
0 0.16953125 0.08796296296296297 0.015104166666666667 0.019444444444444445
0 0.20911458333333333 0.0912037037037037 0.011197916666666667 0.02638888888888889
0 0.15052083333333333 0.0912037037037037 0.016927083333333332 0.01712962962962963
0 0.34453125 0.09351851851851851 0.013541666666666667 0.013888888888888888
0 0.715796875 0.16673148148148154 0.02500227864583344 0.027825231481481676
0 0.7450520833333333 0.185712962962963 0.017234375000000076 0.023241898148148088
0 0.8064375 0.21071296296296302 0.016666341145833385 0.04161979166666659
0 0.6639635416666666 0.21410185185185188 0.025524088541666618 0.03611921296296293
0 0.2059427083333333 0.646824074074074 0.01616406250000004 0.05093460648148146
0 0.23966145833333333 0.6653611111111112 0.0249635416666667 0.024082175925925944
0 0.14746354166666667 0.6679722222222222 0.028136393229166737 0.015766782407407396
0 0.23537499999999997 0.6972499999999999 0.02919238281249991 0.03517418981481479
0 0.20621875000000003 0.7125 0.0124752604166666 0.054679976851851796
0 0.16069791666666663 0.7193148148148149 0.009879231770833267 0.04812326388888887
0 0.17693229166666669 0.737 0.020828450520833285 0.022217592592592598
0 0.19717708333333336 0.7487037037037038 0.014051432291666662 0.05280208333333334
0 0.18028125 0.7646296296296295 0.02135677083333327 0.019452546296296367
0 0.1618645833333333 0.7658055555555555 0.010930989583333309 0.0204305555555555
0 0.10506250000000002 0.7744166666666666 0.019282552083333352 0.024983796296296365
0 0.23150520833333335 0.7791296296296296 0.013014322916666644 0.05087731481481491
0 0.14443750000000002 0.793324074074074 0.01823242187500007 0.03331944444444446
0 0.28729687499999995 0.7966481481481481 0.016129557291666666 0.04544444444444438
0 0.16090625000000003 0.7971111111111111 0.012479166666666685 0.036998842592592604
0 0.17738541666666668 0.8006944444444445 0.0171751302083333 0.042583912037037056
0 0.10432291666666664 0.8115370370370371 0.0109495442708333 0.03983854166666676
0 0.24103645833333331 0.8797777777777779 0.0218629557291667 0.027814236111111064
0 0.25356770833333336 0.9326018518518518 0.011976562500000062 0.0546469907407407
0 0.646875 0.5101851851851852 0.03854166666666667 0.08148148148148149