0 0.4518229166666667 0.13518518518518519 0.023958333333333335 0.01990740740740741
0 0.39609375 0.14305555555555555 0.0203125 0.025
0 0.18541666666666667 0.1439814814814815 0.02578125 0.029166666666666667
0 0.33229166666666665 0.14814814814814814 0.009635416666666667 0.04351851851851852
0 0.5838541666666667 0.14907407407407408 0.009635416666666667 0.018518518518518517
0 0.5458333333333333 0.1550925925925926 0.02578125 0.018518518518518517
0 0.5705729166666667 0.16620370370370371 0.016666666666666666 0.02638888888888889
0 0.46796875 0.1699074074074074 0.018489583333333334 0.03425925925925926
0 0.5330729166666667 0.17777777777777778 0.028385416666666666 0.01574074074074074
0 0.38203125 0.18518518518518517 0.02734375 0.02638888888888889
0 0.05625 0.1912037037037037 0.02734375 0.018518518518518517
0 0.3138020833333333 0.19490740740740742 0.02578125 0.02638888888888889
0 0.21015625 0.1986111111111111 0.024739583333333332 0.025
0 0.58046875 0.20185185185185187 0.014322916666666666 0.03564814814814815
0 0.0671875 0.2074074074074074 0.0140625 0.021296296296296296
0 0.07864583333333333 0.20972222222222223 0.017708333333333333 0.03425925925925926
0 0.5395833333333333 0.2212962962962963 0.011458333333333333 0.04212962962962963
0 0.4393229166666667 0.2310185185185185 0.021354166666666667 0.029166666666666667
0 0.08385416666666666 0.23333333333333334 0.0140625 0.012962962962962963
0 0.5723958333333333 0.2388888888888889 0.02734375 0.01990740740740741
0 0.0049479166666666664 0.24537037037037038 0.009635416666666667 0.02638888888888889
0 0.5815104166666667 0.2537037037037037 0.015885416666666666 0.025
0 0.17864583333333334 0.274537037037037 0.015104166666666667 0.03287037037037037
0 0.40625 0.300462962962963 0.024739583333333332 0.038425925925925926
0 0.5421875 0.03148148148148148 0.02578125 0.013425925925925926
0 0.46119791666666665 0.03194444444444444 0.02734375 0.01990740740740741
0 0.4278645833333333 0.33101851851851855 0.0265625 0.01574074074074074
0 0.48723958333333334 0.3333333333333333 0.022916666666666665 0.01990740740740741
0 0.55 0.34953703703703703 0.015104166666666667 0.038425925925925926
0 0.5104166666666666 0.350462962962963 0.0203125 0.037037037037037035
0 0.5763020833333333 0.35138888888888886 0.02109375 0.029166666666666667
0 0.428125 0.36527777777777776 0.011458333333333333 0.037037037037037035
0 0.56328125 0.38842592592592595 0.024739583333333332 0.014814814814814815
0 0.5864583333333333 0.3902777777777778 0.004427083333333333 0.037037037037037035
0 0.5770833333333333 0.4310185185185185 0.024739583333333332 0.01574074074074074
0 0.5828125 0.04537037037037037 0.011458333333333333 0.025
0 0.49635416666666665 0.04537037037037037 0.0140625 0.04351851851851852
0 0.5677083333333334 0.04722222222222222 0.0203125 0.03425925925925926
0 0.43828125 0.047685185185185185 0.0265625 0.01574074074074074
0 0.06927083333333334 0.4837962962962963 0.0203125 0.03148148148148148
0 0.28125 0.49537037037037035 0.022135416666666668 0.025
0 0.47760416666666666 0.05324074074074074 0.022135416666666668 0.03009259259259259
0 0.3020833333333333 0.05740740740740741 0.0265625 0.01712962962962963
0 0.48151041666666666 0.5814814814814815 0.02109375 0.03148148148148148
0 0.5578125 0.060648148148148145 0.015885416666666666 0.03425925925925926
0 0.45677083333333335 0.06620370370370371 0.023177083333333334 0.018518518518518517
0 0.5432291666666667 0.06666666666666667 0.016666666666666666 0.03287037037037037
0 0.5276041666666667 0.07268518518518519 0.010677083333333334 0.04351851851851852
0 0.5135416666666667 0.07361111111111111 0.010677083333333334 0.03564814814814815
0 0.4197916666666667 0.07407407407407407 0.023177083333333334 0.029166666666666667
0 0.5802083333333333 0.0763888888888889 0.016927083333333332 0.029166666666666667
0 0.4947916666666667 0.08009259259259259 0.012239583333333333 0.025
0 0.29401041666666666 0.0824074074074074 0.0265625 0.01990740740740741
0 0.32005208333333335 0.08657407407407407 0.029166666666666667 0.01574074074074074
0 0.47682291666666665 0.09953703703703703 0.010677083333333334 0.04351851851851852
0 0.409375 0.10231481481481482 0.009895833333333333 0.04351851851851852
0 0.55234375 0.10231481481481482 0.01953125 0.03564814814814815
0 0.026822916666666665 0.10972222222222222 0.029947916666666668 0.01990740740740741
0 0.34661458333333334 0.11064814814814815 0.0203125 0.038425925925925926
0 0.4583333333333333 0.11157407407407408 0.02578125 0.018518518518518517
0 0.49557291666666664 0.11342592592592593 0.024739583333333332 0.01574074074074074
0 0.20130208333333333 0.12268518518518519 0.02578125 0.020833333333333332
0 0.28151041666666665 0.12268518518518519 0.0265625 0.012962962962962963
0 0.2565104166666667 0.12361111111111112 0.022916666666666665 0.027777777777777776
0 0.31666666666666665 0.12777777777777777 0.016666666666666666 0.037037037037037035
0 0.22786458333333334 0.12824074074074074 0.025520833333333333 0.02361111111111111
0 0.52109375 0.13148148148148148 0.0203125 0.019444444444444445
0 0.7390572916666667 0.331712962962963 0.02599348958333335 0.03794444444444446
0 0.12914583333333335 0.8539074074074074 0.028128906249999967 0.023168402777777798
0 0.15235416666666665 0.8694814814814814 0.025498046874999975 0.031451388888888966
0 0.18527083333333336 0.9417222222222221 0.02446940104166669 0.04807638888888901
0 0.18229166666666666 0.9925925925925926 0.030208333333333334 0.012962962962962963
0 0.14270833333333333 0.9949074074074075 0.020833333333333332 0.008333333333333333
0 0.82421875 0.7731481481481481 0.021354166666666667 0.02361111111111111
0 0.88125 0.7912037037037037 0.021354166666666667 0.01574074074074074
0 0.6606770833333333 0.8023148148148148 0.016145833333333335 0.02361111111111111
0 0.7291666666666666 0.8333333333333334 0.027604166666666666 0.022222222222222223
0 0.9315104166666667 0.8546296296296296 0.028385416666666666 0.023148148148148147
0 0.8859375 0.6810185185185185 0.02265625 0.025925925925925925
0 0.8015625 0.8800925925925925 0.023697916666666666 0.02361111111111111
0 0.89296875 0.8810185185185185 0.01953125 0.022222222222222223
0 0.6791666666666667 0.9583333333333334 0.023697916666666666 0.01712962962962963
0 0.8177083333333334 0.961574074074074 0.027604166666666666 0.025
0 0.6546875 0.9629629629629629 0.024739583333333332 0.024537037037037038
0 0.7002604166666667 0.9712962962962963 0.023697916666666666 0.03009259259259259
0 0.6364583333333333 0.9856481481481482 0.02890625 0.022222222222222223
0 0.8611979166666667 0.7064814814814815 0.0203125 0.02824074074074074
0 0.83046875 0.7162037037037037 0.027083333333333334 0.02638888888888889