0 0.1125 0.11814469078179697 0.1474609375 0.09014002333722287
0 0.437890625 0.13273045507584597 0.1134765625 0.1443990665110852
0 0.634375 0.17473745624270712 0.01015625 0.14760793465577596
0 0.575 0.18582263710618435 0.0892578125 0.17386231038506417
0 0.0236328125 0.18932322053675613 0.047265625 0.09539089848308051
3 0.33359375 0.20478413068844808 0.0642578125 0.28354725787631274
0 0.1734375 0.026254375729288213 0.13828125 0.052508751458576426
0 0.099609375 0.26108518086347726 0.070703125 0.18640606767794632
0 0.4662109375 0.26225204200700114 0.1376953125 0.1543173862310385
0 0.21328125 0.2838389731621937 0.137109375 0.15052508751458576
0 0.5373046875 0.030046674445740957 0.065234375 0.060093348891481914
0 0.0373046875 0.03296382730455076 0.0623046875 0.06592765460910152
0 0.534765625 0.3491831971995333 0.1396484375 0.10064177362893816
0 0.6267578125 0.3596849474912485 0.025 0.08284714119019837
0 0.4439453125 0.4191948658109685 0.073828125 0.13943990665110853
0 0.62734375 0.44399066511085183 0.0236328125 0.06417736289381563
0 0.33671875 0.4457409568261377 0.0609375 0.0854725787631272
0 0.871703125 0.28641190198366395 0.019125976562500036 0.02218822928821476
0 0.7197265625 0.34114935822637105 0.01761376953124998 0.02334670361726962
2 0.25234765625 0.7558809801633605 0.022673828125000028 0.02389038798133029
0 0.19810546874999999 0.7669603267211202 0.013301757812500004 0.03098089264877476
0 0.23502734374999998 0.7791190198366393 0.01755957031250004 0.018050612602100367
0 0.21223828125000002 0.7792123687281215 0.02031103515624997 0.013448439323220585
0 0.249546875 0.7875787631271878 0.010548095703124982 0.02098599766627773
0 0.21933203125 0.805659276546091 0.020739257812499988 0.017537193698949776