0 0.0859375 0.13287037037037036 0.11276041666666667 0.10138888888888889
0 0.33515625 0.14907407407407408 0.08671875 0.1625
0 0.48541666666666666 0.1962962962962963 0.008072916666666667 0.16527777777777777
0 0.43984375 0.20879629629629629 0.06822916666666666 0.19537037037037036
0 0.018229166666666668 0.2125 0.03619791666666667 0.10740740740740741
3 0.2552083333333333 0.2300925925925926 0.04921875 0.31851851851851853
0 0.13255208333333332 0.02962962962962963 0.10572916666666667 0.05925925925925926
0 0.07604166666666666 0.2935185185185185 0.05416666666666667 0.20925925925925926
0 0.3567708333333333 0.2949074074074074 0.10520833333333333 0.17314814814814813
0 0.16328125 0.3189814814814815 0.10494791666666667 0.16944444444444445
0 0.41119791666666666 0.033796296296296297 0.050520833333333334 0.06759259259259259
0 0.028645833333333332 0.037037037037037035 0.04765625 0.07407407407407407
0 0.40911458333333334 0.3921296296296296 0.10677083333333333 0.11342592592592593
0 0.47942708333333334 0.4041666666666667 0.019010416666666665 0.09305555555555556
0 0.33984375 0.4708333333333333 0.05677083333333333 0.15648148148148147
0 0.47994791666666664 0.49907407407407406 0.01796875 0.07222222222222222
0 0.25755208333333335 0.5009259259259259 0.046614583333333334 0.0962962962962963
0 0.7901718750000001 0.31957407407407407 0.05209830729166676 0.1888958333333333
0 0.2765208333333333 0.8841851851851852 0.05833528645833338 0.1583287037037038