0 0.080453125 0.11250925925925925 0.11716601562499998 0.09353703703703702
0 0.3390208333333333 0.12752777777777777 0.09010156250000007 0.15000347222222224
0 0.4356770833333333 0.1824074074074074 0.04739583333333333 0.1814814814814815
0 0.014583333333333334 0.18611111111111112 0.029166666666666667 0.1
3 0.2561822916666667 0.2025648148148148 0.051070312500000034 0.29441898148148143
0 0.12916666666666668 0.022685185185185187 0.11041666666666666 0.04537037037037037
0 0.07021354166666667 0.26089814814814816 0.056232096354166664 0.19350925925925927
0 0.361546875 0.2621759259259259 0.10935026041666672 0.16017013888888887
0 0.16063020833333336 0.2845925925925926 0.10889062500000003 0.15644097222222217
0 0.41822916666666665 0.02638888888888889 0.052083333333333336 0.05277777777777778
0 0.022916666666666665 0.02962962962962963 0.04583333333333333 0.05925925925925926
0 0.40989583333333335 0.3527777777777778 0.09895833333333333 0.10555555555555556
0 0.34401041666666665 0.4050925925925926 0.058854166666666666 0.10648148148148148
0 0.25885416666666666 0.43333333333333335 0.04895833333333333 0.05
1 0.8254947916666667 0.2613611111111111 0.08229622395833332 0.11847685185185178
0 0.20209895833333333 0.7865555555555556 0.04476367187499998 0.16015625
2 0.5192760416666666 0.8329444444444445 0.01974479166666659 0.047126157407407415