0 0.11067708333333333 0.1398148148148148 0.14505208333333333 0.10648148148148148
0 0.4309895833333333 0.15694444444444444 0.11171875 0.17083333333333334
0 0.62421875 0.20694444444444443 0.009895833333333333 0.175
0 0.5658854166666667 0.2199074074074074 0.08776041666666666 0.20601851851851852
0 0.0234375 0.22407407407407406 0.04635416666666667 0.11296296296296296
3 0.32838541666666665 0.24259259259259258 0.06328125 0.33564814814814814
0 0.17057291666666666 0.03148148148148148 0.13697916666666668 0.06296296296296296
0 0.09791666666666667 0.30925925925925923 0.06953125 0.22083333333333333
0 0.4588541666666667 0.3106481481481482 0.13541666666666666 0.18287037037037038
0 0.20989583333333334 0.33611111111111114 0.13489583333333333 0.17824074074074073
0 0.5286458333333334 0.03564814814814815 0.06458333333333334 0.0712962962962963
0 0.03671875 0.03935185185185185 0.06197916666666667 0.0787037037037037
0 0.5263020833333333 0.4134259259259259 0.1375 0.11944444444444445
0 0.6166666666666667 0.42592592592592593 0.024479166666666666 0.09814814814814815
0 0.43697916666666664 0.4962962962962963 0.07291666666666667 0.1648148148148148
0 0.6174479166666667 0.5259259259259259 0.023177083333333334 0.07592592592592592
0 0.33125 0.5277777777777778 0.059895833333333336 0.10138888888888889
2 0.7671875 0.33287037037037037 0.06979166666666667 0.16018518518518518
0 0.18984375 0.7842592592592592 0.18151041666666667 0.07962962962962963