0 0.07916666666666666 0.1375 0.10364583333333334 0.10462962962962963
0 0.30807291666666664 0.15416666666666667 0.0796875 0.16805555555555557
0 0.44609375 0.2037037037037037 0.0067708333333333336 0.17222222222222222
0 0.4044270833333333 0.2162037037037037 0.06276041666666667 0.2023148148148148
0 0.016666666666666666 0.22037037037037038 0.03333333333333333 0.1111111111111111
3 0.23463541666666668 0.23842592592592593 0.0453125 0.3296296296296296
0 0.121875 0.030555555555555555 0.09739583333333333 0.06111111111111111
0 0.07005208333333333 0.3037037037037037 0.04973958333333333 0.21666666666666667
0 0.32786458333333335 0.3050925925925926 0.096875 0.17962962962962964
0 0.15 0.3300925925925926 0.09635416666666667 0.17546296296296296
0 0.37786458333333334 0.034722222222222224 0.045572916666666664 0.06944444444444445
0 0.026302083333333334 0.038425925925925926 0.04375 0.07685185185185185
0 0.37604166666666666 0.4060185185185185 0.09817708333333333 0.11712962962962963
0 0.44088541666666664 0.4185185185185185 0.017447916666666667 0.0962962962962963
0 0.3125 0.4875 0.052083333333333336 0.16203703703703703
0 0.44114583333333335 0.5166666666666667 0.016666666666666666 0.07453703703703704
0 0.23671875 0.5185185185185185 0.04296875 0.09953703703703703