0 0.09296875 0.1037037037037037 0.12213541666666666 0.07916666666666666
0 0.3625 0.1162037037037037 0.09401041666666667 0.12685185185185185
0 0.5252604166666667 0.15324074074074073 0.00859375 0.12916666666666668
0 0.47604166666666664 0.16296296296296298 0.07395833333333333 0.1527777777777778
0 0.01953125 0.16620370370370371 0.0390625 0.0837962962962963
3 0.2760416666666667 0.17962962962962964 0.053125 0.24861111111111112
0 0.14348958333333334 0.023148148148148147 0.11458333333333333 0.046296296296296294
0 0.08229166666666667 0.22916666666666666 0.05859375 0.16342592592592592
0 0.3859375 0.2300925925925926 0.1140625 0.13518518518518519
0 0.1765625 0.2490740740740741 0.11354166666666667 0.13240740740740742
0 0.44479166666666664 0.02638888888888889 0.05364583333333333 0.052314814814814814
0 0.030989583333333334 0.029166666666666667 0.0515625 0.05787037037037037
0 0.4427083333333333 0.30648148148148147 0.115625 0.08842592592592592
0 0.51875 0.31574074074074077 0.020572916666666666 0.07268518518518519
0 0.36744791666666665 0.3680555555555556 0.06067708333333333 0.12268518518518519
0 0.5192708333333333 0.38981481481481484 0.01953125 0.05648148148148148
0 0.2786458333333333 0.3912037037037037 0.050520833333333334 0.075
0 0.6435572916666668 0.27196296296296296 0.12032779947916658 0.12222800925925917
0 0.2180520833333333 0.8230648148148147 0.02550748697916667 0.033304976851851756
0 0.7614583333333333 0.9532407407407407 0.12083333333333333 0.09166666666666666