0 0.06328125 0.1449074074074074 0.08307291666666666 0.11018518518518519
0 0.24635416666666668 0.1625 0.06380208333333333 0.17685185185185184
0 0.3567708333333333 0.21388888888888888 0.005989583333333334 0.18009259259259258
0 0.3234375 0.22777777777777777 0.05026041666666667 0.21296296296296297
0 0.01328125 0.23194444444444445 0.0265625 0.11712962962962963
3 0.18776041666666668 0.25092592592592594 0.03619791666666667 0.3476851851851852
0 0.09765625 0.032407407407407406 0.07786458333333333 0.06435185185185185
0 0.055989583333333336 0.3199074074074074 0.03984375 0.22824074074074074
0 0.26223958333333336 0.3212962962962963 0.07734375 0.18888888888888888
0 0.12005208333333334 0.34814814814814815 0.07708333333333334 0.18472222222222223
0 0.3020833333333333 0.03657407407407407 0.036458333333333336 0.07314814814814814
0 0.02109375 0.040740740740740744 0.0359375 0.08148148148148149
0 0.30078125 0.42777777777777776 0.07864583333333333 0.12361111111111112
0 0.35260416666666666 0.4412037037037037 0.0140625 0.10185185185185185
0 0.24973958333333332 0.513425925925926 0.0421875 0.1712962962962963
0 0.3528645833333333 0.5444444444444444 0.01328125 0.0787037037037037
0 0.18932291666666667 0.5462962962962963 0.034375 0.1050925925925926
2 0.631859375 0.8503703703703703 0.0187373046874999 0.0453975694444443