0 0.022705078125 0.008719182200841852 0.04541015625 0.017438364401683705
0 0.538330078125 0.02164762477450391 0.03759765625 0.04329524954900782
0 0.58642578125 0.013830426939266387 0.0693359375 0.027660853878532773
0 0.2265625 0.011725796752856284 0.076171875 0.02345159350571257
0 0.6064453125 0.01413108839446783 0.0458984375 0.02826217678893566
0 0.475341796875 0.028562838244137103 0.05126953125 0.057125676488274206
0 0.021484375 0.03788334335538184 0.04296875 0.04810583283223091
0 0.37255859375 0.0396873120865905 0.044921875 0.0396873120865905
2 0.0830078125 0.04028863499699339 0.03521728515625 0.07696933253156946
0 0.27197265625 0.043896572459410706 0.03424072265625 0.07704449789536981
0 0.2138671875 0.057125676488274206 0.058624267578125 0.05768941671677691
0 0.1484375 0.07276007215874924 0.044921875 0.0841852074564041
0 0.30029296875 0.07336139506915214 0.051788330078125 0.08535027059530968
0 0.517578125 0.0835838845460012 0.060546875 0.06982862297053517
0 0.40966796875 0.08899579073962718 0.03997802734375 0.09748947684906795
0 0.326171875 0.09440769693325315 0.07611083984375 0.04810583283223091
0 0.4833984375 0.11725796752856284 0.0380859375 0.07336139506915214
0 0.30712890625 0.14852675886951291 0.0224609375 0.057651834034876726
0 0.20849609375 0.15995189416716776 0.04986572265625 0.07569152134696332
0 0.03173828125 0.16656644618159952 0.0478515625 0.08426037282020445
0 0.60302734375 0.2110643415514131 0.052734375 0.06734816596512327
0 0.05810546875 0.22730006013229104 0.0576171875 0.03961214672279014
0 0.447265625 0.23451593505712567 0.0673828125 0.06366506313890559
0 0.119384765625 0.2417318099819603 0.06201171875 0.05532170775706555
0 0.527099609375 0.24954900781719783 0.07568359375 0.0396873120865905
0 0.05615234375 0.4010823812387252 0.1123046875 0.12266987372218882
0 0.22216796875 0.45219482862297056 0.14459228515625 0.11312387251954299
0 0.42578125 0.5099218280216476 0.078125 0.175623872519543
0 0.036376953125 0.547504509921828 0.07275390625 0.1497294046903187
0 0.36865234375 0.7047504509921828 0.080047607421875 0.1852450390859892
0 0.5205078125 0.28472639807576666 0.1240234375 0.029464822609741433
0 0.6025390625 0.29374624173180997 0.0537109375 0.047504509921828024
0 0.0498046875 0.2988574864702345 0.068359375 0.05772699939867709
0 0.0478515625 0.8983764281419122 0.095703125 0.06855081178592905
0 0.286376953125 0.33734215273601925 0.05419921875 0.13469633193024655
0 0.5234375 0.32832230907997595 0.1318359375 0.11665664461815996