0 0.021484375 0.03998797354179194 0.04296875 0.07997594708358388
0 0.2900390625 0.0417919422730006 0.0302734375 0.0835838845460012
0 0.05517578125 0.4359591100420926 0.0263671875 0.07456404088995791
0 0.12841796875 0.4491882140709561 0.075164794921875 0.04810583283223091
0 0.029296875 0.4588093806374023 0.0390625 0.07569152134696332
0 0.10888671875 0.04329524954900782 0.030242919921875 0.07336139506915214
0 0.29052734375 0.4846662657847264 0.055694580078125 0.05776458208057727
0 0.01806640625 0.5057125676488274 0.0361328125 0.04209260372820205
0 0.2548828125 0.5063138905592303 0.04486083984375 0.03840950090198437
0 0.10986328125 0.539386650631389 0.02642822265625 0.08298256163559832
0 0.22607421875 0.539987973541792 0.0673828125 0.038447083583884545
0 0.0556640625 0.5490078171978352 0.058563232421875 0.034914311485267586
0 0.0439453125 0.5835838845460012 0.060546875 0.030667468430547205
0 0.278076171875 0.584786530366807 0.04638671875 0.02826217678893566
0 0.002685546875 0.07366205652435358 0.00537109375 0.04149128081779916
0 0.3359375 0.07576668671076368 0.0361328125 0.09140108238123873
0 0.0576171875 0.07997594708358388 0.02923583984375 0.07103126879134095
0 0.34228515625 0.007817197835237523 0.0439453125 0.015634395670475046
0 0.14013671875 0.11966325917017438 0.06640625 0.030028562838244136
0 0.359619140625 0.1211665664461816 0.01904296875 0.09320505111244738
0 0.017578125 0.12477450390859891 0.03515625 0.07396271797955502
0 0.07177734375 0.1455201443174985 0.040008544921875 0.07933704149128082
0 0.3203125 0.1581479254359591 0.0458984375 0.06975345760673482
0 0.1787109375 0.18400481058328322 0.042938232421875 0.04092754058929645
0 0.363037109375 0.19182200841852073 0.01220703125 0.04810583283223091
0 0.224609375 0.19242333132892364 0.0380859375 0.06971587492483464
0 0.249267578125 0.018641010222489478 0.02880859375 0.037282020444978956
0 0.3203125 0.20685508117859291 0.06646728515625 0.045775706554419725
0 0.115234375 0.21467227901383043 0.046905517578125 0.058929645219482865
0 0.2060546875 0.24113048707155743 0.0595703125 0.050511124473842456
0 0.1455078125 0.25856885147324116 0.070281982421875 0.05535929043896572
0 0.044921875 0.2675886951292844 0.027374267578125 0.08538785327720987
0 0.10009765625 0.26819001803968734 0.034210205078125 0.05528412507516536
0 0.26025390625 0.2693926638604931 0.04583740234375 0.09380637402285028
0 0.34130859375 0.29164161154539986 0.0556640625 0.07095610342754059
0 0.171875 0.29344558027660855 0.076171875 0.03611695730607336
0 0.28369140625 0.3042693926638605 0.04296875 0.06133493686109441
0 0.349609375 0.30547203848466625 0.0390625 0.06133493686109441
0 0.05908203125 0.3223090799759471 0.041015625 0.0818550811785929
0 0.083984375 0.32772098616957307 0.044891357421875 0.06734816596512327
0 0.009521484375 0.3340348767288034 0.01904296875 0.08719182200841852
0 0.12890625 0.33553818400481056 0.0712890625 0.04337041491280818
0 0.197265625 0.3523752254960914 0.0361328125 0.06975345760673482
0 0.18408203125 0.03187011425135298 0.043975830078125 0.06129735417919423
0 0.36279296875 0.034275405892964524 0.0126953125 0.06855081178592905
0 0.13134765625 0.3740228502705953 0.07421875 0.03607937462417318
0 0.263671875 0.3788334335538184 0.03912353515625 0.06855081178592905
0 0.35791015625 0.39116055321707754 0.0224609375 0.035478051713770296
0 0.0732421875 0.39747444377630786 0.048828125 0.06855081178592905
0 0.1435546875 0.40408899579073965 0.06243896484375 0.028863499699338546
0 0.30908203125 0.4149128081779916 0.056640625 0.07456404088995791
0 0.21923828125 0.4167167769092002 0.04205322265625 0.0841852074564041
2 0.01708984375 0.7877330126277812 0.01959228515625 0.029990980156343956