0 0.341796875 0.2994588093806374 0.03717041015625 0.09019843656043296
0 0.1005859375 0.31208659049909804 0.0673828125 0.052916416115454
0 0.42333984375 0.3259170174383644 0.067352294921875 0.0661455201443175
0 0.51025390625 0.3343355381840048 0.0380859375 0.03126879134095009
0 0.140625 0.3343355381840048 0.0498046875 0.060094708358388454
0 0.2392578125 0.3529765484064943 0.0498046875 0.0853126879134095
0 0.197265625 0.35417919422730004 0.031280517578125 0.08302014431749849
0 0.009521484375 0.3571858087793145 0.01904296875 0.058929645219482865
0 0.3896484375 0.36740829825616356 0.064422607421875 0.06494287432351173
0 0.1630859375 0.38123872519542995 0.03515625 0.10102224894768491
0 0.49267578125 0.39025856885147325 0.0595703125 0.06494287432351173
3 0.0927734375 0.396873120865905 0.0771484375 0.06133493686109441
0 0.0927734375 0.4076969332531569 0.04290771484375 0.08426037282020445
0 0.3369140625 0.4215273601924233 0.076202392578125 0.03483914612146723
0 0.2490234375 0.44738424533974747 0.064483642578125 0.05532170775706555
0 0.494384765625 0.45490078171978354 0.03759765625 0.0487071557426338
0 0.24755859375 0.009320505111244739 0.03515625 0.018641010222489478
0 0.319091796875 0.012026458208057728 0.04248046875 0.024052916416115455
0 0.0693359375 0.020144317498496694 0.0380859375 0.04028863499699339
0 0.42333984375 0.013529765484064944 0.0810546875 0.027059530968129887
0 0.35888671875 0.03217077570655442 0.0390625 0.06434155141310884
0 0.02197265625 0.03307276007215875 0.0439453125 0.0661455201443175
0 0.15478515625 0.03848466626578473 0.0625 0.06133493686109441
0 0.4423828125 0.04930847865303668 0.046875 0.07095610342754059
0 0.2294921875 0.052315093205051115 0.033203125 0.06253758268190018
0 0.08251953125 0.06434155141310884 0.049835205078125 0.046940769693325314
0 0.027099609375 0.079374624173181 0.05419921875 0.04690318701142514
0 0.29541015625 0.0835838845460012 0.073211669921875 0.032471437161755864
0 0.3896484375 0.0841852074564041 0.0380859375 0.0926037282020445
0 0.4912109375 0.10703547805171378 0.023468017578125 0.08662808177991581
0 0.43701171875 0.11665664461815996 0.068359375 0.040965123271196634
0 0.51513671875 0.13980757666867108 0.0283203125 0.06554419723391461
0 0.349609375 0.14371617558628982 0.02545166015625 0.07088093806374023
0 0.04638671875 0.16416115453998797 0.065399169921875 0.07091852074564041
0 0.06201171875 0.17799158147925437 0.0634765625 0.060169873722188814
0 0.31787109375 0.1888153938665063 0.04193115234375 0.07448887552615754
0 0.39111328125 0.19061936259771498 0.08203125 0.04690318701142514
0 0.08837890625 0.20685508117859291 0.0625 0.05528412507516536
0 0.25244140625 0.2110643415514131 0.02642822265625 0.09380637402285028
0 0.447265625 0.23932651834034877 0.0537109375 0.07212116656644618
0 0.4794921875 0.2507516536380036 0.040985107421875 0.1021873120865905
0 0.0810546875 0.26337943475646425 0.068359375 0.03487672880336741
0 0.01904296875 0.2877330126277811 0.0380859375 0.07516536380036079
2 0.20751953125 0.7678893565844859 0.18756103515625 0.17070054119061936
3 0.71044921875 0.6981358989777511 0.361328125 0.26217678893565843
0 0.630126953125 0.9383644016837042 0.20068359375 0.12206855081178593
0 0.831298828125 0.5673481659651233 0.33642578125 0.17498496692723992