0 0.31201171875 0.26337943475646425 0.03717041015625 0.09019843656043296
0 0.07080078125 0.2760072158749248 0.0673828125 0.052916416115454
0 0.57568359375 0.2766085387853277 0.02734375 0.05652435357787132
0 0.3935546875 0.2898376428141912 0.06732177734375 0.0661455201443175
0 0.4921875 0.29825616355983164 0.061492919921875 0.03123120865904991
0 0.11083984375 0.29825616355983164 0.0498046875 0.060094708358388454
0 0.20947265625 0.31689717378232113 0.0498046875 0.0853126879134095
0 0.16748046875 0.3180998196031269 0.03131103515625 0.08305772699939867
0 0.5244140625 0.3223090799759471 0.0625 0.07456404088995791
0 0.35986328125 0.3313289236319904 0.064422607421875 0.06494287432351173
0 0.13330078125 0.34515935057125674 0.03515625 0.10102224894768491
0 0.462890625 0.35417919422730004 0.0595703125 0.06494287432351173
3 0.06298828125 0.3607937462417318 0.0771484375 0.06133493686109441
0 0.54296875 0.3656043295249549 0.059600830078125 0.08903337342152735
0 0.06298828125 0.37161755862898377 0.04290771484375 0.08426037282020445
0 0.30712890625 0.38544798556825016 0.07623291015625 0.03480156343956705
0 0.21923828125 0.41130487071557426 0.064483642578125 0.05532170775706555
0 0.46435546875 0.4449789536981359 0.037109375 0.10102224894768491
0 0.5126953125 0.45279615153337344 0.069305419921875 0.054119061936259774
0 0.15283203125 0.4576067348165965 0.076141357421875 0.03724443776307877
0 0.54248046875 0.46482260974143114 0.06451416015625 0.032396271797955505
0 0.4013671875 0.4714371617558629 0.05078125 0.07689416716776909
0 0.298828125 0.4924834636199639 0.044921875 0.0396873120865905
2 0.013671875 0.49188214070956104 0.02734375 0.07456404088995791
0 0.56982421875 0.49488875526157544 0.0390625 0.06374022850270596
0 0.1982421875 0.49338544798556827 0.03515625 0.07155742633794347
0 0.14013671875 0.5051112447384245 0.0595703125 0.04810583283223091
0 0.074951171875 0.5063138905592303 0.04541015625 0.045700541190619365
0 0.2265625 0.5063138905592303 0.052734375 0.045700541190619365
0 0.444091796875 0.5150330727600722 0.06103515625 0.02826217678893566
0 0.3359375 0.5108238123872519 0.0400390625 0.03668069753457607
0 0.3291015625 0.01413108839446783 0.0390625 0.02826217678893566
0 0.125244140625 0.01683704149128082 0.06298828125 0.03367408298256164
0 0.412841796875 0.02465423932651834 0.04736328125 0.04930847865303668
0 0.199951171875 0.024052916416115455 0.03369140625 0.04810583283223091
0 0.052734375 0.02826217678893566 0.04986572265625 0.0469783523752255
0 0.56396484375 0.03668069753457607 0.05078125 0.04810583283223091
0 0.01220703125 0.04329524954900782 0.0244140625 0.04690318701142514
0 0.265625 0.047504509921828024 0.07318115234375 0.032471437161755864
0 0.35986328125 0.04810583283223091 0.0380859375 0.0926037282020445
0 0.52734375 0.05832832230907998 0.0673828125 0.04329524954900782
0 0.46142578125 0.07095610342754059 0.023468017578125 0.08662808177991581
0 0.4072265625 0.08057726999398677 0.068359375 0.040965123271196634
0 0.57275390625 0.08869512928442573 0.033203125 0.05592303066746843
0 0.49755859375 0.10342754058929646 0.05267333984375 0.06494287432351173
0 0.31982421875 0.10763680096211665 0.02545166015625 0.07088093806374023
0 0.024658203125 0.1280817799158148 0.04931640625 0.07095610342754059
0 0.52734375 0.13469633193024655 0.04583740234375 0.08411004209260373
0 0.0322265625 0.14191220685508119 0.0634765625 0.060169873722188814
0 0.2880859375 0.15273601924233313 0.04193115234375 0.07448887552615754
0 0.361328125 0.1545399879735418 0.08203125 0.04690318701142514
0 0.56005859375 0.161455201443175 0.05859375 0.039085989176187615
0 0.05859375 0.17077570655441973 0.0625 0.05528412507516536
0 0.22265625 0.17498496692723992 0.026397705078125 0.09380637402285028
0 0.41748046875 0.20324714371617558 0.0537109375 0.07212116656644618
0 0.44970703125 0.21467227901383043 0.04095458984375 0.10214972940469032
0 0.560791015625 0.21707757065544198 0.05712890625 0.04930847865303668
0 0.05126953125 0.22730006013229104 0.068359375 0.03487672880336741
0 0.52392578125 0.25856885147324116 0.05078125 0.026458208057727
0 0.2568359375 0.7263980757666867 0.01177978515625 0.019167167769092
0 0.2314453125 0.7642814191220686 0.0234375 0.025255562236921228
0 0.31005859375 0.856885147324113 0.01666259765625 0.03848466626578473