0 0.248046875 0.24954900781719783 0.03717041015625 0.09019843656043296
0 0.0205078125 0.2624774503908599 0.041015625 0.05351773902585689
0 0.32763671875 0.2763078773301263 0.0634765625 0.06674684305472038
0 0.046875 0.28442573662056525 0.0498046875 0.060094708358388454
0 0.1455078125 0.30306674684305474 0.0498046875 0.08535027059530968
0 0.103515625 0.3042693926638605 0.031280517578125 0.08302014431749849
0 0.2958984375 0.317498496692724 0.06439208984375 0.06494287432351173
0 0.0693359375 0.3313289236319904 0.03515625 0.10102224894768491
3 0.01904296875 0.34726398075766685 0.0380859375 0.0619362597714973
0 0.01025390625 0.3577871316897174 0.0205078125 0.08538785327720987
0 0.2431640625 0.37161755862898377 0.076202392578125 0.03483914612146723
0 0.1552734375 0.39747444377630786 0.064483642578125 0.05532170775706555
0 0.0888671875 0.44377630787733013 0.07611083984375 0.037206855081178596
0 0.335693359375 0.4576067348165965 0.04736328125 0.07696933253156946
0 0.23486328125 0.47865303668069753 0.044921875 0.0396873120865905
0 0.13427734375 0.48286229705351774 0.03424072265625 0.07704449789536981
0 0.076171875 0.49609140108238126 0.058624267578125 0.05768941671677691
0 0.016845703125 0.5120264582080577 0.03369140625 0.08478653036680697
0 0.16259765625 0.5123271196632592 0.051788330078125 0.08535027059530968
0 0.27197265625 0.5279615153337343 0.03997802734375 0.09748947684906795
0 0.1884765625 0.5333734215273602 0.07611083984375 0.04810583283223091
0 0.343017578125 0.5565243535778713 0.03271484375 0.07396271797955502
0 0.16943359375 0.5874924834636199 0.0224609375 0.057651834034876726
0 0.07080078125 0.5989176187612748 0.049835205078125 0.0757291040288635
0 0.309814453125 0.6554419723391461 0.06787109375 0.027660853878532773
0 0.26513671875 0.0072158749248346366 0.0390625 0.014431749849669273
0 0.061279296875 0.009921828021647625 0.06298828125 0.01984365604329525
0 0.34228515625 0.017739025856885148 0.0341796875 0.035478051713770296
0 0.135986328125 0.017137702946482262 0.03369140625 0.034275405892964524
0 0.007080078125 0.019242333132892364 0.01416015625 0.03848466626578473
0 0.20166015625 0.03367408298256164 0.07318115234375 0.032471437161755864
0 0.296142578125 0.04058929645219483 0.03857421875 0.08117859290438965
0 0.334228515625 0.06674684305472038 0.05029296875 0.04209260372820205
0 0.255859375 0.09380637402285028 0.02545166015625 0.07088093806374023
0 0.22412109375 0.13890559230306676 0.041961669921875 0.07452645820805773
0 0.29736328125 0.1407095610342754 0.08203125 0.04690318701142514
0 0.01318359375 0.15694527961515334 0.0263671875 0.05532170775706555
0 0.15869140625 0.16115453998797355 0.026397705078125 0.09380637402285028
0 0.343017578125 0.1894167167769092 0.03271484375 0.07215874924834637
0 0.010986328125 0.2137702946482261 0.02197265625 0.035478051713770296
0 0.38818359375 0.2898376428141912 0.02337646484375 0.03006614552014432
0 0.4873046875 0.30968129885748646 0.0146484375 0.03480156343956705
0 0.38623046875 0.3223090799759471 0.021453857421875 0.028901082381238726
2 0.4658203125 0.37161755862898377 0.022430419921875 0.01679945880938064
0 0.58984375 0.3728202044497895 0.0234375 0.024128081779915815
0 0.50244140625 0.37702946482260974 0.019561767578125 0.019242333132892364
0 0.478515625 0.3788334335538184 0.020538330078125 0.015634395670475046
0 0.37646484375 0.3830426939266386 0.021514892578125 0.020444978953698137
0 0.453125 0.3830426939266386 0.018524169921875 0.01803968731208659
0 0.47314453125 0.40408899579073965 0.0166015625 0.03367408298256164
0 0.48876953125 0.4052916416115454 0.019500732421875 0.025255562236921228
2 0.37060546875 0.4218280216476248 0.021484375 0.030667468430547205
0 0.41357421875 0.43235117257967526 0.025390625 0.020444978953698137
0 0.362060546875 0.4855682501503307 0.00439453125 0.02465423932651834
0 0.69873046875 0.533974744437763 0.0322265625 0.026458208057727
0 0.47265625 0.6205652435357787 0.03125 0.03848466626578473
2 0.666015625 0.7546602525556224 0.017578125 0.03123120865904991