0 0.31982421875 0.3048707155742634 0.0673828125 0.052916416115454
0 0.0478515625 0.31449188214070956 0.07513427734375 0.04810583283223091
0 0.35986328125 0.3271196632591702 0.0498046875 0.06005712567648827
0 0.2099609375 0.34996993385447983 0.05572509765625 0.05780216476247745
0 0.17431640625 0.37161755862898377 0.044891357421875 0.038447083583884545
0 0.382080078125 0.37432351172579675 0.03466796875 0.10162357185808779
3 0.31201171875 0.3896572459410704 0.0771484375 0.06133493686109441
0 0.31201171875 0.4004810583283223 0.04290771484375 0.08426037282020445
0 0.029296875 0.4046903187011425 0.02642822265625 0.08298256163559832
0 0.1455078125 0.4052916416115454 0.0673828125 0.03840950090198437
0 0.197265625 0.4672279013830427 0.0458984375 0.06253758268190018
0 0.381591796875 0.4864702345159351 0.03564453125 0.037282020444978956
0 0.1865234375 0.5195429945880938 0.0625 0.04806825015033073
2 0.25830078125 0.5219482862297053 0.03521728515625 0.07696933253156946
0 0.02783203125 0.52916416115454 0.0478515625 0.05776458208057727
0 0.37939453125 0.5387853277209862 0.0400390625 0.05772699939867709
0 0.323974609375 0.5508117859290439 0.04541015625 0.07696933253156946
0 0.062744140625 0.576668671076368 0.07958984375 0.025255562236921228
0 0.28857421875 0.016536380036079375 0.0380859375 0.03307276007215875
0 0.239990234375 0.029464822609741433 0.04638671875 0.058929645219482865
0 0.37109375 0.03156945279615153 0.056640625 0.0619362597714973
0 0.09814453125 0.04930847865303668 0.042938232421875 0.04092754058929645
0 0.3017578125 0.057125676488274206 0.049835205078125 0.046940769693325314
0 0.14404296875 0.05772699939867709 0.0380859375 0.06967829224293445
0 0.23974609375 0.07215874924834637 0.066436767578125 0.04573812387251954
0 0.03466796875 0.07997594708358388 0.04693603515625 0.058929645219482865
0 0.12548828125 0.10643415514131088 0.0595703125 0.050511124473842456
0 0.06494140625 0.1238725195429946 0.07025146484375 0.05539687312086591
0 0.01953125 0.13349368610944076 0.03424072265625 0.05524654239326518
0 0.1796875 0.13469633193024655 0.04583740234375 0.09380637402285028
0 0.265625 0.15694527961515334 0.065399169921875 0.07091852074564041
0 0.09130859375 0.158749248346362 0.076171875 0.03615453998797354
0 0.203125 0.16957306073361395 0.04296875 0.06133493686109441
0 0.28125 0.17077570655441973 0.0634765625 0.060169873722188814
0 0.012939453125 0.19332531569452796 0.02587890625 0.06794948887552615
0 0.3076171875 0.19963920625375828 0.0625 0.05528412507516536
0 0.04833984375 0.20084185207456404 0.0712890625 0.043332832230907996
0 0.11669921875 0.21767889356584486 0.0361328125 0.06975345760673482
0 0.05078125 0.23932651834034877 0.07421875 0.03607937462417318
0 0.18310546875 0.24413710162357186 0.039093017578125 0.06855081178592905
0 0.30029296875 0.2561635598316296 0.068359375 0.03487672880336741
0 0.0087890625 0.2630787733012628 0.017578125 0.06915213469633193
0 0.06298828125 0.2693926638604931 0.062469482421875 0.028863499699338546
0 0.228515625 0.28021647624774504 0.056640625 0.07456404088995791
0 0.138671875 0.2820204449789537 0.04205322265625 0.0841852074564041
0 0.63037109375 0.34155141310883946 0.025360107421875 0.024090499098015635
0 0.427734375 0.4016837041491281 0.0234375 0.025255562236921228
2 0.66064453125 0.6680697534576068 0.0234375 0.043257666867107636
0 0.61279296875 0.7540589296452195 0.03118896484375 0.02758568851473241
0 0.4658203125 0.7600721587492484 0.02056884765625 0.03480156343956705
0 0.59716796875 0.825616355983163 0.0263671875 0.027660853878532773
0 0.46728515625 0.9188214070956103 0.015594482421875 0.015671978352375226
0 0.4892578125 0.9464822609741431 0.0205078125 0.032546602525556224
0 0.78662109375 0.9555021046301864 0.019500732421875 0.026458208057727
0 0.7666015625 0.9555021046301864 0.018585205078125 0.03607937462417318
0 0.8232421875 0.9675285628382442 0.028289794921875 0.01683704149128082
0 0.77001953125 0.9813589897775106 0.0205078125 0.015709561034275406
0 0.7431640625 0.9837642814191221 0.02447509765625 0.025255562236921228