0 0.5712890625 0.070068359375 0.015625 0.07373046875
0 0.0048828125 0.077392578125 0.009765625 0.06103515625
0 0.34130859375 0.080078125 0.0673828125 0.04296875
0 0.0693359375 0.087890625 0.07513427734375 0.0390625
0 0.38134765625 0.09814453125 0.0498046875 0.04876708984375
0 0.47998046875 0.11328125 0.0498046875 0.06927490234375
0 0.43798828125 0.1142578125 0.03131103515625 0.06744384765625
0 0.2314453125 0.11669921875 0.055694580078125 0.046905517578125
0 0.19580078125 0.13427734375 0.044891357421875 0.031219482421875
0 0.40380859375 0.13623046875 0.03515625 0.08203125
3 0.33349609375 0.14892578125 0.0771484375 0.0498046875
0 0.33349609375 0.15771484375 0.042938232421875 0.068389892578125
0 0.05078125 0.1611328125 0.02642822265625 0.0673828125
0 0.1669921875 0.16162109375 0.0673828125 0.031219482421875
0 0.012939453125 0.1689453125 0.02587890625 0.029296875
0 0.55908203125 0.1689453125 0.0400390625 0.0283203125
0 0.48974609375 0.18994140625 0.06451416015625 0.044921875
0 0.007568359375 0.208251953125 0.01513671875 0.04736328125
0 0.21875 0.2119140625 0.0458984375 0.05078125
0 0.42333984375 0.2275390625 0.076141357421875 0.030242919921875
0 0.2080078125 0.25439453125 0.0625 0.039031982421875
0 0.56298828125 0.256103515625 0.0322265625 0.03271484375
2 0.27978515625 0.25634765625 0.035186767578125 0.0625
0 0.46875 0.25927734375 0.03424072265625 0.06256103515625
0 0.04931640625 0.26220703125 0.0478515625 0.04693603515625
0 0.41064453125 0.27001953125 0.05865478515625 0.04681396484375
0 0.34521484375 0.28271484375 0.044921875 0.068359375
0 0.4970703125 0.283203125 0.05181884765625 0.06927490234375
0 0.52294921875 0.30029296875 0.076141357421875 0.0390625
0 0.083984375 0.30908203125 0.0791015625 0.037078857421875
0 0.50390625 0.34423828125 0.0224609375 0.046844482421875
0 0.4052734375 0.353515625 0.04986572265625 0.06146240234375
0 0.08203125 0.35595703125 0.065460205078125 0.03125
0 0.228515625 0.35888671875 0.0478515625 0.06842041015625
0 0.169921875 0.39453125 0.0693359375 0.029296875
0 0.255126953125 0.400634765625 0.05810546875 0.01708984375
0 0.316162109375 0.4033203125 0.06201171875 0.01171875
0 0.02490234375 0.008544921875 0.044921875 0.01708984375
0 0.329345703125 0.008544921875 0.06298828125 0.01708984375
0 0.070068359375 0.0068359375 0.07177734375 0.013671875
0 0.4931640625 0.018310546875 0.02734375 0.03662109375
0 0.138427734375 0.01904296875 0.03662109375 0.0380859375
0 0.072265625 0.02685546875 0.07421875 0.029296875
0 0.20458984375 0.03076171875 0.039093017578125 0.0556640625
0 0.32177734375 0.04052734375 0.068359375 0.0283203125
0 0.01953125 0.046142578125 0.0390625 0.05615234375
0 0.08447265625 0.05126953125 0.062469482421875 0.0234375
0 0.25 0.06005859375 0.056640625 0.060546875
0 0.16015625 0.0615234375 0.042022705078125 0.068359375
0 0.80712890625 0.18798828125 0.03216552734375 0.015625
0 0.8330078125 0.1884765625 0.02337646484375 0.029296875
0 0.84033203125 0.2626953125 0.017578125 0.014678955078125
0 0.8681640625 0.263671875 0.01171875 0.014678955078125
2 0.85595703125 0.26611328125 0.014678955078125 0.0263671875
2 0.90087890625 0.26904296875 0.0166015625 0.02935791015625
0 0.8779296875 0.26953125 0.01959228515625 0.0302734375
2 0.83984375 0.27685546875 0.01568603515625 0.02923583984375
2 0.81689453125 0.32275390625 0.018585205078125 0.033233642578125
0 0.021728515625 0.50048828125 0.04345703125 0.181640625
0 0.475341796875 0.503173828125 0.20751953125 0.07763671875
0 0.27734375 0.57080078125 0.099609375 0.23828125
0 0.1025390625 0.5986328125 0.1630859375 0.214874267578125
0 0.474853515625 0.624267578125 0.20849609375 0.13818359375
0 0.4580078125 0.77099609375 0.21875 0.10638427734375
3 0.19287109375 0.85498046875 0.303680419921875 0.19140625
0 0.04931640625 0.873291015625 0.0986328125 0.15087890625
0 0.498779296875 0.923583984375 0.15087890625 0.15185546875
0 0.39892578125 0.9345703125 0.1318359375 0.1298828125
0 0.270751953125 0.951904296875 0.10791015625 0.09521484375
0 0.149169921875 0.97021484375 0.10498046875 0.05859375
0 0.33935546875 0.443115234375 0.1201171875 0.06689453125
0 0.509521484375 0.4296875 0.13916015625 0.0400390625
0 0.16455078125 0.4677734375 0.107421875 0.1162109375
2 0.9228515625 0.766357421875 0.06201171875 0.09423828125