0 0.41650390625 0.45219123505976094 0.0732421875 0.13010458167330677
0 0.236572265625 0.045816733067729085 0.09716796875 0.09163346613545817
0 0.647705078125 0.49269588313413015 0.06005859375 0.09296148738379814
0 0.628173828125 0.05444887118193891 0.10400390625 0.10889774236387782
0 0.4736328125 0.1752988047808765 0.04486083984375 0.15405046480743692
0 0.11376953125 0.17795484727755645 0.1005859375 0.09159196547144755
0 0.208984375 0.23904382470119523 0.1064453125 0.13280212483399734
0 0.35400390625 0.3061088977423639 0.1123046875 0.09819057104913678
0 0.4853515625 0.399734395750332 0.05072021484375 0.18185590969455512
0 0.341796875 0.4110225763612218 0.1240234375 0.08233731739707835
0 0.9453125 0.07104913678618859 0.011688232421875 0.03979913678618858
0 0.8251953125 0.07569721115537849 0.015625 0.035856573705179286
0 0.9208984375 0.14873837981407703 0.01953125 0.03324203187250996
0 0.7353515625 0.24435590969455512 0.029296875 0.03589807436918991
0 0.9306640625 0.25298804780876494 0.015625 0.03718459495351926
0 0.8037109375 0.3353253652058433 0.0263671875 0.03851261620185923
0 0.748046875 0.3884462151394422 0.01556396484375 0.034611553784860555
0 0.1220703125 0.9110225763612217 0.023468017578125 0.03054448871181939
0 0.11474609375 0.9262948207171314 0.012664794921875 0.027888446215139442
0 0.1298828125 0.9701195219123506 0.0234375 0.025315405046480742