0 0.23876953125 0.1328125 0.0732421875 0.12752278645833334
0 0.3134765625 0.26953125 0.1220703125 0.06380208333333333
0 0.176513671875 0.018880208333333332 0.11279296875 0.037760416666666664
0 0.3076171875 0.08528645833333333 0.05078125 0.17057291666666666
0 0.1640625 0.09244791666666667 0.1240234375 0.08072916666666667
0 0.60400390625 0.310546875 0.10650634765625 0.07169596354166667
0 0.15380859375 0.6998697916666666 0.02447509765625 0.024820963541666668
0 0.64404296875 0.498046875 0.0498046875 0.14583333333333334
0 0.587890625 0.583984375 0.0517578125 0.108154296875
0 0.74853515625 0.6061197916666666 0.0654296875 0.12113444010416667
0 0.62255859375 0.6236979166666666 0.0810546875 0.16670735677083334
0 0.79443359375 0.6555989583333334 0.095703125 0.13151041666666666
0 0.85009765625 0.6647135416666666 0.142578125 0.08333333333333333
0 0.98828125 0.6702473958333334 0.0224609375 0.212890625
0 0.552734375 0.7005208333333334 0.080078125 0.11197916666666667
0 0.923828125 0.716796875 0.048858642578125 0.13671875
0 0.7919921875 0.7630208333333334 0.125 0.104248046875
0 0.6044921875 0.7734375 0.1064453125 0.16276041666666666
0 0.6796875 0.779296875 0.10748291015625 0.15885416666666666
0 0.890625 0.8235677083333334 0.119140625 0.14449055989583334
0 0.539306640625 0.9241536458333334 0.07568359375 0.150390625
0 0.630615234375 0.9391276041666666 0.07568359375 0.12044270833333333