0 0.260498046875 0.02011704462326262 0.07373046875 0.04023408924652524
0 0.475341796875 0.06510607168983175 0.02783203125 0.1302121433796635
0 0.3349609375 0.12216532553035844 0.1220703125 0.07168983174835405
0 0.43310546875 0.14996342355523043 0.0400390625 0.1755669348939283
0 0.00927734375 0.36247256766642283 0.0185546875 0.11338697878566203
0 0.6025390625 0.29846378931967815 0.021484375 0.026335040234089245
2 0.935546875 0.3167520117044623 0.02056884765625 0.048280907095830286
0 0.5859375 0.3247988295537674 0.01275634765625 0.02203730797366496
0 0.56201171875 0.33504023408924655 0.02728271484375 0.024963423555230433
0 0.55712890625 0.35259692757863936 0.017547607421875 0.030724213606437453
0 0.9033203125 0.3650329188002926 0.0322265625 0.029261155815654718
0 0.87060546875 0.37088514996342353 0.031280517578125 0.020437088514996343
2 0.931640625 0.373811265544989 0.01849365234375 0.04087417702999269
0 0.107421875 0.7542062911485004 0.01953125 0.020528529626920262
2 0.150390625 0.7542062911485004 0.011688232421875 0.023454645208485735
0 0.9560546875 0.5471836137527433 0.0244140625 0.043983174835406
0 0.9482421875 0.6554498902706657 0.0146484375 0.04969824433065106
0 0.974609375 0.6554498902706657 0.03326416015625 0.02039136795903438
0 0.9599609375 0.6971470373079737 0.039093017578125 0.026335040234089245
0 0.994140625 0.7874908558888076 0.0107421875 0.05047549378200439
0 0.67041015625 0.9612289685442575 0.0361328125 0.035204828090709586
0 0.93896484375 0.9934162399414777 0.0166015625 0.011704462326261888