0 0.15185546875 0.45501097293343085 0.0732421875 0.1432882223847842
0 0.376220703125 0.5325530358449159 0.04638671875 0.16825164594001463
0 0.35546875 0.03840526700804682 0.087890625 0.07681053401609364
0 0.2265625 0.6086320409656182 0.1220703125 0.07168983174835405
0 0.324951171875 0.5987564008778347 0.04052734375 0.10021945866861741
0 0.208984375 0.14996342355523043 0.04486083984375 0.16971470373079736
0 0.08935546875 0.2940746159473299 0.1123046875 0.10817483540599854
0 0.220703125 0.3972201901975128 0.05072021484375 0.2003474762253109
0 0.0771484375 0.40965618141916604 0.1240234375 0.09070958302852963
1 0.8486328125 0.25091441111923923 0.12408447265625 0.10095098756400878
0 0.4443359375 0.916605705925384 0.02630615234375 0.023408924652523776