0 0.30224609375 0.39795171909290417 0.0732421875 0.1432882223847842
0 0.359375 0.09290416971470374 0.04486083984375 0.16971470373079736
0 0.025146484375 0.0958302852962692 0.05029296875 0.10095098756400878
0 0.0947265625 0.16313094367227504 0.1064453125 0.14630577907827358
0 0.23974609375 0.2370153621068032 0.1123046875 0.10817483540599854
0 0.37109375 0.3401609363569861 0.05072021484375 0.2003474762253109
0 0.2275390625 0.35259692757863936 0.1240234375 0.09070958302852963
0 0.52099609375 0.20409656181419167 0.025421142578125 0.026335040234089245
0 0.55126953125 0.21872713972201902 0.01953125 0.019065471836137528
0 0.46533203125 0.2553035844915874 0.0126953125 0.030724213606437453
0 0.14892578125 0.8061448427212875 0.0234375 0.035204828090709586
0 0.20068359375 0.8215069495245062 0.012725830078125 0.029261155815654718
0 0.48876953125 0.761521580102414 0.015625 0.036485003657644476
0 0.54736328125 0.7644476956839795 0.0146484375 0.03653072421360644
0 0.86474609375 0.7805413313825896 0.020477294921875 0.027798098024871983