0 0.3921875 0.10694444444444444 0.08619791666666667 0.11018518518518519
0 0.32473958333333336 0.16203703703703703 0.10729166666666666 0.0763888888888889
0 0.16302083333333334 0.16342592592592592 0.046875 0.1439814814814815
3 0.2265625 0.18055555555555555 0.07083333333333333 0.2657407407407407
0 0.017447916666666667 0.19027777777777777 0.034895833333333334 0.11990740740740741
0 0.07265625 0.2212962962962963 0.08932291666666667 0.09722222222222222
0 0.14088541666666668 0.29444444444444445 0.11145833333333334 0.1037037037037037
0 0.17213541666666668 0.031018518518518518 0.07760416666666667 0.062037037037037036
0 0.3372395833333333 0.30416666666666664 0.0953125 0.0912037037037037
0 0.22734375 0.35509259259259257 0.10442708333333334 0.06157407407407407
0 0.009895833333333333 0.37546296296296294 0.019791666666666666 0.06018518518518518
0 0.31171875 0.39675925925925926 0.0921875 0.09398148148148149
0 0.4661458333333333 0.41898148148148145 0.02578125 0.10694444444444444
0 0.3658854166666667 0.41944444444444445 0.06666666666666667 0.1398148148148148
0 0.015104166666666667 0.45046296296296295 0.029947916666666668 0.11342592592592593
0 0.29296875 0.047685185185185185 0.04869791666666667 0.09537037037037037
0 0.22838541666666667 0.47129629629629627 0.058854166666666666 0.15555555555555556
0 0.4203125 0.48055555555555557 0.050520833333333334 0.15694444444444444
0 0.29739583333333336 0.5018518518518519 0.054427083333333334 0.11435185185185186
0 0.32890625 0.5143518518518518 0.035416666666666666 0.08796296296296297
0 0.46458333333333335 0.5162037037037037 0.02890625 0.0837962962962963
0 0.12369791666666667 0.549537037037037 0.04869791666666667 0.01712962962962963
0 0.09375 0.09305555555555556 0.11380208333333333 0.0824074074074074
0 0.6138072916666667 0.12832407407407406 0.017141927083333286 0.04813078703703697
2 0.9344322916666666 0.24497222222222226 0.02600781249999997 0.047317129629629806
0 0.6587812500000001 0.27121296296296293 0.0296875 0.022249999999999975
0 0.5502552083333333 0.3009907407407408 0.024527994791666667 0.0315740740740742
0 0.9412864583333334 0.32120370370370366 0.015619140624999991 0.04076736111111127
0 0.49322916666666666 0.3398148148148148 0.027083333333333334 0.03333333333333333
0 0.990625 0.3458333333333333 0.017708333333333333 0.03611111111111111
0 0.9300052083333333 0.3534537037037037 0.03069531249999997 0.025939814814814697
0 0.039682291666666696 0.623675925925926 0.02398111979166669 0.051018518518518644
0 0.8300833333333333 0.8397685185185185 0.0989381510416667 0.18611689814814816
0 0.6049479166666667 0.9222222222222223 0.20572916666666666 0.1537037037037037