0 0.18307291666666667 0.00787037037037037 0.07447916666666667 0.01574074074074074
0 0.34140625 0.0125 0.0484375 0.025
0 0.30364583333333334 0.017592592592592594 0.0375 0.03518518518518519
0 0.2552083333333333 0.038425925925925926 0.057291666666666664 0.07685185185185185
0 0.3636770833333333 0.03745370370370369 0.050008463541666735 0.05088194444444443
0 0.2908854166666667 0.044444444444444446 0.0328125 0.08888888888888889
0 0.09055729166666666 0.048435185185185185 0.05728352864583333 0.07502835648148147
0 0.4034114583333333 0.06114814814814814 0.04637272135416666 0.053655671296296246
0 0.18856250000000002 0.06985185185185185 0.032279947916666704 0.11201909722222224
0 0.24091666666666667 0.08075 0.05577018229166667 0.08794097222222222
0 0.012239583333333333 0.08564814814814815 0.024479166666666666 0.0824074074074074
0 0.40280208333333334 0.10089814814814817 0.03541992187500007 0.12405208333333327
0 0.35908333333333337 0.10598148148148147 0.03802864583333327 0.08429050925925921
0 0.3100625 0.10925925925925926 0.05679134114583337 0.035237847222222216
0 0.14153125 0.11614814814814814 0.05102604166666668 0.05184953703703709
0 0.22661458333333334 0.14228703703703705 0.046898437500000036 0.08239699074074083
0 0.09086458333333333 0.16016666666666668 0.039082682291666664 0.10746180555555558
0 0.4122395833333333 0.1638888888888889 0.05364583333333333 0.04259259259259259
0 0.03229166666666667 0.1648148148148148 0.06458333333333334 0.06296296296296296
0 0.16098437499999999 0.17178703703703702 0.0666520182291667 0.09905902777777777
3 0.3071927083333333 0.17397222222222222 0.1078307291666666 0.08154282407407404
0 0.3681770833333333 0.17441666666666666 0.02135481770833335 0.05927083333333338
0 0.4057604166666666 0.21237037037037038 0.04170182291666672 0.05187384259259265
0 0.25827083333333334 0.21309259259259258 0.028122395833333393 0.07872685185185183
0 0.19004166666666666 0.2256203703703704 0.07607812499999997 0.05642361111111111
0 0.3055104166666667 0.24803703703703703 0.05464388020833333 0.06667592592592592
0 0.05165104166666667 0.28805555555555556 0.039060546875000005 0.0999189814814814
0 0.28584375 0.29669444444444437 0.08957031249999996 0.06945775462962961
0 0.40911458333333334 0.30787037037037035 0.059895833333333336 0.07314814814814814
0 0.24375 0.32175925925925924 0.029166666666666667 0.05462962962962963
2 0.474484375 0.03324999999999997 0.014560221354166696 0.03886053240740731
0 0.21276562499999999 0.7067037037037037 0.01820638020833331 0.0379716435185186
0 0.19375520833333332 0.7233703703703703 0.010440104166666705 0.02499131944444436
0 0.16128125 0.74775 0.025547526041666775 0.0380567129629629
0 0.1620677083333333 0.7661203703703704 0.016653645833333404 0.03423148148148151
0 0.840625 0.675 0.09088541666666666 0.19953703703703704