0 0.25833333333333336 0.13194444444444445 0.06145833333333333 0.06759259259259259
0 0.13379687499999998 0.1336574074074074 0.040614257812500006 0.12592187499999996
3 0.188984375 0.14839814814814814 0.06148046875000001 0.23237615740740736
0 0.011458333333333333 0.1574074074074074 0.022916666666666665 0.10555555555555556
0 0.05534895833333334 0.18436111111111111 0.07761393229166667 0.08515972222222219
0 0.11451041666666667 0.24795370370370373 0.09685839843749999 0.0907540509259259
0 0.14192708333333334 0.022685185185185187 0.0671875 0.04537037037037037
0 0.26640625 0.2569444444444444 0.0453125 0.08055555555555556
0 0.18965625 0.30095370370370367 0.09062434895833332 0.05371238425925924
0 0.0049479166666666664 0.3194444444444444 0.009895833333333333 0.053703703703703705
0 0.2557291666666667 0.337037037037037 0.06666666666666667 0.08333333333333333
0 0.009375 0.3814814814814815 0.01875 0.09444444444444444
0 0.246875 0.0375 0.042708333333333334 0.075
0 0.19036458333333334 0.3814814814814815 0.0515625 0.09444444444444444
0 0.25052083333333336 0.40370370370370373 0.04791666666666667 0.05
0 0.27578125 0.4152777777777778 0.0265625 0.026851851851851852
0 0.07355729166666666 0.07224074074074073 0.09895768229166668 0.07220312499999998
2 0.5044270833333333 0.3680555555555556 0.04739583333333333 0.12129629629629629
0 0.5792552083333333 0.9054722222222222 0.0187376302083333 0.04441608796296287