0 0.4166666666666667 0.10324074074074074 0.09166666666666666 0.10648148148148148
0 0.3453125 0.15648148148148147 0.1140625 0.07361111111111111
0 0.17317708333333334 0.15787037037037038 0.04973958333333333 0.1388888888888889
3 0.24088541666666666 0.17407407407407408 0.07526041666666666 0.2564814814814815
0 0.018489583333333334 0.18333333333333332 0.03697916666666667 0.11574074074074074
0 0.07734375 0.21388888888888888 0.09505208333333333 0.09398148148148149
0 0.14973958333333334 0.28379629629629627 0.11848958333333333 0.1
0 0.18333333333333332 0.02962962962962963 0.08098958333333334 0.05925925925925926
0 0.35859375 0.2935185185185185 0.10130208333333333 0.08796296296296297
0 0.24166666666666667 0.3425925925925926 0.1109375 0.05925925925925926
0 0.01015625 0.3625 0.0203125 0.05648148148148148
0 0.33125 0.38287037037037036 0.09817708333333333 0.09074074074074075
0 0.49557291666666664 0.4041666666666667 0.02734375 0.10324074074074074
0 0.3888020833333333 0.4050925925925926 0.07083333333333333 0.13472222222222222
0 0.016145833333333335 0.43472222222222223 0.03177083333333333 0.10925925925925926
0 0.31145833333333334 0.046296296296296294 0.052083333333333336 0.09259259259259259
0 0.24270833333333333 0.4550925925925926 0.0625 0.15046296296296297
0 0.4466145833333333 0.4638888888888889 0.05364583333333333 0.15138888888888888
0 0.31614583333333335 0.4842592592592593 0.05807291666666667 0.11064814814814815
0 0.3494791666666667 0.4962962962962963 0.0375 0.08472222222222223
0 0.4940104166666667 0.4986111111111111 0.03046875 0.08055555555555556
0 0.13151041666666666 0.5305555555555556 0.0515625 0.016203703703703703
0 0.09947916666666666 0.08981481481481482 0.12109375 0.07962962962962963
0 0.5712708333333334 0.5088611111111112 0.029684895833333395 0.023243055555555732
0 0.2453125 0.9837962962962963 0.026041666666666668 0.030555555555555555
0 0.32109375 0.9944444444444445 0.018229166666666668 0.009259259259259259