0 0.11692708333333333 0.11851851851851852 0.07447916666666667 0.10462962962962963
0 0.059895833333333336 0.13518518518518519 0.04739583333333333 0.1449074074074074
0 0.30052083333333335 0.13842592592592592 0.06953125 0.050462962962962966
0 0.5989583333333334 0.1486111111111111 0.04244791666666667 0.05740740740740741
0 0.20234375 0.15416666666666667 0.07838541666666667 0.08842592592592592
0 0.06484375 0.018055555555555554 0.028125 0.03611111111111111
0 0.33255208333333336 0.018518518518518517 0.04973958333333333 0.037037037037037035
0 0.3703125 0.18333333333333332 0.05130208333333333 0.05277777777777778
0 0.33046875 0.1865740740740741 0.039322916666666666 0.07083333333333333
0 0.603125 0.20833333333333334 0.04973958333333333 0.10648148148148148
0 0.27890625 0.22037037037037038 0.06015625 0.10324074074074074
0 0.41822916666666665 0.023148148148148147 0.035416666666666666 0.04583333333333333
0 0.39401041666666664 0.225 0.053125 0.06157407407407407
0 0.31692708333333336 0.22870370370370371 0.034375 0.11666666666666667
0 0.10442708333333334 0.23842592592592593 0.06067708333333333 0.09074074074074075
0 0.4361979166666667 0.2537037037037037 0.04921875 0.06481481481481481
0 0.20833333333333334 0.26435185185185184 0.03411458333333333 0.13564814814814816
0 0.2638020833333333 0.2773148148148148 0.05911458333333333 0.10648148148148148
0 0.016927083333333332 0.28379629629629627 0.03359375 0.09861111111111111
0 0.5903645833333333 0.2861111111111111 0.05416666666666667 0.10787037037037037
0 0.4354166666666667 0.30185185185185187 0.0375 0.15046296296296297
0 0.3890625 0.30787037037037035 0.040364583333333336 0.10231481481481482
0 0.3372395833333333 0.31203703703703706 0.06015625 0.04259259259259259
0 0.52890625 0.03194444444444444 0.032552083333333336 0.06388888888888888
0 0.15833333333333333 0.32037037037037036 0.05416666666666667 0.06296296296296296
0 0.24869791666666666 0.35185185185185186 0.04973958333333333 0.1
0 0.46901041666666665 0.03796296296296296 0.06067708333333333 0.07546296296296297
0 0.1046875 0.3736111111111111 0.04140625 0.1300925925925926
0 0.44609375 0.37777777777777777 0.05807291666666667 0.050462962962962966
0 0.03828125 0.3787037037037037 0.0765625 0.07592592592592592
0 0.6143229166666667 0.38101851851851853 0.029947916666666668 0.05925925925925926
0 0.17890625 0.38796296296296295 0.07057291666666667 0.11990740740740741
3 0.3341145833333333 0.3902777777777778 0.11432291666666666 0.09907407407407408
0 0.39869791666666665 0.3912037037037037 0.02265625 0.07175925925925926
0 0.18619791666666666 0.040740740740740744 0.03802083333333333 0.08148148148148149
0 0.23229166666666667 0.041666666666666664 0.0625 0.08287037037037037
0 0.5666666666666667 0.41388888888888886 0.07291666666666667 0.0787037037037037
0 0.15494791666666666 0.04351851851851852 0.0671875 0.08703703703703704
0 0.43854166666666666 0.43703703703703706 0.044270833333333336 0.06296296296296296
2 0.013802083333333333 0.044444444444444446 0.027604166666666666 0.08888888888888889
0 0.28229166666666666 0.43796296296296294 0.029947916666666668 0.09537037037037037
0 0.20989583333333334 0.4532407407407407 0.08072916666666667 0.06851851851851852
0 0.33229166666666665 0.48009259259259257 0.05807291666666667 0.08101851851851852
0 0.2830729166666667 0.05 0.027604166666666666 0.1
0 0.06302083333333333 0.5287037037037037 0.04140625 0.12129629629629629
0 0.31145833333333334 0.5393518518518519 0.09505208333333333 0.08425925925925926
0 0.44869791666666664 0.5523148148148148 0.07630208333333334 0.0875
0 0.5908854166666667 0.05694444444444444 0.03307291666666667 0.10092592592592593
0 0.2669270833333333 0.6203703703703703 0.03046875 0.16712962962962963
0 0.12916666666666668 0.07962962962962963 0.053125 0.06296296296296296
0 0.5502604166666667 0.10231481481481482 0.027083333333333334 0.08425925925925926
0 0.34739583333333335 0.10787037037037037 0.06848958333333334 0.06759259259259259
0 0.75703125 0.12896296296296295 0.01818164062500003 0.05095138888888892
0 0.6451197916666668 0.2368148148148148 0.017202799479166586 0.0500109953703704
0 0.7161458333333334 0.3736944444444445 0.023970703125000034 0.03989236111111112
0 0.8002708333333334 0.37627777777777777 0.02340039062500002 0.039854166666666475
0 0.7692395833333333 0.3969259259259259 0.0187252604166666 0.037993634259259404
0 0.7893020833333334 0.4040092592592593 0.01458072916666661 0.024100694444444605
0 0.8308697916666666 0.4151296296296297 0.025533203125000032 0.023123842592592484
0 0.7635416666666667 0.4206111111111111 0.015673828125 0.0268206018518518
0 0.8015989583333334 0.42343518518518514 0.026075520833333244 0.022179398148148267
0 0.7271145833333333 0.4305185185185186 0.027134114583333258 0.022122685185185117
0 0.73834375 0.431425925925926 0.023392578124999966 0.049983796296296366
2 0.8037447916666667 0.4404166666666666 0.017189778645833324 0.04352777777777777
0 0.834125 0.45546296296296296 0.021376953125000025 0.033359953703703864
0 0.7058958333333334 0.46873148148148147 0.012496744791666596 0.03797048611111117
0 0.7766510416666667 0.5242777777777778 0.023971354166666594 0.034265625000000036