0 0.36770833333333336 0.07453703703703704 0.08098958333333334 0.07685185185185185
0 0.3046875 0.11296296296296296 0.10078125 0.05324074074074074
0 0.15286458333333333 0.11388888888888889 0.04375 0.10046296296296296
3 0.2125 0.1259259259259259 0.06640625 0.18518518518518517
0 0.01640625 0.13240740740740742 0.032552083333333336 0.08333333333333333
0 0.06822916666666666 0.15416666666666667 0.08385416666666666 0.06805555555555555
0 0.13203125 0.2050925925925926 0.1046875 0.07222222222222222
0 0.16145833333333334 0.021296296296296296 0.071875 0.04259259259259259
0 0.31640625 0.21203703703703702 0.08932291666666667 0.06342592592592593
0 0.21328125 0.24722222222222223 0.09791666666666667 0.043055555555555555
0 0.009114583333333334 0.26157407407407407 0.01796875 0.040740740740740744
0 0.29244791666666664 0.2763888888888889 0.08671875 0.06574074074074074
0 0.43723958333333335 0.29212962962962963 0.02421875 0.07453703703703704
0 0.34322916666666664 0.29259259259259257 0.0625 0.09722222222222222
0 0.0140625 0.3138888888888889 0.028125 0.07916666666666666
0 0.2747395833333333 0.03333333333333333 0.045572916666666664 0.06666666666666667
0 0.21432291666666667 0.3287037037037037 0.05520833333333333 0.10833333333333334
0 0.39427083333333335 0.3347222222222222 0.04791666666666667 0.10833333333333334
0 0.27890625 0.34953703703703703 0.0515625 0.0787037037037037
0 0.30859375 0.35833333333333334 0.03307291666666667 0.06111111111111111
0 0.4359375 0.3597222222222222 0.027083333333333334 0.058333333333333334
0 0.11614583333333334 0.38333333333333336 0.045572916666666664 0.012037037037037037
0 0.08776041666666666 0.06481481481481481 0.10677083333333333 0.05740740740740741
0 0.21802604166666667 0.6914259259259259 0.025537109375 0.04074942129629638
0 0.32490625 0.7165833333333333 0.024476236979166663 0.022249999999999975
2 0.42726562500000004 0.7357222222222223 0.01770572916666673 0.043423611111110934
0 0.27203125 0.7440462962962964 0.026050781249999964 0.04361111111111124
0 0.34530208333333334 0.8107037037037037 0.027108072916666733 0.03245312500000005
0 0.3283802083333333 0.8576203703703704 0.019246093749999933 0.05091898148148154
2 0.33896875000000004 0.9097592592592593 0.018235677083333356 0.05656944444444447
0 0.831515625 0.6018796296296296 0.023466796875000046 0.03522569444444449
0 0.8570677083333335 0.6178888888888888 0.011965169270833442 0.05000115740740743
0 0.871890625 0.6276759259259259 0.019779947916666648 0.036120370370370365
0 0.8748697916666667 0.66675 0.02291210937500002 0.0296064814814815
0 0.7762916666666667 0.6881018518518518 0.022393229166666608 0.04819907407407413
0 0.8875364583333334 0.6978611111111112 0.016646484375000034 0.04163136574074081
0 0.86303125 0.8111018518518519 0.019779947916666648 0.04445081018518522