0 0.10677083333333333 0.020370370370370372 0.07083333333333333 0.040740740740740744
0 0.05286458333333333 0.03518518518518519 0.0453125 0.07037037037037037
0 0.2799479166666667 0.017592592592592594 0.06614583333333333 0.03518518518518519
0 0.5598958333333334 0.022685185185185187 0.03854166666666667 0.04537037037037037
0 0.18723958333333332 0.03148148148148148 0.07447916666666667 0.06296296296296296
0 0.345578125 0.05027777777777779 0.048416341145833285 0.04351851851851852
0 0.3078958333333333 0.053092592592592594 0.03699153645833337 0.05840972222222226
0 0.56015625 0.0712962962962963 0.03802083333333333 0.08888888888888889
0 0.2592291666666667 0.08068518518518518 0.056771484375000014 0.08526273148148149
0 0.36784374999999997 0.08467592592592592 0.05001692708333335 0.05083796296296294
0 0.2952291666666667 0.08785185185185185 0.0323274739583334 0.09636805555555554
0 0.09472395833333333 0.09565740740740741 0.057275390625 0.07505671296296294
0 0.40757812499999996 0.10837037037037037 0.04637272135416666 0.053655671296296246
0 0.19272916666666667 0.11707407407407407 0.032279947916666704 0.11201909722222224
0 0.24508333333333335 0.12797222222222224 0.05577018229166667 0.08794097222222222
0 0.014322916666666666 0.13287037037037036 0.028645833333333332 0.0824074074074074
0 0.5530833333333334 0.13524074074074074 0.05106054687500006 0.08892013888888885
0 0.40696875 0.1481203703703704 0.035423177083333354 0.12403009259259258
0 0.36325 0.15320370370370368 0.0380247395833333 0.08427488425925928
0 0.31422916666666667 0.15648148148148147 0.05681184895833328 0.035290509259259244
0 0.14569791666666668 0.16337037037037036 0.05102604166666668 0.05184953703703709
0 0.23078125000000002 0.18950925925925927 0.046898437500000036 0.08239699074074083
0 0.09503125 0.2073888888888889 0.039102864583333355 0.10751620370370377
0 0.41697395833333334 0.21066666666666664 0.054703776041666666 0.04171180555555549
0 0.034375 0.21203703703703702 0.06875 0.06296296296296296
0 0.5703125 0.21388888888888888 0.017708333333333333 0.05
0 0.16515104166666666 0.21900925925925924 0.0666520182291667 0.09905902777777777
3 0.311359375 0.22119444444444444 0.1078216145833333 0.08151215277777771
0 0.37234375 0.22163888888888889 0.02135546874999991 0.05928240740740739
0 0.5306145833333333 0.24062037037037037 0.0687597656250001 0.06482060185185187
0 0.40992708333333333 0.2595925925925926 0.04168424479166669 0.05186284722222225
0 0.2624375 0.2603148148148148 0.028122395833333393 0.07872685185185183
0 0.19420833333333334 0.2728425925925926 0.07607812499999997 0.05642361111111111
0 0.3096770833333334 0.2952592592592593 0.05464388020833333 0.06667592592592592
0 0.055817708333333334 0.3352777777777778 0.039061523437499995 0.0999594907407407
0 0.2900104166666667 0.3439166666666666 0.08955729166666669 0.06947106481481477
0 0.41932291666666666 0.35470370370370363 0.07189420572916667 0.07226099537037027
0 0.24791666666666667 0.39537037037037037 0.029166666666666667 0.10740740740740741
0 0.5151041666666667 0.009259259259259259 0.026041666666666668 0.018518518518518517
0 0.32421875 0.008333333333333333 0.06510416666666667 0.016666666666666666
0 0.8825572916666666 0.0481759259259259 0.023496093749999978 0.03526620370370368
0 0.9081093750000001 0.06418518518518518 0.011965169270833442 0.050001157407407404
0 0.9229322916666667 0.0739722222222222 0.01978580729166666 0.03611574074074074
0 0.9259114583333333 0.11304629629629627 0.02291210937500002 0.0296064814814815
0 0.8273333333333334 0.13439814814814813 0.02239453124999997 0.04817361111111114
0 0.938578125 0.1441574074074074 0.01662630208333328 0.04159606481481485
0 0.9140729166666667 0.25739814814814815 0.019779947916666648 0.04445081018518522
0 0.0018229166666666667 0.9583333333333334 0.0036458333333333334 0.02962962962962963
0 0.04089062499999999 0.9638055555555555 0.012997721354166695 0.0314525462962963
0 0.6690052083333333 0.8638703703703704 0.012993489583333328 0.03884085648148138
0 0.6390781249999999 0.8873333333333334 0.009345703124999953 0.02692592592592607
0 0.6856822916666666 0.8905648148148148 0.01304361979166669 0.02498090277777768
0 0.651125 0.8972685185185185 0.024985677083333376 0.020471064814814696
0 0.6179062500000001 0.9011666666666667 0.010928710937499985 0.0472471064814815
0 0.6623697916666667 0.9167314814814815 0.019789062499999944 0.03610474537037055
0 0.6171822916666667 0.9181481481481482 0.0240110677083333 0.04540162037037021
2 0.6694375000000001 0.922675925925926 0.02131445312500008 0.03611111111111111
0 0.6291197916666665 0.9407037037037037 0.014589192708333224 0.038802083333333334