0 0.465625 0.09953703703703703 0.10260416666666666 0.10231481481481482
0 0.3859375 0.15046296296296297 0.12760416666666666 0.07083333333333333
0 0.19375 0.15185185185185185 0.05546875 0.1337962962962963
3 0.26901041666666664 0.1675925925925926 0.08411458333333334 0.24675925925925926
0 0.020833333333333332 0.1763888888888889 0.041666666666666664 0.11203703703703703
0 0.08645833333333333 0.20555555555555555 0.10625 0.09027777777777778
0 0.1671875 0.27314814814814814 0.13255208333333332 0.0962962962962963
0 0.20442708333333334 0.028703703703703703 0.09114583333333333 0.05694444444444444
0 0.40078125 0.2824074074074074 0.11328125 0.08472222222222223
0 0.27005208333333336 0.3296296296296296 0.12395833333333334 0.05694444444444444
0 0.01171875 0.3486111111111111 0.0234375 0.056018518518518516
0 0.3703125 0.3685185185185185 0.10963541666666667 0.0875
0 0.5536458333333333 0.3888888888888889 0.030729166666666665 0.09953703703703703
0 0.43463541666666666 0.38981481481481484 0.07916666666666666 0.12962962962962962
0 0.01796875 0.41805555555555557 0.03567708333333333 0.1050925925925926
0 0.34791666666666665 0.044444444444444446 0.0578125 0.08842592592592592
0 0.2713541666666667 0.43796296296296294 0.06979166666666667 0.14444444444444443
0 0.49921875 0.4462962962962963 0.059895833333333336 0.14583333333333334
0 0.353125 0.46574074074074073 0.065625 0.10555555555555556
0 0.390625 0.4777777777777778 0.04192708333333333 0.08148148148148149
0 0.5520833333333334 0.47962962962962963 0.03411458333333333 0.07777777777777778
0 0.14713541666666666 0.5106481481481482 0.0578125 0.01574074074074074
0 0.11119791666666666 0.08657407407407407 0.13541666666666666 0.07685185185185185
0 0.22386979166666668 0.5709074074074074 0.023435221354166556 0.041618634259259366