0 0.09270833333333334 0.11018518518518519 0.05911458333333333 0.09722222222222222
0 0.04765625 0.1259259259259259 0.037760416666666664 0.13472222222222222
0 0.23854166666666668 0.12916666666666668 0.05520833333333333 0.04722222222222222
0 0.47552083333333334 0.13842592592592592 0.033854166666666664 0.05324074074074074
0 0.16067708333333333 0.14351851851851852 0.062239583333333334 0.0824074074074074
0 0.0515625 0.016666666666666666 0.022395833333333334 0.03333333333333333
0 0.2640625 0.01712962962962963 0.03958333333333333 0.03425925925925926
0 0.29401041666666666 0.17037037037037037 0.04088541666666667 0.049074074074074076
0 0.26223958333333336 0.1736111111111111 0.03125 0.06574074074074074
0 0.47890625 0.19398148148148148 0.03958333333333333 0.09907407407407408
0 0.22135416666666666 0.20462962962962963 0.04791666666666667 0.0962962962962963
0 0.33203125 0.021296296296296296 0.028125 0.04259259259259259
0 0.31276041666666665 0.20925925925925926 0.0421875 0.05740740740740741
0 0.2515625 0.21296296296296297 0.027083333333333334 0.1087962962962963
0 0.0828125 0.22175925925925927 0.048177083333333336 0.08472222222222223
0 0.3463541666666667 0.2361111111111111 0.0390625 0.060648148148148145
0 0.16536458333333334 0.24583333333333332 0.027083333333333334 0.12638888888888888
0 0.209375 0.25833333333333336 0.046875 0.09907407407407408
0 0.013541666666666667 0.2638888888888889 0.026822916666666665 0.09212962962962963
0 0.46875 0.2662037037037037 0.04296875 0.10046296296296296
0 0.3458333333333333 0.2810185185185185 0.029947916666666668 0.1398148148148148
0 0.30885416666666665 0.2865740740740741 0.03203125 0.09490740740740741
0 0.2677083333333333 0.2902777777777778 0.04791666666666667 0.03981481481481482
0 0.4200520833333333 0.03009259259259259 0.0265625 0.06018518518518518
0 0.12578125 0.29814814814814816 0.04296875 0.058333333333333334
0 0.19739583333333333 0.3277777777777778 0.03958333333333333 0.09305555555555556
0 0.3723958333333333 0.03518518518518519 0.048177083333333336 0.0699074074074074
0 0.08307291666666666 0.3476851851851852 0.0328125 0.12129629629629629
0 0.3541666666666667 0.35138888888888886 0.04609375 0.04722222222222222
0 0.030208333333333334 0.3523148148148148 0.06041666666666667 0.0699074074074074
0 0.48776041666666664 0.35462962962962963 0.023697916666666666 0.05555555555555555
0 0.1421875 0.36064814814814816 0.055989583333333336 0.11157407407407408
3 0.26536458333333335 0.36342592592592593 0.09088541666666666 0.09212962962962963
0 0.31666666666666665 0.3638888888888889 0.01796875 0.06666666666666667
0 0.14791666666666667 0.0375 0.029947916666666668 0.075
0 0.184375 0.03888888888888889 0.05 0.07777777777777778
0 0.45 0.3851851851851852 0.0578125 0.07314814814814814
0 0.12291666666666666 0.04027777777777778 0.053125 0.08055555555555556
0 0.34817708333333336 0.4064814814814815 0.03515625 0.058333333333333334
2 0.0109375 0.0412037037037037 0.021875 0.0824074074074074
0 0.22395833333333334 0.4074074074074074 0.023697916666666666 0.08888888888888889
0 0.16666666666666666 0.4217592592592593 0.0640625 0.06342592592592593
0 0.2638020833333333 0.44675925925925924 0.04609375 0.075
0 0.22473958333333333 0.04675925925925926 0.021875 0.09305555555555556
0 0.05 0.49212962962962964 0.0328125 0.11296296296296296
0 0.24739583333333334 0.5018518518518519 0.07552083333333333 0.07824074074074074
0 0.35625 0.5138888888888888 0.06067708333333333 0.08148148148148149
0 0.46927083333333336 0.05277777777777778 0.026302083333333334 0.09398148148148149
0 0.21197916666666666 0.5773148148148148 0.02421875 0.15555555555555556
0 0.10260416666666666 0.07407407407407407 0.0421875 0.058333333333333334
0 0.43697916666666664 0.09537037037037037 0.021354166666666667 0.07824074074074074
0 0.27578125 0.10046296296296296 0.054427083333333334 0.0625
2 0.7732656250000001 0.24976851851851853 0.014037760416666718 0.037018518518518534
0 0.6028645833333334 0.7342592592592593 0.03567708333333333 0.025925925925925925
0 0.6442708333333333 0.7425925925925926 0.030729166666666665 0.04212962962962963
0 0.5700520833333333 0.7490740740740741 0.01875 0.03981481481481482
0 0.61953125 0.7546296296296297 0.01875 0.02962962962962963
0 0.5903645833333333 0.7597222222222222 0.018229166666666668 0.03333333333333333
0 0.6606770833333333 0.7615740740740741 0.0375 0.020370370370370372
0 0.5526041666666667 0.763425925925926 0.021354166666666667 0.04722222222222222
0 0.63203125 0.7782407407407408 0.019270833333333334 0.04212962962962963
0 0.6502604166666667 0.7819444444444444 0.018229166666666668 0.038425925925925926
0 0.7002604166666667 0.7861111111111111 0.021875 0.03611111111111111
0 0.7434895833333334 0.7861111111111111 0.034375 0.026851851851851852
0 0.5848958333333333 0.787962962962963 0.034375 0.032407407407407406
0 0.7372395833333333 0.7967592592592593 0.039322916666666666 0.02175925925925926
0 0.640625 0.799537037037037 0.025 0.04537037037037037
0 0.7057291666666666 0.8046296296296296 0.03802083333333333 0.026851851851851852
0 0.7627604166666667 0.8111111111111111 0.029947916666666668 0.014351851851851852
0 0.7221354166666667 0.8138888888888889 0.039322916666666666 0.025925925925925925
0 0.5533854166666666 0.8152777777777778 0.01875 0.04953703703703704
0 0.59453125 0.8175925925925925 0.022395833333333334 0.040740740740740744
0 0.7911458333333333 0.8180555555555555 0.03177083333333333 0.03657407407407407
0 0.6518229166666667 0.8194444444444444 0.03619791666666667 0.03657407407407407
0 0.6768229166666667 0.8226851851851852 0.020052083333333335 0.03981481481481482
0 0.7203125 0.8240740740740741 0.029427083333333333 0.022685185185185187
0 0.51015625 0.8379629629629629 0.0203125 0.022222222222222223
3 0.75625 0.8444444444444444 0.048177083333333336 0.059722222222222225
0 0.571875 0.8476851851851852 0.04869791666666667 0.014351851851851852
0 0.6786458333333333 0.8532407407407407 0.050520833333333334 0.022222222222222223
0 0.61171875 0.8537037037037037 0.026302083333333334 0.05
0 0.7278645833333334 0.8550925925925926 0.01796875 0.040740740740740744
0 0.7122395833333334 0.8564814814814815 0.013020833333333334 0.026851851851851852
0 0.93828125 0.8587962962962963 0.026822916666666665 0.044444444444444446
0 0.9005208333333333 0.8666666666666667 0.04765625 0.040740740740740744
0 0.8768229166666667 0.8740740740740741 0.04375 0.037037037037037035
0 0.6802083333333333 0.874537037037037 0.04192708333333333 0.01712962962962963
0 0.8229166666666666 0.8782407407407408 0.045572916666666664 0.021296296296296296
0 0.5729166666666666 0.8810185185185185 0.04114583333333333 0.03981481481481482
0 0.8041666666666667 0.8962962962962963 0.05677083333333333 0.022222222222222223
0 0.5385416666666667 0.9277777777777778 0.03697916666666667 0.030555555555555555
0 0.7690104166666667 0.9421296296296297 0.04453125 0.04814814814814815
0 0.8552083333333333 0.9574074074074074 0.048177083333333336 0.031018518518518518
1 0.78984375 0.9638888888888889 0.0625 0.03425925925925926
0 0.8291666666666667 0.9791666666666666 0.03203125 0.019444444444444445
0 0.7971354166666667 0.987037037037037 0.021875 0.018518518518518517
0 0.5580729166666667 0.7189814814814814 0.04739583333333333 0.02361111111111111