0 0.33619791666666665 0.04490740740740741 0.07552083333333333 0.08981481481481482
0 0.278015625 0.08876851851851852 0.09324804687500006 0.06666898148148148
0 0.13744270833333333 0.09013888888888888 0.040614257812500006 0.12592187499999996
3 0.19244791666666666 0.11064814814814815 0.06197916666666667 0.2212962962962963
0 0.01328125 0.11388888888888889 0.0265625 0.10555555555555556
0 0.05899479166666667 0.1408425925925926 0.07760904947916668 0.08517245370370369
0 0.11815625 0.2044351851851852 0.09685839843749999 0.0907540509259259
0 0.2888645833333333 0.21312037037037038 0.08281640624999996 0.07963425925925925
0 0.19330208333333332 0.25743518518518516 0.09062434895833332 0.05371238425925924
0 0.006510416666666667 0.2759259259259259 0.013020833333333334 0.05185185185185185
0 0.26640625 0.2800925925925926 0.08072916666666667 0.05648148148148148
0 0.39947916666666666 0.2875 0.019791666666666666 0.041666666666666664
0 0.31354166666666666 0.28055555555555556 0.058333333333333334 0.05555555555555555
0 0.25052083333333336 0.01574074074074074 0.042708333333333334 0.03148148148148148
0 0.07734375 0.032407407407407406 0.09947916666666666 0.06481481481481481
0 0.5559895833333334 0.05949074074074074 0.015056640625000029 0.024981481481481497
2 0.5974010416666666 0.06627777777777781 0.01349544270833339 0.03045949074074075
0 0.44678125 0.6601018518518518 0.024473307291666777 0.022277777777777938
2 0.6514114583333334 0.677074074074074 0.014052408854166743 0.036102430555555474
2 0.5491406249999999 0.6792407407407408 0.01770703125000009 0.04347106481481462
0 0.46717708333333335 0.7542222222222221 0.027108072916666733 0.03245312500000005
0 0.4502552083333333 0.801138888888889 0.019246093749999933 0.05091898148148154
2 0.46084375000000005 0.8532777777777777 0.018235677083333356 0.05656944444444447