0 0.353515625 0.3304029304029304 0.1171875 0.07765567765567766
0 0.347900390625 0.036996336996337 0.13623046875 0.073992673992674
0 0.2265625 0.06263736263736264 0.078125 0.12527472527472527
0 0.1162109375 0.06996336996336996 0.0888671875 0.13992673992673993
0 0.4765625 0.14065934065934066 0.153350830078125 0.15677655677655677
0 0.06689453125 0.1575091575091575 0.093780517578125 0.22266483516483518
0 0.563232421875 0.17252747252747253 0.01220703125 0.24835164835164836
0 0.28466796875 0.1728937728937729 0.146453857421875 0.1451007326007326
0 0.48583984375 0.009157509157509158 0.052734375 0.018315018315018316
0 0.37744140625 0.2805860805860806 0.1435546875 0.1581959706959707
0 0.521240234375 0.26703296703296703 0.08154296875 0.2043956043956044
3 0.1328125 0.31575091575091574 0.19140625 0.10695970695970695
0 0.29541015625 0.3373626373626374 0.1513671875 0.06373626373626373
2 0.592529296875 0.319047619047619 0.04541015625 0.10036630036630037
0 0.22216796875 0.7003663003663003 0.0244140625 0.02783882783882784
0 0.16015625 0.7128205128205128 0.01458740234375 0.0336996336996337
0 0.5390625 0.7230769230769231 0.0224609375 0.027747252747252746