0 0.17236328125 0.05347985347985348 0.1865234375 0.10695970695970695
0 0.025634765625 0.15897435897435896 0.05126953125 0.1728937728937729
0 0.201171875 0.18827838827838828 0.1796875 0.10554029304029304
0 0.3994140625 0.23076923076923078 0.099639892578125 0.1934065934065934
0 0.09130859375 0.2761904761904762 0.1416015625 0.08493589743589744
0 0.17138671875 0.34505494505494505 0.14453125 0.147985347985348
0 0.404541015625 0.35274725274725277 0.10986328125 0.1076923076923077
0 0.017333984375 0.3575091575091575 0.03466796875 0.22271062271062272
0 0.228271484375 0.3824175824175824 0.13134765625 0.1728937728937729
0 0.28369140625 0.4106227106227106 0.1484375 0.11648351648351649
0 0.052734375 0.4087912087912088 0.10546875 0.12014652014652015
0 0.082275390625 0.3992673992673993 0.08447265625 0.1391941391941392
0 0.165771484375 0.447985347985348 0.05908203125 0.041758241758241756
0 0.03173828125 0.047619047619047616 0.0634765625 0.09523809523809523
3 0.39697265625 0.046886446886446886 0.125 0.09377289377289377
0 0.10400390625 0.8043956043956044 0.02728271484375 0.040934065934065934
0 0.29833984375 0.8908424908424909 0.02740478515625 0.029395604395604395
0 0.34521484375 0.8989010989010989 0.01953125 0.01904761904761905
0 0.32763671875 0.9084249084249084 0.0126953125 0.0336996336996337
0 0.30712890625 0.9318681318681319 0.0244140625 0.03232600732600733
0 0.76611328125 0.841025641025641 0.01177978515625 0.020604395604395604
2 0.80810546875 0.8446886446886447 0.00982666015625 0.023443223443223443