0 0.58154296875 0.4117216117216117 0.116241455078125 0.19487179487179487
0 0.10302734375 0.4336996336996337 0.186492919921875 0.12605311355311355
0 0.676025390625 0.5223443223443224 0.02685546875 0.1934065934065934
0 0.4833984375 0.545054945054945 0.091796875 0.2358974358974359
0 0.59130859375 0.5684981684981685 0.12408447265625 0.18177655677655677
0 0.575927734375 0.04835164835164835 0.13623046875 0.0967032967032967
0 0.1318359375 0.5787545787545788 0.1796875 0.10554029304029304
0 0.43701171875 0.5871794871794872 0.1044921875 0.20293040293040293
0 0.330078125 0.6065934065934065 0.1005859375 0.1641025641025641
0 0.05322265625 0.05384615384615385 0.1064453125 0.1076923076923077
0 0.046630859375 0.6564102564102564 0.09326171875 0.06446886446886448
0 0.538330078125 0.647985347985348 0.10595703125 0.08131868131868132
0 0.134765625 0.06483516483516484 0.1142578125 0.12967032967032968
0 0.45458984375 0.073992673992674 0.078125 0.147985347985348
0 0.34423828125 0.08131868131868132 0.0888671875 0.16263736263736264
0 0.015380859375 0.1597069597069597 0.03076171875 0.17435897435897435
0 0.658447265625 0.16373626373626374 0.06201171875 0.1575091575091575
0 0.294921875 0.18021978021978022 0.09381103515625 0.2226190476190476
0 0.5126953125 0.1956043956043956 0.146453857421875 0.1451007326007326
0 0.2255859375 0.012454212454212455 0.1103515625 0.02490842490842491
0 0.06884765625 0.22124542124542124 0.05572509765625 0.25503663003663
0 0.17822265625 0.23296703296703297 0.10546875 0.17582417582417584
0 0.60546875 0.3032967032967033 0.1435546875 0.15815018315018314
3 0.36083984375 0.38461538461538464 0.190460205078125 0.19784798534798534
0 0.5234375 0.4073260073260073 0.15045166015625 0.15815018315018314
0 0.8427734375 0.3575091575091575 0.02239990234375 0.030860805860805862
2 0.77099609375 0.3641025641025641 0.019500732421875 0.032188644688644685
0 0.91259765625 0.04908424908424908 0.0146484375 0.03818681318681319
0 0.7890625 0.7091575091575092 0.0244140625 0.025