0 0.064453125 0.20052083333333334 0.12890625 0.11328125
0 0.414794921875 0.2998046875 0.08935546875 0.21028645833333334
0 0.077392578125 0.3294270833333333 0.15478515625 0.09505208333333333
0 0.36962890625 0.345703125 0.10443115234375 0.19669596354166666
0 0.2626953125 0.3671875 0.09967041015625 0.171875
0 0.438720703125 0.455078125 0.04150390625 0.20052083333333334
0 0.0537109375 0.4690755208333333 0.107421875 0.13216145833333334
0 0.294921875 0.4752604166666667 0.16400146484375 0.09505208333333333
0 0.09130859375 0.5143229166666666 0.130859375 0.17838541666666666
0 0.14697265625 0.537109375 0.147491455078125 0.12369791666666667
0 0.34375 0.57421875 0.099578857421875 0.13671875
0 0.029296875 0.6002604166666666 0.05859375 0.1171875
0 0.15234375 0.6070963541666666 0.13671875 0.103515625
0 0.302490234375 0.6142578125 0.07373046875 0.08919270833333333
0 0.431396484375 0.6233723958333334 0.04833984375 0.07096354166666667
0 0.2275390625 0.037109375 0.0947265625 0.07421875
0 0.415771484375 0.027018229166666668 0.08740234375 0.054036458333333336
0 0.014892578125 0.06282552083333333 0.02978515625 0.12565104166666666
0 0.111083984375 0.050455729166666664 0.10595703125 0.10091145833333333
3 0.29345703125 0.15690104166666666 0.190460205078125 0.17582194010416666
0 0.419921875 0.17708333333333334 0.0791015625 0.140625
0 0.71044921875 0.3170572916666667 0.0498046875 0.14583333333333334
0 0.654296875 0.4029947916666667 0.0517578125 0.10811360677083333
0 0.81494140625 0.4251302083333333 0.0654296875 0.12113444010416667
0 0.68896484375 0.4427083333333333 0.0810546875 0.16670735677083334
0 0.86083984375 0.474609375 0.095703125 0.13151041666666666
0 0.91650390625 0.4837239583333333 0.142578125 0.08333333333333333
0 0.619140625 0.51953125 0.080078125 0.11197916666666667
0 0.982421875 0.5361328125 0.0341796875 0.13736979166666666
0 0.8583984375 0.58203125 0.125 0.104248046875
0 0.671142578125 0.5849609375 0.10693359375 0.14778645833333334
0 0.74609375 0.5888671875 0.1083984375 0.13997395833333334
0 0.948486328125 0.6145833333333334 0.10205078125 0.08854166666666667
0 0.2109375 0.9440104166666666 0.02728271484375 0.019612630208333332
0 0.5205078125 0.70703125 0.025421142578125 0.0234375
0 0.55078125 0.7200520833333334 0.01953125 0.0169677734375
0 0.4658203125 0.7529296875 0.01171875 0.027994791666666668