0 0.14453125 0.19487179487179487 0.18646240234375 0.1260989010989011
0 0.51416015625 0.3065934065934066 0.0703125 0.23663003663003662
0 0.17333984375 0.33992673992673994 0.1796875 0.10558608058608059
0 0.478515625 0.33772893772893775 0.1044921875 0.18168498168498168
0 0.37158203125 0.35714285714285715 0.1005859375 0.14285714285714285
0 0.0673828125 0.40695970695970696 0.134765625 0.04322344322344322
0 0.33642578125 0.026373626373626374 0.0947265625 0.05274725274725275
0 0.1103515625 0.05531135531135531 0.056640625 0.11062271062271062
0 0.219970703125 0.04139194139194139 0.10595703125 0.08278388278388278
0 0.017822265625 0.12344322344322345 0.03564453125 0.2468864468864469
3 0.40234375 0.1457875457875458 0.190460205078125 0.19784798534798534
0 0.519287109375 0.1684981684981685 0.06005859375 0.15824175824175823
0 0.71728515625 0.4021978021978022 0.0244140625 0.02783882783882784
0 0.514892578125 0.4424908424908425 0.02685546875 0.026373626373626374
0 0.447998046875 0.4575091575091575 0.01806640625 0.05641025641025641
0 0.48388671875 0.4989010989010989 0.03802490234375 0.026373626373626374
0 0.544189453125 0.526007326007326 0.01025390625 0.04835164835164835
0 0.48486328125 0.5347985347985348 0.0341796875 0.03653846153846154
0 0.46533203125 0.5575091575091575 0.0390625 0.03511904761904762
0 0.51025390625 0.5860805860805861 0.03125 0.045467032967032965
0 0.44580078125 0.5868131868131868 0.037109375 0.02197802197802198
0 0.46630859375 0.6117216117216118 0.0361328125 0.026282051282051282
0 0.451171875 0.6695970695970695 0.0302734375 0.03076923076923077
0 0.39794921875 0.9384615384615385 0.02056884765625 0.05274725274725275
0 0.489013671875 0.9758241758241758 0.03662109375 0.046886446886446886