0 0.346435546875 0.041758241758241756 0.08544921875 0.08351648351648351
0 0.2490234375 0.046886446886446886 0.1005859375 0.09377289377289377
0 0.046875 0.11098901098901098 0.09375 0.14871794871794872
0 0.28125 0.11794871794871795 0.16400146484375 0.10695970695970695
0 0.077880859375 0.1402930402930403 0.13134765625 0.1575091575091575
0 0.13330078125 0.1684981684981685 0.1484375 0.1010989010989011
0 0.330078125 0.18571428571428572 0.099609375 0.06666666666666667
0 0.6630859375 0.002197802197802198 0.0263671875 0.004395604395604396
2 0.68505859375 0.01575091575091575 0.0166015625 0.0315018315018315
0 0.708984375 0.020512820512820513 0.01171875 0.041025641025641026
0 0.65185546875 0.0695970695970696 0.0234375 0.046794871794871795
0 0.62451171875 0.08278388278388278 0.029296875 0.035164835164835165
0 0.63916015625 0.1076923076923077 0.025390625 0.01904761904761905
0 0.66943359375 0.12161172161172161 0.01953125 0.03663003663003663
0 0.252685546875 0.24468864468864468 0.04345703125 0.04981684981684982
0 0.802734375 0.6703296703296703 0.016571044921875 0.03521062271062271