0 0.13720703125 0.0945054945054945 0.186492919921875 0.12605311355311355
0 0.490478515625 0.20622710622710622 0.03759765625 0.23663003663003662
0 0.166015625 0.23956043956043957 0.1796875 0.10558608058608059
0 0.464111328125 0.2578754578754579 0.09033203125 0.22271062271062272
0 0.3642578125 0.28205128205128205 0.09967041015625 0.1934065934065934
0 0.063720703125 0.3274725274725275 0.12744140625 0.08498168498168499
0 0.13623046875 0.3963369963369963 0.14453125 0.147985347985348
0 0.396484375 0.40366300366300367 0.16400146484375 0.10695970695970695
0 0.193115234375 0.432967032967033 0.13134765625 0.17142857142857143
0 0.24853515625 0.4611721611721612 0.1484375 0.11501831501831501
0 0.03515625 0.4593406593406593 0.0703125 0.11868131868131868
0 0.047119140625 0.44981684981684983 0.08447265625 0.13772893772893774
0 0.4453125 0.4783882783882784 0.099609375 0.08058608058608059
0 0.130615234375 0.49853479853479854 0.05908203125 0.040293040293040296
3 0.39501953125 0.07252747252747253 0.19140625 0.14505494505494507
2 0.6455078125 0.2293040293040293 0.01849365234375 0.035256410256410256
0 0.87158203125 0.3098901098901099 0.0361328125 0.0380952380952381
0 0.56201171875 0.8945054945054945 0.0263671875 0.0336996336996337