0 0.3223958333333333 0.006481481481481481 0.028125 0.012962962962962963
0 0.10833333333333334 0.010185185185185186 0.020833333333333332 0.020370370370370372
0 0.19166666666666668 0.019444444444444445 0.021875 0.03888888888888889
0 0.2759635416666667 0.046064814814814815 0.025518880208333292 0.04261226851851853
0 0.2315989583333333 0.09220370370370375 0.02966210937499992 0.025094907407407583
0 0.30539583333333337 0.09389814814814812 0.02499934895833332 0.045398726851851944
0 0.19678125000000002 0.10732407407407404 0.025515625000000004 0.037093749999999974
0 0.23827604166666666 0.12060185185185185 0.02869401041666665 0.032388888888888905
0 0.2796041666666667 0.12985185185185186 0.015106770833333272 0.030572916666666623
0 0.33508333333333334 0.1347870370370371 0.021875 0.028750578703703778
2 0.30964583333333334 0.13617592592592598 0.02554361979166669 0.029676504629629705
0 0.23541666666666666 0.1418888888888889 0.020785807291666694 0.023130787037037078
0 0.2421875 0.15824999999999997 0.023982421874999934 0.03145370370370373
0 0.04563020833333334 0.23539814814814816 0.024462890625 0.023155092592592533
0 0.21622916666666664 0.2375555555555555 0.016653320312500004 0.05088020833333328
0 0.23081249999999998 0.23862962962962966 0.020846679687499994 0.05000636574074077
0 0.6238645833333334 0.33047222222222217 0.02343229166666667 0.040797453703703676