0 0.17574828133262824 0.12430266203703703 0.008184492332099391 0.017355685763888868
2 0.3326123744050767 0.1539091435185185 0.010562367794817581 0.016212565104166694
2 0.22559756742464304 0.16881076388888888 0.008979706504495054 0.012424406828703712
0 0.15062665256478053 0.17146412037037037 0.010834214701216325 0.015899522569444383
0 0.27297990481226864 0.1823582175925926 0.01639608672659962 0.011868127893518555
2 0.15613432046536224 0.19489583333333332 0.0103361316763617 0.017099971064814774
2 0.2467530407191962 0.22686631944444444 0.01215362242199886 0.019069372106481467
0 0.256620835536753 0.693347800925926 0.134080843469064 0.28964445891203705
0 0.8097567424643046 0.4129050925925926 0.013352723426758329 0.04759837962962963
0 0.8298519301956637 0.44458912037037035 0.009386567953463775 0.05541087962962963
0 0.8244315177154945 0.3336226851851852 0.011634056054997356 0.05439814814814815
0 0.8759915388683236 0.7008101851851852 0.01930195663670016 0.041811342592592594
0 0.8007667900581703 0.9292534722222222 0.012956107879428873 0.04673032407407408