0 0.259984375 0.029249999999999977 0.02915397135416657 0.031472222222222124
0 0.4145208333333334 0.10948148148148149 0.03177278645833326 0.028721064814814772
2 0.2599635416666667 0.13244444444444442 0.015609049479166614 0.03145659722222221
0 0.271625 0.14429629629629634 0.01295833333333339 0.029644675925925835
0 0.23157291666666666 0.14839814814814814 0.016164713541666605 0.047228587962962996
0 0.29582291666666666 0.1598796296296296 0.019837890624999945 0.04625925925925908
0 0.30408333333333337 0.17037962962962963 0.028132161458333253 0.037017939814814715
0 0.25392187499999996 0.22233333333333333 0.021875 0.03795081018518503
0 0.24742187499999999 0.2578240740740741 0.0354127604166667 0.023111111111111145
0 0.2202916666666667 0.28711111111111115 0.022894856770833392 0.02217708333333319
0 0.11119791666666666 0.36018518518518516 0.021354166666666667 0.05740740740740741
0 0.020572916666666666 0.3685185185185185 0.018229166666666668 0.040740740740740744
2 0.05859375 0.3712962962962963 0.021354166666666667 0.03518518518518519
0 0.26171875 0.38287037037037036 0.018229166666666668 0.012037037037037037
2 0.5955729166666667 0.2300925925925926 0.011979166666666667 0.030555555555555555
2 0.604265625 0.23880555555555552 0.016689453125000024 0.053646990740740766
0 0.08272395833333336 0.6866388888888889 0.025523111979166777 0.03430613425925934
0 0.11345833333333336 0.7006851851851852 0.01823242187500007 0.02779513888888885
0 0.05094791666666669 0.7682685185185185 0.026568359374999892 0.03334837962962975
0 0.80703125 0.4375 0.0640625 0.09537037037037037
0 0.8807291666666667 0.4634259259259259 0.11875 0.14722222222222223
0 0.7375 0.48148148148148145 0.14270833333333333 0.18333333333333332
0 0.6403645833333333 0.5583333333333333 0.1015625 0.1685185185185185
0 0.8656614583333333 0.7480277777777777 0.10933658854166665 0.36301041666666684
0 0.62265625 0.8143518518518519 0.06614583333333333 0.32685185185185184
0 0.6735312499999999 0.860712962962963 0.06769596354166664 0.26384259259259263