0 0.06358854166666665 0.13558333333333333 0.0239762369791667 0.04354861111111103
0 0.29661458333333335 0.2388888888888889 0.025520833333333333 0.02962962962962963
0 0.06497916666666666 0.28478703703703706 0.02136848958333335 0.05472337962962957
2 0.2981770833333333 0.29212962962962963 0.022395833333333334 0.03611111111111111
0 0.08164583333333333 0.32490740740740737 0.019277669270833304 0.04632349537037023
0 0.30026041666666664 0.3490740740740741 0.018229166666666668 0.027777777777777776
0 0.28046875 0.36435185185185187 0.0203125 0.028703703703703703
0 0.30546875 0.37083333333333335 0.0078125 0.01574074074074074
0 0.7351666666666666 0.024314814814814806 0.029665364583333322 0.03795196759259256
0 0.6099739583333333 0.037740740740740734 0.024986002604166776 0.0499890046296296
0 0.7525312500000001 0.04391666666666667 0.022395182291666652 0.037902777777777834
0 0.6850677083333333 0.10454629629629626 0.021876953125000043 0.025954861111111113
0 0.6688385416666667 0.11766666666666671 0.02809960937499992 0.02397800925925927
0 0.6747395833333333 0.15639814814814812 0.029664062499999963 0.033361111111111084
0 0.7722395833333333 0.16889814814814813 0.010916015625000004 0.028646990740740765
0 0.5156875 0.17985185185185187 0.02397428385416672 0.03982291666666663
0 0.7073854166666665 0.18186111111111108 0.017696289062500033 0.062008680555555466
0 0.7803125000000001 0.20021296296296298 0.01773046875000001 0.05094097222222234
0 0.5901770833333333 0.26131481481481483 0.018764648437500024 0.043525462962962905
0 0.6304635416666666 0.262712962962963 0.024454752604166668 0.029622106481481423
0 0.6464374999999999 0.2789166666666667 0.016653320312500004 0.03610416666666673
0 0.389453125 0.2798425925925926 0.018244791666666652 0.02313425925925938
0 0.6240364583333334 0.2924907407407407 0.013514322916666661 0.05735416666666656
0 0.6587656249999999 0.2924907407407407 0.015108723958333433 0.050050925925925985