0 0.14940104166666668 0.252712962962963 0.02760546874999991 0.031541666666666614
0 0.01856770833333332 0.2699907407407407 0.021382161458333233 0.04812962962962954
0 0.10304687500000001 0.30162037037037037 0.025518880208333292 0.04261226851851853
0 0.05868229166666664 0.3477592592592593 0.02966210937499992 0.025094907407407583
0 0.13247916666666668 0.34945370370370366 0.02499934895833332 0.045398726851851944
0 0.02386458333333336 0.3628796296296296 0.02551822916666673 0.03706539351851861
0 0.06535937500000001 0.3761574074074074 0.02869401041666665 0.032388888888888905
0 0.10668750000000002 0.3854074074074074 0.015106770833333272 0.030572916666666623
0 0.16216666666666668 0.39034259259259263 0.021875 0.028750578703703778
2 0.13672916666666665 0.3917314814814815 0.02554361979166669 0.029676504629629705
0 0.0625 0.39744444444444443 0.020785807291666694 0.023130787037037078
0 0.06927083333333334 0.41380555555555554 0.02400651041666665 0.03142592592592577
0 0.7611979166666667 0.08333333333333333 0.06770833333333333 0.12962962962962962
0 0.28775520833333335 0.5397314814814814 0.030705078125000066 0.029657986111111204
0 0.7268177083333334 0.7246111111111111 0.028621419270833334 0.032455439814814704