2 0.28785416666666663 0.048370370370370376 0.018241536458333367 0.04723090277777786
0 0.24669791666666666 0.05793518518518523 0.01513020833333331 0.03990856481481476
2 0.31745833333333334 0.05963888888888886 0.023393229166666647 0.04172222222222238
0 0.26588541666666665 0.07907407407407405 0.008877604166666704 0.036138888888888866
0 0.2543385416666667 0.09744444444444446 0.012503906249999967 0.03609375000000004
0 0.2710989583333333 0.12043518518518523 0.011956054687500028 0.03888078703703686
2 0.281953125 0.12135185185185181 0.019790364583333424 0.05374942129629635
2 0.465625 0.20694444444444443 0.007291666666666667 0.03611111111111111
2 0.00703125 0.2847222222222222 0.0140625 0.05092592592592592
0 0.7448333333333333 0.630537037037037 0.023974609375 0.042488425925925916
0 0.9861979166666667 0.687037037037037 0.0265625 0.053703703703703705
0 0.7958593749999999 0.6945092592592592 0.020822916666666677 0.06297858796296299
0 0.8688958333333333 0.7046018518518519 0.02603190104166669 0.05556597222222224
0 0.8227291666666666 0.7189722222222222 0.02709179687499995 0.030626157407407473
0 0.7130781250000001 0.7486944444444443 0.018739583333333223 0.03242534722222219
0 0.8019791666666667 0.8027685185185185 0.02814453124999995 0.029643518518518507
0 0.8530052083333334 0.828074074074074 0.03542903645833337 0.031497685185185226
0 0.7094114583333334 0.8342777777777778 0.014596679687499996 0.04258506944444439
0 0.8224635416666667 0.9004074074074074 0.029155598958333327 0.043517361111111194
0 0.91559375 0.9784814814814815 0.03434375000000003 0.03522569444444449