2 0.14540625 0.4283055555555556 0.01664257812499995 0.05842824074074092
2 0.20531250000000004 0.4613333333333333 0.02393619791666666 0.030538194444444486
0 0.144796875 0.47090740740740744 0.01671354166666674 0.04527546296296279
0 0.10477604166666664 0.4770740740740741 0.018736979166666737 0.04721354166666658
2 0.156515625 0.5145740740740741 0.014039713541666643 0.05925115740740744
0 0.2940364583333333 0.5298425925925926 0.020272135416666733 0.058347222222222106
0 0.3299479166666667 0.5875 0.016145833333333335 0.023148148148148147
2 0.9029947916666666 0.30489814814814814 0.1249876302083333 0.13704513888888897
0 0.44141145833333334 0.695287037037037 0.01922526041666662 0.044501157407407385
2 0.4958489583333333 0.735712962962963 0.02495638020833333 0.025093749999999942
0 0.4457552083333333 0.7371111111111112 0.01301888020833329 0.029534722222222046
0 0.40043229166666666 0.7511481481481481 0.019273111979166774 0.0527858796296296
0 0.5641770833333334 0.7792314814814816 0.024990234375000142 0.03060185185185181
0 0.5934322916666667 0.7792314814814816 0.021878255208333287 0.04546296296296309
0 0.22557812500000002 0.8448055555555556 0.02086653645833335 0.04912615740740728
2 0.6417864583333334 0.8682592592592593 0.028133789062500133 0.04445081018518522