2 0.19652604166666668 0.5468148148148148 0.01822981770833335 0.024903935185185192
0 0.17895312500000002 0.5493888888888889 0.015078776041666585 0.02685532407407415
0 0.1503489583333333 0.5600462962962963 0.01457552083333328 0.025962384259259317
0 0.1647395833333333 0.565037037037037 0.01664453124999999 0.027837962962963012
0 0.2610364583333334 0.5664259259259259 0.017719401041666673 0.053695023148148065
0 0.07142708333333332 0.5702777777777778 0.017722981770833358 0.033360532407407266
0 0.18097916666666666 0.5714166666666667 0.010960937500000038 0.027785879629629806
0 0.16670833333333335 0.592925925925926 0.016702473958333405 0.04343865740740735
0 0.05675520833333335 0.6011481481481482 0.018724609375000038 0.049065972222222254
0 0.11935416666666665 0.6171944444444445 0.03018164062499989 0.02490740740740728
0 0.030989583333333334 0.6569444444444444 0.027604166666666666 0.023148148148148147