0 0.20216145833333332 0.18452777777777776 0.01877799479166657 0.05465740740740743
0 0.07228124999999999 0.36814814814814817 0.024485026041666677 0.051843750000000036
0 0.6323489583333333 0.3848055555555555 0.017692057291666667 0.06665798611111114
0 0.17689583333333334 0.3894444444444445 0.028660481770833357 0.0314895833333333
0 0.2769114583333333 0.3925277777777778 0.028671223958333415 0.04080092592592587
0 0.17507291666666666 0.41305555555555556 0.012471354166666634 0.0379791666666666
0 0.16352604166666668 0.416287037037037 0.010409505208333296 0.04072337962962957
0 0.08373958333333333 0.42060185185185184 0.02031803385416667 0.049084490740740755
0 0.19339583333333335 0.4372685185185185 0.020827473958333443 0.0379826388888889
0 0.16266145833333331 0.4440648148148148 0.017704752604166648 0.02591666666666657
0 0.45896875000000004 0.5244537037037037 0.019809895833333493 0.04357407407407424
0 0.28342708333333333 0.5323148148148148 0.022892578124999948 0.06116666666666683
0 0.25104166666666666 0.5418888888888889 0.023911458333333257 0.030538194444444486
0 0.28828645833333333 0.5584074074074075 0.022350260416666618 0.051756944444444265
0 0.14192708333333334 0.5703703703703704 0.013020833333333334 0.037037037037037035
0 0.2484375 0.5736111111111111 0.019791666666666666 0.030555555555555555
1 0.7635416666666667 0.24444444444444444 0.16432291666666668 0.1712962962962963
0 0.9236979166666667 0.2722222222222222 0.12135416666666667 0.2523148148148148
0 0.9921875 0.29953703703703705 0.014583333333333334 0.1412037037037037
0 0.8765625 0.48055555555555557 0.14088541666666668 0.19074074074074074
0 0.7005208333333334 0.48842592592592593 0.08098958333333334 0.20046296296296295
0 0.93515625 0.5453703703703704 0.07135416666666666 0.08703703703703704
0 0.96015625 0.06944444444444445 0.07838541666666667 0.13842592592592592
0 0.8716145833333333 0.10972222222222222 0.096875 0.21944444444444444
0 0.2421875 0.6023148148148149 0.013541666666666667 0.025
0 0.24869270833333335 0.6246018518518519 0.016194661458333332 0.04546296296296309
0 0.291234375 0.6449722222222223 0.027070963541666635 0.019490740740740697
0 0.6024791666666667 0.6724351851851852 0.021347656249999857 0.034266203703703646