0 0.12968229166666667 0.39189814814814816 0.013517578125000066 0.05278703703703703
0 0.5096875 0.4111851851851852 0.014027994791666743 0.06305787037037054
2 0.1378489583333333 0.43973148148148145 0.029674479166666736 0.025953703703703677
0 0.17507291666666666 0.4555092592592593 0.02603190104166669 0.018533564814814933
0 0.23525520833333335 0.465037037037037 0.01195638020833331 0.0379456018518519
0 0.19984895833333335 0.46872222222222226 0.013038736979166642 0.03241956018518514
0 0.14328125 0.4907314814814815 0.02393359375000005 0.024163194444444494
0 0.15613541666666667 0.49098148148148146 0.025509765624999996 0.016660879629629713
0 0.17782812499999998 0.4965277777777778 0.015099283854166737 0.04257465277777791
0 0.20582291666666663 0.5033055555555556 0.022940755208333385 0.02490625000000006
0 0.14988020833333332 0.509537037037037 0.02710677083333337 0.024064814814814824
0 0.08896875000000003 0.5227407407407407 0.03072623697916666 0.021342013888888938
0 0.16259374999999998 0.524824074074074 0.028634114583333432 0.0176035879629631
0 0.13671875 0.5310185185185186 0.016145833333333335 0.01574074074074074
0 0.16848958333333333 0.5337962962962963 0.009895833333333333 0.010185185185185186
0 0.7737864583333334 0.18618518518518518 0.05990820312500003 0.06301157407407398
0 0.36822916666666666 0.9912037037037037 0.015625 0.01574074074074074
0 0.5920885416666667 0.967962962962963 0.029691080729166687 0.030582754629629488