0 0.01748958333333334 0.08048148148148154 0.024497721354166686 0.04262152777777778
2 0.11906770833333334 0.08449074074074074 0.027637369791666682 0.03983449074074075
2 0.3560833333333333 0.1455925925925926 0.018253906249999948 0.04723958333333329
0 0.3149270833333333 0.15515740740740747 0.01513020833333331 0.03990856481481476
2 0.3856875 0.1568611111111111 0.023415364583333324 0.041694444444444416
0 0.3341145833333333 0.17629629629629628 0.008901041666666743 0.036166666666666826
0 0.32256770833333337 0.19466666666666668 0.012503906249999967 0.03609375000000004
0 0.339328125 0.21765740740740747 0.011956054687500028 0.03888078703703686
2 0.3501822916666667 0.21857407407407403 0.019789062500000062 0.05379513888888899
0 0.5731770833333333 0.016268518518518564 0.01818098958333335 0.028797453703703645
0 0.5479114583333333 0.019351851851851832 0.027034505208333334 0.020425925925926087
0 0.6177135416666667 0.1316851851851852 0.0333102213541667 0.026858217592592628
0 0.08619270833333334 0.7363425925925926 0.0234130859375 0.03426851851851851
0 0.5114583333333333 0.750462962962963 0.022916666666666665 0.03425925925925926