0 0.042640624999999946 0.4351018518518518 0.027604817708333406 0.04635300925925923
2 0.2745364583333333 0.4367962962962963 0.02602473958333344 0.0592679398148149
0 0.27809375000000003 0.5267592592592593 0.03431966145833343 0.033386574074074186
2 0.013541666666666667 0.5569444444444445 0.027083333333333334 0.028703703703703703
0 0.8369895833333333 0.49035185185185187 0.0301634114583333 0.034164351851851675
0 0.7778645833333333 0.4912777777777778 0.027556640625000028 0.024905092592592416
2 0.8545260416666667 0.5036203703703703 0.025498046874999975 0.029574074074073912
2 0.8704114583333333 0.5119537037037036 0.016689453125000024 0.053646990740740766
0 0.07309895833333334 0.775537037037037 0.02916927083333327 0.04176157407407425
0 0.01171875 0.7960555555555555 0.014014973958333362 0.03331481481481483
0 0.03298958333333335 0.8060925925925926 0.0177122395833333 0.04897916666666649
0 0.599765625 0.7236666666666666 0.020272135416666733 0.03990740740740732