0 0.21368749999999997 0.08881481481481483 0.014577799479166664 0.055585069444444454
0 0.05732291666666667 0.13880555555555552 0.019831380208333343 0.0333912037037037
0 0.3540729166666667 0.14003703703703704 0.027601236979166662 0.11389756944444447
0 0.0010416666666666667 0.18101851851851852 0.0020833333333333333 0.019444444444444445
2 0.45530208333333333 0.19961111111111116 0.017684244791666616 0.026756944444444267
0 0.41658333333333336 0.2239907407407407 0.02551757812499993 0.033277777777777615
0 0.437765625 0.23401851851851851 0.016099609375000056 0.05553819444444449
0 0.21281250000000002 0.237712962962963 0.02451302083333336 0.051866898148148266
0 0.022682291666666667 0.2511388888888889 0.019311848958333325 0.04723726851851864
0 0.32246874999999997 0.32582407407407404 0.029152343750000042 0.025951388888888812
2 0.3290625 0.43599074074074073 0.026570312499999933 0.0537511574074076
0 0.177390625 0.4549722222222222 0.022413411458333303 0.0565046296296295
0 0.8861979166666667 0.12546296296296297 0.03463541666666667 0.02638888888888889
0 0.9078125 0.1527777777777778 0.03125 0.03148148148148148
0 0.9072916666666667 0.01574074074074074 0.029947916666666668 0.03148148148148148
0 0.8208333333333333 0.16064814814814815 0.038802083333333334 0.02638888888888889
0 0.9328125 0.16111111111111112 0.03671875 0.020370370370370372
0 0.96171875 0.016666666666666666 0.0359375 0.024537037037037038
0 0.8705729166666667 0.1675925925925926 0.035416666666666666 0.027314814814814816
0 0.8611979166666667 0.1884259259259259 0.032552083333333336 0.030555555555555555
0 0.7052083333333333 0.2023148148148148 0.03723958333333333 0.02962962962962963
0 0.9291666666666667 0.20416666666666666 0.03411458333333333 0.041666666666666664
0 0.96015625 0.2101851851851852 0.0265625 0.05092592592592592
0 0.6731770833333334 0.21203703703703702 0.018229166666666668 0.055092592592592596
0 0.7276041666666667 0.22546296296296298 0.04088541666666667 0.024537037037037038
0 0.9268229166666667 0.22546296296296298 0.03203125 0.041666666666666664
0 0.91484375 0.2574074074074074 0.0375 0.024537037037037038
0 0.205984375 0.6533055555555556 0.030680338541666668 0.023241898148148088