2 0.2557291666666667 0.5606481481481481 0.019791666666666666 0.03611111111111111
0 0.00703125 0.10138888888888889 0.0140625 0.032407407407407406
0 0.3284739583333333 0.11782407407407407 0.009883138020833234 0.04908391203703699
0 0.050218750000000006 0.12986111111111112 0.02499348958333337 0.017612268518518527
2 0.3372395833333333 0.13201851851851856 0.021401692708333305 0.05842939814814814
0 0.30372916666666666 0.1884907407407408 0.015611979166666737 0.06023206018518526
0 0.32447916666666665 0.18880555555555553 0.024976562499999962 0.03521296296296294
0 0.05559895833333333 0.19096296296296297 0.022410807291666637 0.03242476851851848
0 0.3434947916666667 0.21720370370370373 0.011956054687500028 0.05643402777777758
0 0.26344270833333333 0.3008240740740741 0.017190755208333287 0.04076678240740745
0 0.06957812499999999 0.3393981481481481 0.010919921875000032 0.047266782407407434
0 0.19564062499999998 0.4961666666666667 0.018260416666666758 0.046341435185185326
0 0.5636249999999999 0.21812962962962967 0.029153320312500005 0.04171412037037056
0 0.596875 0.23109259259259263 0.02810123697916668 0.03430671296296316
0 0.6474895833333333 0.25562962962962965 0.013517578124999948 0.029534722222222046
0 0.7490677083333334 0.30160185185185184 0.02290657552083341 0.03334085648148154
0 0.6578125 0.6023148148148149 0.042708333333333334 0.04537037037037037