2 0.23541666666666666 0.009259259259259259 0.016666666666666666 0.018518518518518517
0 0.15546875 0.008333333333333333 0.024479166666666666 0.016666666666666666
0 0.03723958333333333 0.012037037037037037 0.025520833333333333 0.024074074074074074
0 0.21119791666666668 0.0060185185185185185 0.0296875 0.012037037037037037
0 0.061197916666666664 0.016666666666666666 0.0203125 0.03333333333333333
0 0.23970312500000002 0.03981481481481482 0.0276123046875 0.02590509259259256
0 0.20994270833333334 0.044435185185185196 0.0197880859375001 0.04072453703703711
0 0.17033854166666665 0.04475000000000004 0.031199218750000077 0.02774421296296307
0 0.22957291666666665 0.0588518518518518 0.01666341145833338 0.026863425925925968
0 0.30288541666666663 0.05932407407407412 0.02549967447916662 0.027824652777777854
0 0.20285416666666667 0.08133333333333337 0.02604231770833335 0.033331018518518676
0 0.174015625 0.08257407407407402 0.029123046874999996 0.03059259259259277
0 0.1829583333333333 0.08950925925925922 0.013019531249999971 0.0527824074074073
0 0.10024479166666668 0.15607407407407403 0.029738932291666725 0.0306458333333332
0 0.008854166666666666 0.1625 0.017708333333333333 0.026851851851851852
0 0.13202083333333334 0.18462037037037035 0.022420898437500014 0.04539583333333326
0 0.06430729166666668 0.19541666666666663 0.027552734374999943 0.026015046296296345
0 0.22474999999999998 0.2637777777777778 0.03174804687499998 0.031505787037037145
0 0.35511458333333334 0.9239907407407407 0.023434895833333396 0.040769097222222314
0 0.7197864583333333 0.706861111111111 0.029164062499999942 0.03243576388888898