0 0.315136 0.04815466666666668 0.016398750000000017 0.029341333333333327
0 0.219252 0.13489600000000002 0.013611749999999938 0.03201766666666669
0 0.321536 0.15560533333333332 0.022798750000000017 0.014939666666666684
0 0.295064 0.16529066666666667 0.014810249999999997 0.03095033333333334
0 0.340068 0.18040533333333333 0.020009500000000024 0.019726999999999984
0 0.411084 0.203952 0.013984000000000014 0.0283
0 0.348812 0.21171733333333334 0.015205749999999988 0.026696999999999995
0 0.357576 0.23044266666666668 0.02076849999999995 0.01282533333333328
0 0.33864 0.23481066666666667 0.014776500000000033 0.024029333333333368
0 0.35846 0.241536 0.023985999999999966 0.011742999999999908
0 0.32808000000000004 0.24327466666666667 0.008826000000000021 0.018678666666666566
0 0.312368 0.24569599999999997 0.00880525000000007 0.020815333333333425
0 0.29197199999999995 0.25672533333333336 0.0188 0.018133000000000052
0 0.31341199999999997 0.262864 0.015644999999999982 0.015973333333333357
0 0.29486 0.26358933333333334 0.02001274999999996 0.01705500000000005
0 0.324852 0.26830400000000004 0.014802250000000003 0.022384000000000015
0 0.35320799999999997 0.27248 0.015182749999999941 0.025615333333333424
0 0.336248 0.27579733333333334 0.018033500000000004 0.018661999999999897
2 0.051491999999999996 0.3031413333333333 0.018013499999999998 0.024029999999999926
0 0.292996 0.31585066666666667 0.0196375 0.025074000000000037
0 0.209848 0.3490933333333333 0.02681199999999999 0.018692000000000066
0 0.14204 0.37833066666666665 0.011226499999999986 0.027227333333333444
0 0.35874 0.39264000000000004 0.01079949999999999 0.033602333333333324
0 0.028024 0.4410773333333333 0.013615499999999997 0.016024000000000038
0 0.59104 0.15161066666666664 0.026008749999999987 0.019210333333333256
0 0.745732 0.15961066666666665 0.019202749999999925 0.013876999999999922
0 0.902536 0.20404799999999995 0.024802999999999974 0.014401333333333363
0 0.9367560000000001 0.23811733333333335 0.029585750000000008 0.014412666666666579
0 0.9892 0.30186666666666667 0.0208 0.0192
0 0.031248 0.8043893333333333 0.0200125 0.012271333333333315
2 0.9547760000000001 0.7492853333333332 0.015179000000000087 0.03201633333333339
2 0.732144 0.7755946666666667 0.013599499999999988 0.02080466666666665
0 0.667932 0.7891040000000001 0.017198499999999967 0.018639666666666624
0 0.615788 0.84616 0.022002999999999974 0.01973700000000002
0 0.843692 0.8660693333333334 0.018386999999999896 0.033095333333333234