0 0.031156250000000028 0.42060185185185184 0.023444010416666692 0.049093750000000005
0 0.10182291666666667 0.4337222222222222 0.02971126302083332 0.03422974537037046
0 0.05772395833333335 0.44050925925925927 0.015101888020833225 0.053712962962962955
0 0.10981250000000002 0.5094814814814815 0.00885156250000006 0.017575231481481525
2 0.05702604166666667 0.5141111111111111 0.025569661458333334 0.04723842592592586
0 0.14714583333333334 0.5307777777777778 0.03174869791666666 0.03611921296296293
0 0.12265625 0.5370370370370371 0.018229166666666668 0.024074074074074074
0 0.8916770833333333 0.08324999999999998 0.020810872395833256 0.044472800925926016
2 0.9233645833333334 0.11781481481481482 0.019271484375000016 0.05834953703703697
0 0.8672812499999999 0.12600000000000003 0.016654622395833367 0.0462488425925924
0 0.9093020833333334 0.1307777777777778 0.013020182291666653 0.05464583333333327
0 0.781328125 0.15932407407407412 0.026069661458333233 0.0352777777777779
0 0.7571927083333333 0.22983333333333336 0.026569661458333373 0.041679398148148215
2 0.06354166666666666 0.6018518518518519 0.12708333333333333 0.1037037037037037
0 0.3802083333333333 0.961574074074074 0.11770833333333333 0.075
0 0.5807291666666666 0.9893518518518518 0.030208333333333334 0.019444444444444445