0 0.24244791666666668 0.004629629629629629 0.0234375 0.009259259259259259
0 0.27317708333333335 0.008333333333333333 0.021354166666666667 0.016666666666666666
2 0.16979166666666667 0.009722222222222222 0.019791666666666666 0.019444444444444445
2 0.1859375 0.009722222222222222 0.023958333333333335 0.019444444444444445
0 0.2003125 0.02375925925925923 0.01713802083333332 0.042575231481481526
0 0.2176875 0.02580555555555556 0.028098958333333358 0.022237268518518427
0 0.05370833333333334 0.04311111111111106 0.019807617187500022 0.04726793981481486
0 0.17027083333333332 0.0632407407407407 0.01981315104166666 0.03796296296296296
0 0.143171875 0.07732407407407406 0.01823111979166671 0.04165393518518512
0 0.0998125 0.1154814814814815 0.01715820312500007 0.05001157407407412
0 0.040859374999999996 0.23166666666666672 0.01505078124999996 0.050934027777777745
2 0.8114583333333333 0.21203703703703702 0.05651041666666667 0.10231481481481482
2 0.3433177083333333 0.5810833333333334 0.0187373046874999 0.045417245370370445
0 0.954421875 0.5088796296296295 0.019246093749999933 0.051843171296296314
0 0.9167395833333333 0.8079166666666666 0.01665201822916664 0.06015277777777791