2 0.017234374999999986 0.23602777777777775 0.01878580729166668 0.05561111111111127
0 0.31577083333333333 0.23716666666666666 0.02081998697916667 0.0361035879629629
0 0.16447916666666665 0.26473148148148146 0.0213502604166667 0.03150925925925924
2 0.3036041666666666 0.26745370370370375 0.021847656249999996 0.020385416666666573
2 0.34628125 0.27202777777777776 0.02238867187500008 0.02403125000000012
0 0.37217187500000004 0.27705555555555555 0.020274739583333336 0.024093750000000008
0 0.32425 0.27815740740740735 0.017196614583333294 0.05553819444444449
2 0.40845312500000003 0.27823148148148147 0.025516276041666685 0.023140624999999942
0 0.290375 0.2846388888888889 0.01504557291666669 0.04347569444444435
0 0.3878177083333334 0.28632407407407406 0.019787434895833417 0.03242881944444439
0 0.16526041666666663 0.28663888888888894 0.02031933593749997 0.023195023148148225
0 0.02600000000000001 0.2881851851851852 0.023433593749999974 0.04537847222222219
0 0.304953125 0.2975925925925926 0.019258789062500035 0.030569444444444538
0 0.347390625 0.3093518518518519 0.02494466145833331 0.03334953703703718
2 0.2826875 0.3254814814814815 0.0161744791666667 0.038031250000000016
0 0.1371302083333333 0.34357407407407403 0.021879882812500046 0.05374942129629635
0 0.100234375 0.36841666666666667 0.019325520833333283 0.0463483796296295
0 0.25172916666666667 0.3809166666666667 0.019796874999999995 0.05097685185185191
0 0.2248177083333333 0.39912037037037035 0.021368164062499893 0.035229745370370394
0 0.047708333333333346 0.4606944444444444 0.011961914062500039 0.01578472222222234
0 0.11794270833333333 0.48367592592592595 0.01932486979166672 0.060232638888889085
0 0.18854166666666666 0.5902777777777778 0.021875 0.017592592592592594
2 0.7114947916666667 0.3586018518518519 0.20780891927083342 0.3907355324074075
0 0.789875 0.9156574074074074 0.025501302083333382 0.03521354166666676
0 0.5872395833333334 0.9912037037037037 0.024479166666666666 0.01574074074074074