0 0.1943645833333333 0.21751851851851853 0.015600911458333281 0.05561458333333325
0 0.21494270833333337 0.30424074074074076 0.016134114583333314 0.04726967592592612
0 0.215546875 0.3403518518518519 0.019271809895833415 0.03235995370370351
2 0.15 0.35300000000000004 0.017660807291666695 0.03609375000000004
2 0.28266145833333334 0.40623148148148147 0.016135416666666676 0.05741493055555561
0 0.7515729166666667 0.2403518518518519 0.0301634114583333 0.034164351851851675
0 0.6924479166666667 0.2412777777777778 0.02758040364583335 0.0249525462962961
2 0.769109375 0.25362037037037033 0.025498046874999975 0.029574074074073912
2 0.7849947916666667 0.2619537037037037 0.016689453125000024 0.053646990740740766
0 0.7919270833333333 0.4810185185185185 0.024479166666666666 0.05462962962962963
0 0.5042447916666667 0.6997592592592593 0.0302369791666667 0.02594212962962956