0 0.14314583333333336 0.16786111111111107 0.021350911458333264 0.05095370370370368
0 0.018296874999999997 0.3184537037037037 0.017738932291666624 0.05561689814814812
0 0.1514791666666667 0.3544074074074074 0.029685872395833358 0.025936921296296326
0 0.11701041666666664 0.37122222222222223 0.019284179687499996 0.05373321759259261
0 0.17560937499999998 0.39746296296296296 0.026054036458333367 0.03424826388888886
0 0.268078125 0.43834259259259256 0.01820833333333335 0.04913194444444444
0 0.18699479166666666 0.4518240740740741 0.01979915364583332 0.04634895833333332
0 0.19840625000000003 0.4843333333333334 0.027042317708333267 0.02226620370370361
0 0.17375000000000002 0.49191666666666667 0.019255533854166746 0.041692129629629766
0 0.19955729166666666 0.5035925925925926 0.03123177083333329 0.02038715277777762
0 0.16000000000000003 0.5066111111111111 0.011492187500000028 0.03242824074074056
0 0.13954166666666665 0.5108148148148147 0.011465169270833424 0.03613773148148164
0 0.4700520833333333 0.5226851851851851 0.018229166666666668 0.05092592592592592
0 0.11298437499999997 0.529962962962963 0.024479166666666666 0.03148032407407405
0 0.14090104166666664 0.5406203703703704 0.020371093749999975 0.027731481481481524
0 0.11674479166666665 0.5418796296296297 0.02607486979166668 0.029589120370370328
0 0.155796875 0.5500648148148148 0.019273763020833338 0.03886111111111114
0 0.19271875 0.5573148148148148 0.01976920572916659 0.04447106481481498
0 0.17063541666666668 0.5630740740740741 0.023459309895833395 0.03240335648148129
0 0.11432291666666666 0.6194444444444445 0.0265625 0.018518518518518517
0 0.6644947916666666 0.45223148148148146 0.028640625000000006 0.032464120370370345
0 0.81034375 0.45485185185185184 0.011979166666666667 0.03983217592592588
0 0.7197916666666667 0.4622685185185185 0.019815429687499986 0.030546296296296304
0 0.760421875 0.4769166666666667 0.021898111979166638 0.048195023148148226
0 0.6939218749999999 0.4801666666666667 0.015622721354166558 0.047174768518518324
0 0.6788177083333333 0.4852592592592593 0.014578125000000004 0.038793981481481304
2 0.6498124999999999 0.5977314814814815 0.028660156249999957 0.05097106481481475
0 0.37155208333333334 0.6975092592592592 0.016098958333333375 0.04537731481481481
0 0.39591666666666664 0.7276481481481482 0.01142513020833332 0.05275810185185184
0 0.3893229166666667 0.6388888888888888 0.015104166666666667 0.018518518518518517
0 0.45177083333333334 0.9716481481481483 0.023459960937499958 0.039788194444444494