0 0.35728645833333333 0.3770833333333333 0.013493489583333348 0.05279629629629628
2 0.365453125 0.42491666666666666 0.029661458333333356 0.02598148148148164
0 0.40267708333333335 0.4406944444444445 0.02603190104166669 0.018533564814814933
0 0.462859375 0.45022222222222225 0.011967773437500048 0.03795428240740732
0 0.42745312500000004 0.4539074074074074 0.013056640624999952 0.032431712962962864
0 0.3708854166666667 0.47591666666666665 0.023945963541666632 0.024118634259259284
0 0.3837395833333333 0.4761666666666667 0.025509765624999996 0.016660879629629713
0 0.40543229166666667 0.48171296296296295 0.01509440104166669 0.042556712962963025
0 0.4334270833333333 0.4884907407407408 0.022928710937499968 0.024953124999999923
0 0.016005208333333337 0.49157407407407405 0.022414062499999998 0.04449768518518529
0 0.377484375 0.4947222222222222 0.02710677083333337 0.024064814814814824
0 0.3165729166666667 0.5079259259259259 0.030723307291666776 0.021387731481481584
0 0.39019791666666664 0.5100092592592592 0.028634114583333432 0.0176035879629631
0 0.36432291666666666 0.5287037037037037 0.016145833333333335 0.040740740740740744
0 0.39609375 0.5314814814814814 0.009895833333333333 0.03518518518518519
0 0.07525520833333334 0.9533055555555557 0.031722005208333334 0.019538194444444386
0 0.6427291666666667 0.6746111111111112 0.010437825520833381 0.04347106481481462