0 0.19852604166666665 0.04360185185185183 0.029154296874999968 0.030546875000000022
0 0.030270833333333337 0.07800925925925926 0.021890950520833355 0.04538020833333334
0 0.00703125 0.09305555555555556 0.0140625 0.04722222222222222
2 0.16654166666666667 0.1190740740740741 0.014053710937499986 0.04535879629629631
0 0.2704010416666666 0.16173148148148145 0.015664062500000023 0.049093750000000005
0 0.162578125 0.17926851851851852 0.029697916666666775 0.02499884259259257
0 0.18963020833333336 0.18468518518518523 0.01045572916666669 0.02693981481481484
0 0.22608854166666667 0.18975925925925932 0.012518880208333272 0.02590972222222229
0 0.2029635416666667 0.1935555555555555 0.010930989583333309 0.027869212962963064
0 0.2685677083333333 0.19639814814814816 0.02446777343749993 0.038900462962963005
0 0.23904166666666668 0.21427777777777773 0.02501855468749999 0.03608391203703718
0 0.21652604166666667 0.2168518518518519 0.015107421874999952 0.029618634259259126
0 0.20219791666666667 0.22416666666666668 0.014561848958333339 0.04252546296296297
0 0.36302083333333335 0.23981481481481481 0.0125 0.06296296296296296
0 0.18155208333333336 0.2618796296296297 0.015127929687499986 0.0425746527777777
0 0.11746874999999998 0.2760277777777778 0.030758463541666715 0.021291087962962956
0 0.17636979166666666 0.295462962962963 0.010972656249999938 0.055590277777777905
0 0.23438020833333334 0.35359259259259257 0.02087955729166661 0.03708680555555538
0 0.5733385416666666 0.15899074074074077 0.014054361979166667 0.04721296296296297
0 0.5632760416666667 0.21830555555555553 0.017183593750000035 0.04071759259259251
0 0.5915104166666667 0.22048148148148147 0.01406901041666669 0.03331944444444435
0 0.55025 0.22434259259259257 0.010924479166666619 0.04258449074074078
0 0.5654895833333333 0.23984259259259258 0.01824414062499997 0.04448495370370375
2 0.5271979166666667 0.24058333333333337 0.02498307291666665 0.03523032407407422
0 0.5086458333333334 0.26319444444444445 0.016102864583333223 0.056469907407407365
0 0.5651041666666666 0.27105555555555555 0.02393326822916665 0.03428819444444445
1 0.24620312500000002 0.712287037037037 0.07397591145833336 0.13514583333333333
0 0.66675 0.61875 0.026014973958333226 0.03798148148148146