0 0.2877604166666667 0.016666666666666666 0.0171875 0.03333333333333333
0 0.051041666666666666 0.01898148148148148 0.022916666666666665 0.03796296296296296
0 0.306515625 0.046555555555555586 0.014085611979166638 0.05464351851851851
0 0.15466666666666667 0.16460185185185183 0.01463541666666662 0.055578703703703686
0 0.163 0.22292592592592592 0.02713541666666662 0.03150347222222228
0 0.23011458333333337 0.22570370370370368 0.016140625000000006 0.04446643518518524
0 0.2551197916666667 0.24545370370370367 0.014057942708333234 0.054612268518518456
0 0.2919322916666667 0.26828703703703705 0.019247721354166695 0.049971643518518634
0 0.2696145833333333 0.27462037037037035 0.016171874999999978 0.04075810185185191
0 0.29362499999999997 0.33375000000000005 0.013009765624999996 0.04163194444444453
2 0.23608854166666665 0.3491203703703703 0.02134505208333337 0.05545254629629636
0 0.3012916666666667 0.36915740740740743 0.027594401041666692 0.025934027777777743
0 0.2747708333333333 0.3762129629629629 0.01146158854166662 0.03335474537037031
0 0.33993749999999995 0.37652777777777774 0.024506510416666672 0.03521180555555572
0 0.30383333333333334 0.4104351851851852 0.019802083333333442 0.026890046296296287
0 0.2638020833333333 0.4356481481481482 0.033854166666666664 0.026851851851851852
2 0.8127604166666667 0.25601851851851853 0.15182291666666667 0.1425925925925926
2 0.31736458333333334 0.5832407407407407 0.01874837239583336 0.04632407407407405
2 0.5851510416666666 0.7616296296296295 0.019246093749999933 0.04911979166666672