0 0.19806249999999997 0.05383333333333332 0.020806640625000008 0.03609606481481491
0 0.04677083333333331 0.08139814814814812 0.0213502604166667 0.03150925925925924
2 0.18589583333333332 0.08412037037037039 0.021847656249999996 0.020385416666666573
2 0.22857291666666668 0.08869444444444441 0.02238867187500008 0.02403125000000012
0 0.2544635416666667 0.09372222222222225 0.020274739583333336 0.024093750000000008
0 0.20654166666666665 0.09482407407407405 0.01719205729166665 0.05554687500000013
2 0.29074479166666667 0.09489814814814816 0.025516276041666685 0.023140624999999942
0 0.17266666666666666 0.10130555555555552 0.015074869791666619 0.04349710648148154
0 0.27010937500000004 0.10299074074074076 0.01978743489583339 0.03242881944444439
0 0.04755208333333331 0.10330555555555561 0.020326171874999945 0.023241898148148088
0 0.18724479166666666 0.11425925925925924 0.019246744791666732 0.03058333333333331
0 0.22968229166666668 0.12601851851851853 0.02494466145833331 0.03334953703703718
2 0.16497916666666665 0.14214814814814813 0.0161744791666667 0.038031250000000016
0 0.01942187499999998 0.16024074074074068 0.021884765624999976 0.05379513888888899
0 0.13402083333333337 0.19758333333333333 0.019796874999999995 0.05097685185185191
0 0.10710937499999999 0.215787037037037 0.021368164062499893 0.035229745370370394
0 0.0049479166666666664 0.3 0.009895833333333333 0.06111111111111111
0 0.07064583333333332 0.40836111111111106 0.021383463541666595 0.02045370370370384
1 0.6930729166666667 0.8066296296296297 0.1098932291666666 0.14996643518518518