0 0.22421875 0.021296296296296296 0.019270833333333334 0.04259259259259259
0 0.24244791666666668 0.01898148148148148 0.019270833333333334 0.03796296296296296
0 0.24853124999999998 0.15100000000000005 0.012475911458333282 0.0463923611111111
0 0.2567760416666667 0.2083981481481482 0.017754557291666608 0.046390046296296235
0 0.22170312499999997 0.20978703703703708 0.030704427083333385 0.02139120370370388
0 0.24696875 0.22568518518518518 0.0218629557291667 0.04445254629629626
0 0.21770833333333334 0.24158333333333332 0.012547526041666639 0.036981481481481324
2 0.24644270833333332 0.26287037037037037 0.020858723958333415 0.05375694444444455
0 0.18810416666666666 0.28787037037037033 0.018777343750000005 0.02968287037037048
0 0.16830729166666666 0.3411018518518518 0.014611328124999901 0.05653240740740747
0 0.14981770833333333 0.35513888888888884 0.022381835937500108 0.03430381944444447
2 0.21692708333333333 0.4412037037037037 0.027604166666666666 0.01574074074074074
0 0.18889062499999998 0.9486759259259261 0.018241536458333367 0.04171354166666674
0 0.18316666666666664 0.9520740740740741 0.014050455729166699 0.04350983796296288
0 0.11328125 0.9916666666666667 0.0296875 0.014814814814814815
0 0.7869218750000001 0.9161111111111111 0.02760677083333315 0.03616435185185196