0 0.44245833333333334 0.05024074074074073 0.02964322916666665 0.03794097222222216
0 0.317265625 0.06366666666666666 0.024986002604166776 0.0499890046296296
0 0.45390625 0.06944444444444445 0.0109375 0.03888888888888889
0 0.392359375 0.13047222222222218 0.021878906249999965 0.025983796296296297
0 0.3761302083333333 0.14359259259259263 0.02809960937499992 0.02397800925925927
0 0.38203125 0.18232407407407406 0.029640624999999924 0.03338888888888905
0 0.22297916666666667 0.20577777777777778 0.023990234374999985 0.03983101851851845
0 0.4146770833333333 0.20778703703703702 0.017684244791666616 0.0619803240740741
0 0.29746875 0.28724074074074074 0.018764648437500024 0.043525462962962905
0 0.33775520833333333 0.2886388888888889 0.024430338541666666 0.029614583333333215
0 0.35372916666666665 0.3048425925925926 0.016653320312500004 0.03610416666666673
0 0.09674479166666666 0.30576851851851855 0.01823697916666666 0.02314120370370376
0 0.331328125 0.3184166666666667 0.013514322916666661 0.05735416666666656
0 0.3660572916666667 0.3184166666666667 0.015108723958333433 0.050050925925925985
2 0.022666666666666658 0.7309351851851852 0.023415364583333324 0.041694444444444416
2 0.182671875 0.8786018518518518 0.0307379557291668 0.035210648148148074
2 0.6808020833333333 0.7072037037037037 0.12084765624999996 0.11667939814814822