0 0.026468750000000027 0.07244444444444445 0.027598307291666777 0.11390624999999996
2 0.12769791666666663 0.13201851851851856 0.017696289062500033 0.026804398148147956
0 0.08897916666666668 0.15639814814814812 0.025519205729166692 0.03330555555555558
0 0.11016145833333332 0.16642592592592592 0.016099609375000056 0.05553819444444449
0 0.0049479166666666664 0.25787037037037036 0.009895833333333333 0.026851851851851852
2 0.007552083333333333 0.3680555555555556 0.015104166666666667 0.05462962962962963
0 0.7186822916666666 0.050842592592592564 0.027604817708333406 0.04635300925925923
2 0.9505781249999999 0.05253703703703705 0.02602473958333344 0.0592679398148149
0 0.60078125 0.08433333333333337 0.015056640625000029 0.04064583333333316
0 0.9541354166666667 0.1425 0.03431966145833343 0.033386574074074186
2 0.68578125 0.17227777777777772 0.03384309895833333 0.027823495370370422
0 0.6523489583333333 0.21749074074074073 0.015126953125000024 0.05648784722222205
0 0.31927083333333334 0.5476851851851852 0.04895833333333333 0.031018518518518518
0 0.3494791666666667 0.5800925925925926 0.044270833333333336 0.037037037037037035
0 0.34921875 0.4185185185185185 0.0421875 0.037037037037037035
0 0.22708333333333333 0.5893518518518519 0.0546875 0.031018518518518518
0 0.3848958333333333 0.5898148148148148 0.05182291666666667 0.024074074074074074
0 0.42578125 0.41944444444444445 0.05078125 0.028703703703703703
0 0.29739583333333336 0.5976851851851852 0.05 0.032407407407407406
0 0.2838541666666667 0.6222222222222222 0.04609375 0.03611111111111111
0 0.06380208333333333 0.638425925925926 0.05260416666666667 0.034722222222222224
0 0.37994791666666666 0.6407407407407407 0.04791666666666667 0.049074074074074076
0 0.4236979166666667 0.6472222222222223 0.03723958333333333 0.06018518518518518
0 0.01875 0.649537037037037 0.02578125 0.06481481481481481
0 0.09557291666666666 0.6657407407407407 0.05755208333333333 0.028703703703703703
0 0.3765625 0.6657407407407407 0.04505208333333333 0.049074074074074076
0 0.35963541666666665 0.7037037037037037 0.05286458333333333 0.028703703703703703