0 0.17124479166666665 0.14022222222222222 0.014053385416666704 0.05099074074074079
0 0.2832395833333334 0.26258333333333334 0.028651692708333225 0.03516898148148145
0 0.2900989583333333 0.2750925925925926 0.021923828125 0.01946064814814808
0 0.17827604166666663 0.3286296296296297 0.016671549479166714 0.048177083333333336
0 0.190953125 0.3360370370370371 0.024509765624999957 0.03709490740740741
0 0.368234375 0.381712962962963 0.03025455729166661 0.03242592592592591
0 0.30459895833333334 0.4091759259259259 0.022391927083333367 0.027833333333333495
0 0.3283020833333333 0.40978703703703706 0.018751953125000043 0.05838020833333341
0 0.351828125 0.42244444444444446 0.010914713541666643 0.026843171296296212
0 0.27638541666666666 0.4317037037037037 0.021340820312500005 0.02871180555555552
0 0.3705833333333333 0.43247222222222226 0.029642578124999968 0.03157523148148142
0 0.25225000000000003 0.5157962962962962 0.014577473958333443 0.03527662037037047
0 0.253125 0.5486111111111112 0.021875 0.019444444444444445
0 0.8207395833333334 0.3776851851851852 0.02968098958333331 0.025980324074074
0 0.3015625 0.7574074074074074 0.06979166666666667 0.03333333333333333
0 0.459375 0.8430555555555556 0.03411458333333333 0.05277777777777778
0 0.4546875 0.8606481481481482 0.03958333333333333 0.04583333333333333
0 0.46536458333333336 0.9078703703703703 0.06432291666666666 0.02638888888888889
0 0.10520833333333333 0.6851851851851852 0.0625 0.040740740740740744
0 0.5283854166666667 0.6643518518518519 0.0171875 0.03611111111111111