0 0.21796354166666668 0.08234259259259259 0.016097656250000016 0.05006018518518513
0 0.24748437499999998 0.18201851851851855 0.022903971354166566 0.04541840277777772
0 0.35322395833333337 0.25013888888888886 0.026567382812500047 0.03146354166666659
0 0.2646614583333333 0.2578888888888889 0.010433268229166615 0.024956018518518402
0 0.32889583333333333 0.25859259259259254 0.025520833333333333 0.012917824074074142
0 0.27971874999999996 0.26169444444444445 0.00938085937500001 0.034175925925926
2 0.2478229166666667 0.26197222222222216 0.017671875000000035 0.025969907407407313
0 0.2343541666666667 0.26528703703703704 0.014561848958333339 0.04161111111111116
2 0.2980260416666667 0.26725 0.03177115885416673 0.034252314814814874
0 0.22230729166666668 0.27408333333333335 0.016647135416666594 0.05187384259259265
2 0.3268697916666667 0.28640740740740744 0.024489257812500043 0.043531249999999855
0 0.24762500000000004 0.2942222222222222 0.016195312500000014 0.037946759259259326
0 0.2640677083333333 0.29796296296296293 0.017695963541666634 0.0416273148148148
0 0.16534895833333335 0.3755092592592592 0.014087890624999962 0.04356365740740734
0 0.18349479166666663 0.40606481481481477 0.035423828125000036 0.024909722222222357
0 0.06750520833333334 0.5298148148148148 0.01513671875 0.06019212962962957
0 0.8189218749999999 0.30979629629629635 0.017703776041666567 0.034163194444444454
0 0.22369791666666666 0.674537037037037 0.0109375 0.030555555555555555
0 0.10234375 0.6782407407407407 0.016145833333333335 0.03796296296296296
2 0.17786458333333333 0.6796296296296296 0.019270833333333334 0.040740740740740744
0 0.315484375 0.8603796296296297 0.019289062499999923 0.056491898148148166
2 0.7265625 0.9875 0.021875 0.023148148148148147