2 0.17292708333333331 0.38275 0.021902018229166723 0.054633101851851926
0 0.239765625 0.4438425925925926 0.0328151041666666 0.026795138888888913
0 0.2736041666666667 0.47527777777777774 0.010419270833333272 0.05457407407407412
0 0.29707812499999997 0.47947222222222224 0.018220703125000053 0.029648148148148343
0 0.25422395833333333 0.4804722222222222 0.020812174479166737 0.0407609953703705
0 0.26177083333333334 0.4864166666666667 0.015628255208333403 0.041634837962963
0 0.2859375 0.49537037037037035 0.014583333333333334 0.025925925925925925
0 0.26484375 0.500462962962963 0.019270833333333334 0.01574074074074074
0 0.4388020833333333 0.49722222222222223 0.016145833333333335 0.022222222222222223
0 0.7288177083333333 0.282787037037037 0.024998046874999957 0.03243518518518516
0 0.780390625 0.2997592592592593 0.01770572916666673 0.03701967592592597
2 0.757203125 0.3083981481481482 0.0255247395833333 0.03898263888888883
0 0.7180520833333333 0.31473148148148145 0.00988248697916667 0.03886111111111114
0 0.7290781249999999 0.31843518518518515 0.013023111979166776 0.049972222222222244
0 0.6979947916666667 0.3323148148148148 0.029180664062499893 0.022249421296296153
0 0.5997395833333333 0.4027777777777778 0.0203125 0.037037037037037035
0 0.28229166666666666 0.6888888888888889 0.09583333333333334 0.10462962962962963
0 0.34609375 0.8037037037037037 0.11041666666666666 0.08935185185185185
0 0.11432291666666666 0.8569444444444444 0.08697916666666666 0.11018518518518519
0 0.3494791666666667 0.9101851851851852 0.14453125 0.09583333333333334
2 0.0984375 0.9398148148148148 0.12083333333333333 0.06481481481481481
0 0.43255208333333334 0.9518518518518518 0.08411458333333334 0.07175925925925926
2 0.3145833333333333 0.6092592592592593 0.11640625 0.08564814814814815
0 0.037760416666666664 0.6435185185185185 0.07552083333333333 0.13333333333333333
2 0.48411458333333335 0.6638888888888889 0.11640625 0.07175925925925926