0 0.3268125 0.27724074074074073 0.023388020833333318 0.04357754629629622
0 0.42578645833333334 0.3059444444444445 0.015081054687500029 0.049103009259259256
0 0.3249010416666666 0.32399999999999995 0.021350911458333382 0.04262152777777778
0 0.16011979166666668 0.3557777777777778 0.02082552083333334 0.050944444444444424
0 0.25405729166666663 0.36241666666666666 0.025516276041666685 0.02132465277777787
2 0.4044270833333333 0.39482407407407405 0.022372395833333295 0.023175925925925902
0 0.5284010416666667 0.3972870370370371 0.023458984374999877 0.03523206018518526
0 0.44063541666666667 0.403 0.02078776041666662 0.028686342592592635
0 0.4170833333333333 0.40548148148148144 0.020847005208333276 0.022262731481481522
0 0.14788020833333335 0.4063981481481481 0.020320963541666674 0.04438773148148151
0 0.3150052083333333 0.4116481481481482 0.02239225260416665 0.030508101851851658
0 0.39166666666666666 0.4116481481481482 0.018726236979166682 0.026804398148147956
0 0.41180729166666663 0.4417314814814815 0.017162760416666718 0.04990625000000006
0 0.42708854166666665 0.4442037037037037 0.01877343750000004 0.03702893518518522
2 0.30788541666666663 0.46718518518518515 0.022946614583333396 0.043609953703703803
0 0.35198958333333336 0.48277777777777775 0.025515625000000004 0.030501157407407484
2 0.22670833333333332 0.4852407407407407 0.022412109375 0.05189756944444449
0 0.2594375 0.4983518518518519 0.019807291666666654 0.05463657407407402
0 0.29260416666666667 0.5591481481481482 0.020316731770833367 0.03521006944444425
0 0.6914114583333333 0.07069444444444446 0.026504557291666706 0.04161342592592592
2 0.694015625 0.21220370370370364 0.02132486979166662 0.04353645833333341
2 0.719546875 0.21523148148148152 0.028654622395833346 0.03057118055555558
0 0.07890625 0.7310185185185185 0.15755208333333334 0.1675925925925926
3 0.33958333333333335 0.8041666666666667 0.34791666666666665 0.15
0 0.06380208333333333 0.875462962962963 0.12760416666666666 0.13796296296296295
0 0.14739583333333334 0.9393518518518519 0.13307291666666668 0.11898148148148148
0 0.33359375 0.9527777777777777 0.1640625 0.09259259259259259
0 0.040364583333333336 0.9726851851851852 0.08072916666666667 0.05277777777777778
0 0.49192708333333335 0.7092592592592593 0.23463541666666668 0.1388888888888889