0 0.05246875 0.18326851851851853 0.011996093749999897 0.05376504629629627
0 0.5848072916666667 0.2440648148148148 0.021358072916666634 0.05183449074074068
0 0.5460885416666666 0.3644166666666667 0.025545247395833335 0.025046875000000076
2 0.568 0.38239814814814815 0.01618164062499995 0.051910879629629654
0 0.5916875 0.39525 0.011459635416666695 0.0500219907407408
0 0.5348020833333335 0.45484259259259263 0.023440429687500004 0.05463657407407402
0 0.50728125 0.4705740740740741 0.02919205729166663 0.04167361111111105
0 0.52178125 0.49989814814814815 0.02551822916666673 0.02224768518518511
0 0.5523385416666666 0.5165648148148148 0.019319661458333335 0.044392361111111237
2 0.26328125 0.5171296296296296 0.0067708333333333336 0.03981481481481482
0 0.23984895833333333 0.6761481481481482 0.018183593749999952 0.037980324074074034
0 0.22083854166666667 0.6928148148148148 0.010463541666666742 0.024982638888888933
0 0.1883645833333333 0.7171944444444445 0.025534179687499995 0.03800983796296304
0 0.18915104166666666 0.7355648148148148 0.016653645833333404 0.03423148148148151
0 0.6528645833333333 0.7416666666666667 0.3346354166666667 0.16944444444444445