0 0.3521822916666667 0.12910185185185186 0.026065104166666703 0.047283564814814785
0 0.61484375 0.262037037037037 0.008854166666666666 0.05925925925925926
0 0.19417187499999997 0.30376851851851855 0.02344466145833337 0.05194560185185179
0 0.25946354166666663 0.3071666666666667 0.02809960937499992 0.0296469907407407
0 0.6023958333333332 0.31781481481481483 0.016128255208333307 0.060193287037037004
0 0.3112864583333333 0.31982407407407404 0.02346223958333328 0.026796296296296138
2 0.28871875 0.3263055555555555 0.0145872395833333 0.04716666666666651
0 0.15519270833333335 0.40792592592592586 0.018698567708333277 0.06009259259259268
0 0.17976041666666667 0.41826851851851854 0.03126497395833342 0.02591898148148154
0 0.649484375 0.19370370370370374 0.017757812500000015 0.02496874999999995
0 0.6341458333333333 0.19620370370370369 0.012996744791666733 0.029561342592592785
0 0.6805677083333334 0.19961111111111116 0.022373046874999976 0.024905092592592416
0 0.642453125 0.21904629629629635 0.017234375000000076 0.034164351851851675
0 0.4389791666666667 0.6931296296296297 0.016142578124999928 0.04342245370370371
0 0.8682239583333333 0.6171944444444445 0.026091145833333346 0.03990856481481476