0 0.230765625 0.0323333333333334 0.01878841145833334 0.03154050925925928
0 0.5550364583333334 0.04837962962962963 0.009883138020833234 0.04908391203703699
0 0.27678125000000003 0.06041666666666667 0.024996744791666654 0.017602430555555455
2 0.5638020833333334 0.06257407407407412 0.021401692708333305 0.05842939814814814
0 0.5868125 0.08125 0.015080078124999948 0.046314814814814795
0 0.6647760416666666 0.08139814814814812 0.022916992187500065 0.048176504629629725
0 0.158359375 0.08942592592592596 0.019812174479166656 0.04171412037037056
0 0.6338697916666667 0.11411111111111112 0.025998046874999996 0.03983217592592588
0 0.5302916666666666 0.11904629629629634 0.015598958333333357 0.06027893518518512
0 0.5510416666666667 0.11936111111111108 0.024953124999999923 0.0352407407407409
0 0.28216145833333334 0.12151851851851853 0.022403320312499985 0.032416087962963046
0 0.6567031249999999 0.13725925925925928 0.02656315104166674 0.023164351851851783
0 0.6139010416666667 0.1418888888888889 0.027581380208333308 0.03242361111111104
0 0.5700572916666666 0.14775925925925928 0.011956054687500028 0.05643402777777758
0 0.49000520833333333 0.23137962962962963 0.01719401041666669 0.04079282407407395
0 0.16027083333333333 0.2566851851851852 0.01616536458333333 0.02871643518518525
0 0.29614062499999994 0.26995370370370364 0.010919921875000032 0.047266782407407434
0 0.2611614583333333 0.7369537037037037 0.03125423177083331 0.022250578703703797
2 0.8697552083333334 0.7381851851851852 0.0198476562499998 0.050944444444444424
0 0.55946875 0.777074074074074 0.013529622395833366 0.030546296296296304
0 0.5183177083333333 0.7798518518518519 0.01247460937499992 0.03609259259259261
0 0.5389791666666668 0.7820185185185186 0.011977539062500023 0.03606365740740721
0 0.4806354166666667 0.7985185185185185 0.023440429687500004 0.028730902777777633
0 0.736234375 0.9423240740740741 0.021315104166666526 0.06482638888888893