0 0.08098958333333334 0.018518518518518517 0.0234375 0.037037037037037035
0 0.179953125 0.04390740740740747 0.01505794270833339 0.04913194444444444
0 0.0790677083333333 0.06196296296296293 0.021347656249999975 0.042650462962962966
0 0.010677083333333334 0.1 0.021354166666666667 0.022222222222222223
2 0.15859375 0.132787037037037 0.022372395833333295 0.023175925925925902
0 0.28256770833333333 0.13525000000000004 0.023458984374999877 0.03523206018518526
0 0.19480208333333332 0.14096296296296298 0.02078776041666662 0.028686342592592635
0 0.17124999999999999 0.1434444444444444 0.020860677083333338 0.022303240740740613
0 0.06917187499999997 0.14961111111111114 0.022388671874999964 0.030460648148147973
0 0.14583333333333334 0.14961111111111114 0.018726236979166682 0.026804398148147956
0 0.1659739583333333 0.1796944444444445 0.0171751302083333 0.049953124999999925
0 0.18125520833333333 0.18216666666666667 0.018796875000000077 0.0370208333333334
2 0.06205208333333333 0.2051481481481481 0.02293164062500009 0.04356423611111116
0 0.10615625000000002 0.2207407407407407 0.02551822916666673 0.030528356481481625
0 0.013604166666666669 0.23631481481481484 0.019822916666666756 0.054643518518518404
0 0.04677083333333331 0.2971111111111111 0.020320963541666733 0.035234953703703525
0 0.3911770833333333 0.36716666666666664 0.03233072916666657 0.03804976851851852
0 0.43072916666666666 0.08287037037037037 0.04140625 0.04814814814814815
0 0.8885416666666667 0.011111111111111112 0.06927083333333334 0.02175925925925926
0 0.89921875 0.12962962962962962 0.08567708333333333 0.06759259259259259
2 0.6171875 0.15324074074074073 0.08046875 0.05740740740740741
0 0.7997395833333333 0.175 0.07291666666666667 0.0837962962962963
0 0.7213541666666666 0.18796296296296297 0.08567708333333333 0.06620370370370371
0 0.48932291666666666 0.2263888888888889 0.042708333333333334 0.0763888888888889
0 0.43307291666666664 0.2564814814814815 0.04635416666666667 0.06527777777777778
2 0.59609375 0.2912037037037037 0.07447916666666667 0.07268518518518519
0 0.9078125 0.31157407407407406 0.07526041666666666 0.07361111111111111
0 0.7291666666666666 0.3523148148148148 0.0765625 0.059722222222222225
2 0.53984375 0.38287037037037036 0.07526041666666666 0.06388888888888888
0 0.9596354166666666 0.387037037037037 0.06484375 0.037037037037037035
0 0.44609375 0.40925925925925927 0.07239583333333334 0.03935185185185185
0 0.8442708333333333 0.4125 0.05755208333333333 0.032407407407407406
0 0.7052083333333333 0.4185185185185185 0.04635416666666667 0.020370370370370372
2 0.47421875 0.047685185185185185 0.07369791666666667 0.06759259259259259
0 0.9075520833333334 0.05185185185185185 0.08619791666666667 0.044444444444444446
2 0.6606770833333333 0.07453703703703704 0.0796875 0.06527777777777778
0 0.9921875 0.07731481481481481 0.0140625 0.037037037037037035
0 0.695640625 0.8080740740740741 0.12032779947916658 0.12222800925925917