0 0.33360416666666665 0.13402777777777777 0.027581380208333308 0.03334259259259258
0 0.292625 0.1696666666666667 0.02864420572916669 0.03611979166666675
0 0.29296875 0.20362037037037034 0.01505729166666659 0.022277777777777938
0 0.38291145833333334 0.2310833333333334 0.023969726562499953 0.05097222222222218
0 0.14138541666666668 0.2576203703703704 0.017240885416666647 0.04538541666666678
0 0.13339583333333332 0.28801851851851845 0.02293261718750004 0.04819328703703697
0 0.26371354166666666 0.31193518518518515 0.030203776041666568 0.020422453703703578
0 0.20649479166666668 0.32582407407407404 0.020337890624999962 0.04446990740740733
0 0.27109375 0.3429537037037037 0.023389973958333362 0.0398657407407408
0 0.27838541666666666 0.49675925925925923 0.021354166666666667 0.023148148148148147
0 0.9049479166666666 0.1363425925925926 0.025472656250000014 0.03424074074074076
0 0.10801041666666672 0.7513055555555556 0.14062760416666673 0.3806122685185185