0 0.04639047382783428 0.03506450545815415 0.01004713470602828 0.011081706913661926
0 0.06574051103944431 0.04680780681442276 0.01463656660878194 0.01257029440952696
0 0.19139171421483503 0.05590473040026464 0.006946167204167701 0.013231888852133642
0 0.21148598362689158 0.06864042342044327 0.017613495410568097 0.010089315249751903
0 0.07367898784420739 0.06930201786304994 0.010667328206400397 0.013893483294740324
0 0.33391218060034733 0.07492557062520674 0.01736541801041925 0.01273569302017863
0 0.01810965021086579 0.08087992060866689 0.016000992309600594 0.013397287462785313
0 0.12366658397419995 0.08187231227257691 0.015256760109154057 0.010089315249751903
0 0.231828330439097 0.10353953026794575 0.015380798809228479 0.00959311941779689
0 0.34036219300421733 0.10370492887859742 0.01699330191019598 0.011247105524313596
0 0.21309848672785908 0.10387032748924908 0.01500868270900521 0.008600727753886867
0 0.24844951624906972 0.10618590803837248 0.01463656660878194 0.01257029440952696
0 0.24745720664847431 0.10767449553423751 0.021706772513024063 0.010089315249751903
0 0.3280823616968494 0.10932848164075422 0.01500868270900521 0.01273569302017863
0 0.18444554701066732 0.1116440621898776 0.014388489208633094 0.008931524975190208
0 0.132473331679484 0.11462123718160767 0.01500868270900521 0.005292755540853457
0 0.3448275862068966 0.11693681773073106 0.010667328206400397 0.01257029440952696
0 0.21471098982882658 0.11859080383724777 0.015380798809228479 0.008104531921931855
0 0.24063507814438104 0.11925239827985445 0.016000992309600594 0.011081706913661926
0 0.07615976184569585 0.12322196493549455 0.013024063507814439 0.00992391663910023
0 0.18196477300917888 0.12338736354614621 0.009302902505581741 0.007608336089976844
0 0.511411560406847 0.12504134965266292 0.011039444306623666 0.016374462454515383
0 0.269039940461424 0.12537214687396625 0.018357727611014635 0.0074429374793251735
0 0.24125527164475316 0.12785312603374133 0.01500868270900521 0.009096923585841878
0 0.21322252542793352 0.1296725107509097 0.010667328206400397 0.011743301356268608
0 0.22661870503597123 0.13033410519351638 0.013024063507814439 0.011081706913661926
0 0.07119821384271893 0.1318226926893814 0.006325973703795584 0.005954349983460139
0 0.2628380054577028 0.1329804829639431 0.008682709005209625 0.011577902745616937
0 0.13123294467873978 0.1334766787958981 0.012031753907219053 0.011081706913661926
0 0.03225006201935004 0.1336420774065498 0.010295212106177128 0.011577902745616937
0 0.24162738774497644 0.13513066490241482 0.012031753907219053 0.007608336089976844
0 0.29719672537831804 0.13777704267284155 0.015380798809228479 0.007939133311280185
0 0.272264946663359 0.13926563016870658 0.00731828330439097 0.007277538868673503
0 0.26110146365666087 0.13943102877935826 0.006946167204167701 0.008435329143235196
0 0.28181592656908955 0.14042342044326828 0.00806251550483751 0.014389679126695335
0 0.24807740014884644 0.14158121071782998 0.01959811461175887 0.005954349983460139
0 0.3605805011163483 0.14273900099239167 0.015380798809228479 0.0074429374793251735
0 0.3092284792855371 0.1447237843202117 0.008682709005209625 0.012074098577571949
0 0.25862068965517243 0.14604697320542506 0.01935003721161002 0.007277538868673503
0 0.20057057802034234 0.14654316903738007 0.007938476804763086 0.005458154151505128
0 0.12527908707516744 0.1470393648693351 0.011039444306623666 0.013231888852133642
0 0.21471098982882658 0.1470393648693351 0.011659637806995783 0.0067813430367184915
0 0.10754155296452493 0.1486933509758518 0.014016373108409823 0.011247105524313596
0 0.22835524683701314 0.14918954680780683 0.011039444306623666 0.006450545815415151
0 0.29025055817415035 0.14918954680780683 0.010667328206400397 0.005788951372808469
0 0.24001488464400894 0.15067813430367186 0.016373108409823867 0.006450545815415151
0 0.34817663110890595 0.1520013231888852 0.018357727611014635 0.007939133311280185
0 0.2715207144629124 0.15216672179953689 0.01004713470602828 0.007939133311280185
0 0.17266187050359713 0.15299371485279523 0.012031753907219053 0.0074429374793251735
0 0.19151575291490947 0.1538207079060536 0.01463656660878194 0.00959311941779689
0 0.18097246340858347 0.1548130995699636 0.010295212106177128 0.008931524975190208
0 0.25489952865293974 0.1548130995699636 0.014016373108409823 0.007939133311280185
0 0.3262217811957331 0.1548130995699636 0.011287521706772514 0.010089315249751903
0 0.24175142644505085 0.15613628845517696 0.012031753907219053 0.010254713860403573
0 0.29558422227735054 0.15779027456169367 0.017985611510791366 0.009096923585841878
0 0.2216571570329943 0.15861726761495204 0.009302902505581741 0.00628514720476348
0 0.25564376085338625 0.1599404565001654 0.012279831307367898 0.0067813430367184915
0 0.2663110890597867 0.1610982467747271 0.01662118580997271 0.00628514720476348
0 0.2292235177375341 0.1622560370492888 0.009302902505581741 0.010585511081706914
0 0.15752914909451748 0.16242143565994047 0.01662118580997271 0.010254713860403573
0 0.3332919870999752 0.16424082037710883 0.017737534110642522 0.006450545815415151
0 0.2959563383775738 0.16655640092623222 0.017985611510791366 0.007277538868673503
0 0.251178367650707 0.16705259675818723 0.016000992309600594 0.005788951372808469
0 0.03857603572314562 0.16754879259014224 0.012279831307367898 0.010420112471055244
0 0.26209377325725625 0.16837578564340058 0.01500868270900521 0.011577902745616937
0 0.23443314314065988 0.16903738008600727 0.005705780203423468 0.00959311941779689
0 0.13346564128007937 0.1700297717499173 0.011659637806995783 0.013066490241481972
0 0.15566856859340114 0.1705259675818723 0.013024063507814439 0.00992391663910023
0 0.027040436616224264 0.17184915646708568 0.009302902505581741 0.010089315249751903
2 0.2990573058794344 0.17383393979490572 0.018357727611014635 0.013397287462785313
0 0.24857355494914413 0.17548792590142243 0.00806251550483751 0.013397287462785313
0 0.23815430414289257 0.17614952034402911 0.015628876209377324 0.00992391663910023
0 0.22847928553708757 0.17648031756533245 0.006946167204167701 0.008600727753886867
0 0.12081369387248822 0.17780350645054582 0.011659637806995783 0.013231888852133642
0 0.18394939221036963 0.18441945087661263 0.01500868270900521 0.010750909692358585
0 0.057305879434383526 0.185742639761826 0.013024063507814439 0.014224280516043665
0 0.28652939717191767 0.21303341051935162 0.016745224510047136 0.008269930532583526
0 0.11982138427189283 0.2216341382732385 0.011039444306623666 0.010089315249751903
0 0.12813197717687919 0.2272576910353953 0.007938476804763086 0.01273569302017863
0 0.057181840734309104 0.23106185908038374 0.011039444306623666 0.011081706913661926
0 0.2370379558422228 0.6304995038041681 0.017985611510791366 0.024644392987098907