0 0.09591666666666665 0.1301851851851852 0.017721679687499995 0.05554745370370374
0 0.0026041666666666665 0.24814814814814815 0.005208333333333333 0.03518518518518519
2 0.10373437499999998 0.3221296296296296 0.020807942708333253 0.053759259259259416
0 0.12873437499999998 0.33201851851851855 0.014608723958333413 0.04527546296296279
0 0.216859375 0.3371018518518519 0.03125065104166668 0.01861226851851846
0 0.21425520833333334 0.3724351851851852 0.017708984375000014 0.02871875000000012
0 0.08932291666666667 0.37083333333333335 0.021354166666666667 0.03611111111111111
0 0.10104166666666667 0.3768518518518518 0.017708333333333333 0.024074074074074074
0 0.8408854166666667 0.10416666666666667 0.020052083333333335 0.025
0 0.66640625 0.1449074074074074 0.01875 0.01990740740740741
0 0.69921875 0.1486111111111111 0.022916666666666665 0.02175925925925926
0 0.7072916666666667 0.1736111111111111 0.023958333333333335 0.018518518518518517
0 0.6598958333333333 0.17407407407407408 0.020572916666666666 0.021296296296296296
0 0.696875 0.20833333333333334 0.021614583333333333 0.01712962962962963
0 0.7057291666666666 0.2351851851851852 0.02578125 0.02824074074074074
0 0.15130208333333334 0.745287037037037 0.024455078125000067 0.044472800925926016
0 0.12768749999999998 0.7687407407407407 0.02498632812499994 0.032416666666666656
0 0.19279687499999998 0.8113333333333334 0.017695963541666634 0.023139467592592507
0 0.19618229166666665 0.8283055555555556 0.017162760416666718 0.04527546296296279
0 0.16640625 0.8293888888888888 0.015056640625000029 0.03701967592592597
0 0.16049999999999998 0.8744444444444445 0.01356835937500011 0.03605671296296304
0 0.09174479166666666 0.8809259259259259 0.030194335937500108 0.021322916666666827
0 0.11995312499999997 0.8824629629629629 0.029169921874999952 0.024119791666666716
0 0.144265625 0.8850925925925925 0.019840494791666666 0.024127314814814924
0 0.1766458333333333 0.8887962962962963 0.01669270833333331 0.038835648148148036
0 0.13115625000000003 0.9031481481481481 0.021348958333333338 0.04161342592592582
0 0.18671875 0.919037037037037 0.03181835937499997 0.03249768518518505
0 0.08722916666666668 0.9235092592592592 0.021329101562499987 0.043543981481481406
0 0.03982812500000001 0.9401759259259259 0.02861979166666669 0.021321759259259183
0 0.4890625 0.6689814814814815 0.11484375 0.16527777777777777