0 0.004427083333333333 0.1361111111111111 0.008854166666666666 0.05555555555555555
0 0.07395833333333333 0.33101851851851855 0.029166666666666667 0.01574074074074074
0 0.5174479166666667 0.3314814814814815 0.025520833333333333 0.014814814814814815
0 0.122203125 0.9332407407407407 0.030760416666666755 0.02783217592592585
0 0.4395833333333333 0.41721296296296295 0.012476236979166682 0.05369560185185178
0 0.34833333333333333 0.4483888888888889 0.027608398437500032 0.019455439814814846
2 0.41084895833333335 0.525537037037037 0.020309895833333393 0.05838136574074068
0 0.515296875 0.575675925925926 0.03072656250000006 0.024997685185185133
0 0.465171875 0.5790555555555555 0.014580729166666728 0.02124074074074058
0 0.5480208333333334 0.5833148148148148 0.010409505208333296 0.02230092592592596
2 0.44244791666666666 0.5844814814814815 0.015080403645833348 0.030546874999999914
0 0.47432812500000004 0.5989629629629629 0.010932942708333353 0.04164583333333351
0 0.4522083333333333 0.6048518518518519 0.016652343749999923 0.04164062499999996
0 0.4852135416666667 0.6061018518518518 0.016119791666666692 0.04173958333333324
2 0.42109375 0.6094814814814815 0.024455078125000067 0.036102430555555474
0 0.5871875000000001 0.6204351851851853 0.011973632812500056 0.05552951388888885
0 0.3959114583333333 0.7091574074074074 0.02605566406249989 0.029655092592592518