0 0.078125 0.011574074074074073 0.027083333333333334 0.023148148148148147
0 0.04192708333333333 0.13727777777777778 0.03278906249999996 0.026862268518518535
0 0.08681249999999997 0.19560185185185186 0.019246744791666614 0.04724074074074072
0 0.056338541666666644 0.23139814814814813 0.015638020833333263 0.05558333333333331
0 0.09441145833333332 0.24026851851851852 0.01510677083333339 0.03600462962962962
0 0.17669791666666665 0.2412777777777778 0.021358398437499915 0.03243923611111107
2 0.15869270833333335 0.25530555555555556 0.02972395833333324 0.031486111111111215
0 0.07447916666666667 0.26557407407407413 0.034389648437500024 0.014808449074074252
0 0.08173437499999997 0.28687962962962965 0.013518229166666748 0.03518287037037053
0 0.06231249999999999 0.29457407407407404 0.015638671875000062 0.05464236111111097
0 0.15348958333333335 0.2950648148148148 0.024453776041666705 0.025064814814814755
0 0.11866666666666668 0.33812962962962956 0.027090820312499986 0.04259953703703698
0 0.17563020833333334 0.4711851851851852 0.03331315104166676 0.027826388888888897
0 0.43697916666666664 0.48842592592592593 0.014583333333333334 0.049074074074074076
2 0.7475833333333334 0.5215185185185185 0.01770768229166665 0.03611921296296293
0 0.6640625 0.5435185185185185 0.022916666666666665 0.02962962962962963
0 0.022031249999999978 0.8533055555555557 0.0322874348958333 0.017638888888888846