0 0.0018229166666666667 0.08611111111111111 0.0036458333333333334 0.025925925925925925
0 0.024578125000000027 0.10639814814814812 0.02811360677083338 0.035157407407407436
0 0.7729166666666667 0.14166666666666666 0.015625 0.034722222222222224
0 0.7591145833333334 0.20185185185185187 0.017708333333333333 0.03333333333333333
0 0.73125 0.21388888888888888 0.01875 0.02546296296296296
0 0.7520833333333333 0.22962962962962963 0.011197916666666667 0.024537037037037038
0 0.71640625 0.23657407407407408 0.024479166666666666 0.011111111111111112
0 0.7369791666666666 0.24212962962962964 0.014322916666666666 0.019444444444444445
0 0.7268229166666667 0.2638888888888889 0.025520833333333333 0.013888888888888888
0 0.6901041666666666 0.28703703703703703 0.013802083333333333 0.029166666666666667
0 0.42317187500000003 0.8906481481481481 0.030680338541666668 0.029685185185185346