2 0.1474427083333333 0.0878796296296296 0.01878580729166668 0.05561111111111127
0 0.44597916666666665 0.08901851851851851 0.020806640625000008 0.03609606481481491
0 0.2946875 0.1165833333333333 0.0213502604166667 0.03150925925925924
2 0.4338125 0.11930555555555558 0.021847656249999996 0.020385416666666573
2 0.47648958333333336 0.12387962962962959 0.022392252604166767 0.024052662037037095
0 0.5023802083333334 0.12890740740740744 0.020274739583333336 0.024093750000000008
0 0.4544583333333333 0.13000925925925924 0.017196614583333294 0.05553819444444449
2 0.5386614583333333 0.13008333333333333 0.025516276041666685 0.023140624999999942
0 0.4205833333333333 0.13649074074074072 0.015074869791666619 0.04349710648148154
0 0.5180260416666668 0.13817592592592595 0.019787434895833417 0.03242881944444439
0 0.29546875 0.13849074074074078 0.02031933593749997 0.023195023148148225
0 0.15620833333333334 0.14003703703703704 0.023429687500000008 0.04538657407407401
0 0.4351614583333333 0.14944444444444444 0.019258789062500035 0.030569444444444538
0 0.4775989583333333 0.16120370370370374 0.02494466145833331 0.03334953703703718
2 0.41289583333333335 0.17733333333333332 0.016160156250000075 0.03799710648148149
0 0.26733854166666665 0.19542592592592586 0.021884765624999976 0.05379513888888899
0 0.23044270833333333 0.2202685185185185 0.019325520833333283 0.0463483796296295
0 0.38193750000000004 0.2327685185185185 0.019796874999999995 0.05097685185185191
0 0.3550260416666667 0.2509722222222222 0.021382161458333233 0.03527430555555561
0 0.17791666666666667 0.31254629629629627 0.011961914062500039 0.01578472222222234
0 0.24815104166666666 0.33552777777777776 0.01932486979166672 0.060232638888889085
2 0.06383333333333334 0.3400092592592593 0.024518229166666662 0.045379629629629624
0 0.31856249999999997 0.44354629629629627 0.021368815104166692 0.020412037037037103
0 0.04973958333333333 0.6912037037037037 0.09947916666666666 0.12314814814814815