0 0.36873958333333334 0.24314814814814817 0.019272135416666693 0.032370370370370195
0 0.3890572916666667 0.2551666666666667 0.01981152343750002 0.02684664351851851
0 0.34853645833333335 0.25734259259259257 0.01771028645833326 0.031500000000000195
2 0.3652916666666667 0.2698703703703704 0.01980598958333329 0.03333449074074077
0 0.32909375 0.2899629629629629 0.019773437499999956 0.051778935185185275
0 0.34067708333333335 0.2955185185185185 0.018753580729166566 0.03056134259259272
0 0.5348333333333334 0.38369444444444445 0.015103190104166704 0.06576620370370363
0 0.840625 0.8693796296296297 0.022964192708333307 0.033273148148148204
0 0.8049427083333334 0.9412777777777778 0.0328369140625 0.01947337962962963
0 0.81015625 0.9672037037037037 0.015080403645833348 0.037915509259259066
0 0.77421875 0.975925925925926 0.019270833333333334 0.046296296296296294
0 0.9169270833333333 0.9861111111111112 0.028645833333333332 0.025925925925925925