0 0.06171875 0.01712962962962963 0.015104166666666667 0.03425925925925926
0 0.20198958333333336 0.057629629629629635 0.027601236979166662 0.11389756944444447
2 0.30321875 0.11720370370370374 0.017696289062500033 0.026804398148147956
0 0.2645 0.1415833333333333 0.025519205729166692 0.03330555555555558
0 0.28568229166666664 0.1516111111111111 0.016122721354166696 0.05554687499999992
0 0.06072916666666668 0.15530555555555559 0.02451302083333336 0.051866898148148266
0 0.17038541666666665 0.24341666666666664 0.029152343750000042 0.025951388888888812
2 0.17697916666666663 0.35358333333333336 0.026570312499999933 0.0537511574074076
0 0.025307291666666655 0.3725648148148148 0.022413411458333303 0.0565046296296295
0 0.25893229166666665 0.8229074074074074 0.031236002604166774 0.018526620370370336
0 0.685703125 0.8394074074074074 0.020292317708333247 0.03986111111111107