0 0.2460729166666667 0.2456666666666667 0.03071809895833333 0.024965277777777652
2 0.16812499999999997 0.2509444444444444 0.019808593750000013 0.024037615740740682
2 0.18656770833333336 0.2525648148148148 0.016142578125000046 0.02965219907407404
0 0.22885937499999998 0.2525648148148148 0.022444010416666653 0.02967476851851845
0 0.2051197916666667 0.25676851851851845 0.01350781250000009 0.028695601851851885
0 0.292640625 0.2580925925925926 0.030729492187499947 0.016675347222222307
0 0.21072395833333335 0.2721388888888889 0.024532552083333433 0.019444444444444445
2 0.1443125 0.27890740740740744 0.022943359375000107 0.04909143518518514
0 0.181 0.2847314814814815 0.02863281249999995 0.028690972222222156
0 0.15746354166666668 0.2984814814814815 0.021375325520833263 0.03058101851851844
0 0.18435416666666668 0.3007777777777778 0.021819010416666628 0.04351967592592595
0 0.01811458333333332 0.30329629629629623 0.024484700520833336 0.045416666666666626
0 0.21133333333333332 0.303425925925926 0.013528320312500005 0.04445659722222217
2 0.0984375 0.9078703703703703 0.196875 0.1824074074074074