2 0.22589531680440772 0.7814614343707713 0.00914099674430253 0.02142534957149301
0 0.7322789882294014 0.7449120433017592 0.04320310543451039 0.19949481281010373
0 0.9813423491109442 0.8096526838069463 0.03681442524417731 0.19395579612088407
3 0.8762083646381167 0.834808299503834 0.07163786626596548 0.2962877762742444
0 0.7276734284998747 0.8352728912945422 0.12127723516153271 0.09333333333333337
0 0.6262434259954921 0.8679115922417682 0.0595366892061107 0.20042399639152003
0 0.9675682444277486 0.894000902119982 0.0643626346105685 0.21109607577807848
0 0.5564738292011019 0.9052774018944519 0.07312797395442024 0.18854307622913846
0 0.9562985224142249 0.945872801082544 0.08690207863761583 0.10735227785295444
0 0.8085399449035813 0.9553450608930988 0.08389681943400952 0.08840775823184484
0 0.8891810668670173 0.9585024808299504 0.048835462058602556 0.08209291835814163
0 0.6080641121963436 0.976319350473613 0.05108940646130729 0.04645917907081642
0 0.6959679439018281 0.9702300405953992 0.061607813673929375 0.05863779882724402
0 0.5861507638367143 0.5584122688317547 0.08189331329827197 0.07758231844835363
0 0.9545454545454546 0.5735227785295445 0.07037315301778112 0.10780333784393324
0 0.6824442774855998 0.5613441587731168 0.11419984973703982 0.08344609833107804
0 0.876533934385174 0.5915651781686965 0.049586776859504134 0.14388813712223725
0 0.9891059353869271 0.6310329273793415 0.02128725269221137 0.09021199819576003
0 0.6653067868770347 0.6413351375732973 0.10476333583771599 0.16013531799729364
0 0.566992236413724 0.6515561569688768 0.09416478837966441 0.08525033829499323
0 0.7783571249686952 0.6661659900766801 0.06298522414224894 0.18894451962110959
0 0.6747458051590284 0.69893549842129 0.05683696468820437 0.1486648624267027