0 0.25651562499999997 0.06040740740740742 0.01820638020833331 0.0379716435185186
2 0.5847760416666666 0.07475925925925926 0.02343164062499999 0.06111921296296293
0 0.23750520833333333 0.07707407407407409 0.010463541666666742 0.024982638888888933
0 0.20503124999999997 0.10145370370370375 0.025547526041666775 0.0380567129629629
0 0.20581770833333332 0.11982407407407404 0.016640625000000023 0.03420370370370354
0 0.5084635416666666 0.13062037037037041 0.030216145833333267 0.03152777777777774
0 0.5516979166666667 0.13293518518518524 0.033347005208333516 0.030648148148148275
2 0.582515625 0.14064814814814813 0.022907552083333133 0.046241898148148226
2 0.6983489583333333 0.06735185185185186 0.018227213541666624 0.04260069444444441
0 0.9246822916666667 0.16225 0.03645507812500005 0.04538425925925914
0 0.3527760416666667 0.5844907407407407 0.026039388020833224 0.028694444444444453
0 0.8450520833333334 0.5518518518518518 0.14921875 0.2935185185185185