0 0.32386458333333334 0.23819444444444443 0.023440755208333403 0.049083912037036964
0 0.39453125 0.25131481481481477 0.029735026041666637 0.034200231481481456
0 0.3504322916666667 0.25810185185185186 0.015101888020833225 0.053712962962962955
0 0.4025208333333333 0.3270740740740741 0.008852864583333423 0.017583912037036954
2 0.349734375 0.3317037037037037 0.025545247395833335 0.04723032407407404
0 0.43985416666666666 0.3483703703703704 0.03172656249999998 0.036127314814814744
0 0.41536979166666665 0.36380555555555555 0.017233723958333277 0.040685185185185026
0 0.40712499999999996 0.38678703703703704 0.019258789062500035 0.04815567129629635
0 0.3499947916666667 0.40452777777777776 0.028173828125 0.02968287037037048
0 0.028385416666666666 0.41064814814814815 0.0265625 0.01574074074074074
0 0.30599479166666665 0.5681296296296297 0.012998046874999976 0.0212488425925924
0 0.6317395833333334 0.5690462962962963 0.012555338541666572 0.06213078703703698
0 0.21492708333333332 0.6441944444444445 0.01717382812499994 0.02222916666666661
0 0.24227083333333332 0.6574629629629629 0.027070312500000072 0.029583912037036985