0 0.011526041666666664 0.2854351851851852 0.019822916666666756 0.05465393518518519
0 0.10651041666666666 0.010648148148148148 0.022395833333333334 0.021296296296296296
0 0.20174479166666667 0.32525 0.01354361979166671 0.052800925925925904
0 0.014322916666666666 0.35 0.028645833333333332 0.05185185185185185
0 0.07646875000000003 0.353787037037037 0.020839192708333225 0.021303240740740786
0 0.16494270833333335 0.35732407407407407 0.021322916666666695 0.04445601851851846
0 0.194640625 0.3631666666666667 0.026539062499999964 0.022271990740740773
0 0.10127083333333337 0.365962962962963 0.022917317708333346 0.04162962962962966
0 0.1410729166666667 0.36839814814814814 0.02501660156249995 0.02130266203703707
0 0.07626562499999998 0.3750925925925926 0.01922070312500009 0.04072800925925919
0 0.40308333333333335 0.3758611111111111 0.029690755208333287 0.031511574074074
0 0.2092291666666667 0.39019444444444445 0.016133789062500032 0.05463773148148155
0 0.16699999999999998 0.39591666666666664 0.02969856770833334 0.021271990740740737
0 0.005208333333333333 0.4185185185185185 0.010416666666666666 0.05
0 0.07434895833333334 0.4189259259259259 0.0176998697916666 0.04073379629629625
0 0.31990625 0.43094444444444446 0.030218098958333193 0.030526041666666653
0 0.09955729166666666 0.44845370370370374 0.02711783854166671 0.03702430555555549
0 0.36956249999999996 0.44868518518518524 0.026601562499999905 0.04731828703703703
0 0.07075520833333335 0.46190740740740743 0.017665364583333225 0.04723032407407425
0 0.3064479166666667 0.47090740740740744 0.02708235677083337 0.028751736111111002
0 0.15045833333333333 0.47231481481481485 0.0281614583333333 0.02045023148148154
0 0.28118750000000003 0.48711111111111116 0.029689453124999925 0.03342824074074092
0 0.005729166666666666 0.49398148148148147 0.011458333333333333 0.04351851851851852
0 0.3443020833333333 0.49374074074074076 0.017728190104166687 0.06760127314814823
0 0.14754166666666665 0.5070185185185185 0.02653190104166659 0.023199074074074132
0 0.17330208333333333 0.5103611111111112 0.013011718750000038 0.030559606481481465
0 0.10075520833333336 0.5150462962962963 0.020334309895833277 0.0249780092592592
0 0.3265052083333334 0.5178148148148148 0.016147460937499858 0.03610185185185186
0 0.24461458333333339 0.5189444444444444 0.02868098958333333 0.019425925925925944
0 0.13082812500000002 0.5239444444444444 0.008342447916666629 0.04074768518518512
2 0.11894270833333334 0.5276481481481482 0.01563020833333333 0.04628993055555573
0 0.18528645833333332 0.5303240740740741 0.026547526041666696 0.03522222222222219
0 0.23855208333333333 0.5325185185185185 0.01764648437499995 0.02411689814814824
0 0.15785416666666668 0.5348333333333334 0.011439453125000061 0.02686747685185188
0 0.2154635416666667 0.5369074074074074 0.016664713541666744 0.04812615740740735
0 0.14661979166666667 0.5371481481481482 0.014044921874999972 0.03703993055555551
0 0.09442187499999997 0.5464629629629629 0.016660807291666656 0.044392361111111237
0 0.25178125 0.5505925925925926 0.0172115885416666 0.030527777777777803
0 0.10716145833333333 0.5543148148148148 0.013557291666666653 0.03978125000000011
0 0.042421875000000026 0.5638148148148148 0.030720703124999933 0.027754629629629757
0 0.25844791666666667 0.5680555555555555 0.013016276041666448 0.058370370370370336
0 0.1412447916666667 0.5705 0.0155885416666667 0.03143287037037036
0 0.181828125 0.5857222222222223 0.026083333333333413 0.03618287037037046
0 0.11784895833333332 0.5875555555555555 0.016661458333333337 0.032445601851851844
0 0.15497916666666664 0.589925925925926 0.025547851562500057 0.02406307870370378
0 0.09713541666666667 0.02546296296296296 0.0140625 0.05092592592592592
0 0.127609375 0.5938148148148149 0.019814453125000023 0.03428125000000006
0 0.10157812499999999 0.6081296296296296 0.018783854166666693 0.024128472222222357
0 0.08164583333333333 0.6126296296296296 0.011982096354166671 0.03978645833333324
0 0.12640625000000003 0.623712962962963 0.030227864583333285 0.026763888888888865
0 0.05126041666666665 0.636425925925926 0.021335937499999957 0.04815972222222226
0 0.03071354166666668 0.6443518518518518 0.011471354166666715 0.055567129629629675
0 0.06855729166666666 0.6790462962962963 0.019805338541666728 0.03243750000000002
0 0.13921874999999997 0.6845185185185185 0.024477864583333304 0.03892939814814819
0 0.48843749999999997 0.9081018518518519 0.021363281249999963 0.038909722222222255
0 0.5031145833333334 0.950851851851852 0.02809960937500004 0.022251157407407407
0 0.95234375 0.9694444444444444 0.016145833333333335 0.05925925925925926
0 0.5856770833333333 0.9786203703703702 0.027556640625000028 0.037093749999999974