0 0.31250520833333334 0.10905555555555553 0.027037109375000055 0.04350462962962964
0 0.27630208333333334 0.2456111111111111 0.03278906249999996 0.026862268518518535
0 0.040067708333333334 0.2693796296296296 0.014058593749999975 0.04441435185185183
0 0.21101041666666667 0.2789351851851852 0.02502929687499993 0.049093750000000005
0 0.32118749999999996 0.3039351851851852 0.019258789062500035 0.04723148148148147
0 0.06098958333333335 0.33942592592592596 0.02501725260416663 0.02310011574074085
0 0.29071354166666663 0.33973148148148147 0.015638020833333263 0.05558333333333331
0 0.3287864583333333 0.3486018518518519 0.015105468750000028 0.03605787037037047
0 0.11420833333333331 0.3539259259259259 0.017719401041666673 0.028721064814814772
2 0.3888020833333333 0.36342592592592593 0.021354166666666667 0.032407407407407406
0 0.30885416666666665 0.37390740740740747 0.034404296875000046 0.014802083333333476
0 0.31610937499999997 0.395212962962963 0.013529947916666766 0.03518402777777775
0 0.2966875 0.4029074074074074 0.01563183593750009 0.05463599537037019
0 0.3875 0.40370370370370373 0.023958333333333335 0.025925925925925925
0 0.3530416666666667 0.4464629629629629 0.027098307291666755 0.04260648148148157
0 0.4708333333333333 0.004629629629629629 0.028125 0.009259259259259259
2 0.5332447916666667 0.076462962962963 0.020309895833333393 0.05838136574074068
0 0.6376927083333332 0.12660185185185188 0.03072656250000006 0.024997685185185133
0 0.5875677083333334 0.12998148148148148 0.01458203125000009 0.021268518518518544
0 0.6704166666666667 0.13424074074074074 0.010413085937499981 0.02226157407407409
2 0.56484375 0.13540740740740742 0.015080403645833348 0.030546874999999914
0 0.5967239583333334 0.14988888888888888 0.010935221354166675 0.04165625000000019
0 0.5746041666666667 0.1557777777777778 0.016652343749999923 0.04164062499999996
0 0.6076093750000001 0.1570277777777778 0.016119791666666692 0.04173958333333324
2 0.5434895833333333 0.16040740740740742 0.024430989583333347 0.03609375000000004
0 0.7095833333333333 0.17136111111111116 0.011968098958333447 0.05550347222222235
0 0.5183072916666667 0.26008333333333333 0.02605566406249989 0.029655092592592518
2 0.8109375 0.7212962962962963 0.15104166666666666 0.09490740740740741