0 0.07473958333333333 0.04979256698357823 0.026610026041666637 0.04838915298184955
0 0.13073958333333333 0.29234226447709594 0.01766406249999998 0.04236711322385476
2 0.10148437500000002 0.31582541054451163 0.018227213541666624 0.025116681071737403
0 0.06171875 0.3194295592048401 0.014014973958333362 0.028433448573897846
0 0.083859375 0.32288677614520317 0.013518554687500028 0.03193496110630924
0 0.20479687500000002 0.3309420916162489 0.016656575520833408 0.036326166810717236
0 0.04947395833333334 0.34952463267070005 0.019839843749999985 0.033758643042350836
0 0.07873437499999998 0.3549956784788246 0.03126302083333326 0.02420754105445122
0 0.023343750000000028 0.4337856525496975 0.02969335937499989 0.0242480553154711
0 0.0020833333333333333 0.43604148660328435 0.004166666666666667 0.04753673292999136
0 0.09453645833333332 0.43983578219533276 0.01619270833333341 0.053634399308556666
0 0.5502604166666667 0.1313742437337943 0.12135416666666667 0.1365600691443388
0 0.5106770833333333 0.29515989628349176 0.0421875 0.3863439930855661
0 0.07247395833333332 0.7086516853932584 0.031222656249999994 0.02598098530682815
0 0.9230989583333333 0.8864131374243733 0.02916927083333327 0.038982281763180804
0 0.86171875 0.9055661192739844 0.014014973958333362 0.031097666378565272
0 0.8829895833333334 0.9149351771823682 0.017710286458333377 0.04576382886776127