0 0.040781250000000005 0.11281770833333334 0.014060791015624985 0.0322877604166667
0 0.29928515624999996 0.18077604166666666 0.02185644531250004 0.017177734374999965
0 0.17309375 0.20013020833333334 0.01643017578124999 0.025531901041666673
0 0.15258203125 0.208640625 0.016028076171875006 0.02603645833333328
0 0.08655468749999999 0.21731770833333333 0.01369921875000002 0.02240690104166667
2 0.275296875 0.22322916666666667 0.01054028320312499 0.025514322916666644
0 0.35319140625 0.2472239583333333 0.011748046875000018 0.027615234375000006
0 0.27232421875 0.25708854166666667 0.022273437500000083 0.014061848958333319
0 0.29261328125 0.2601354166666667 0.007841796875000018 0.015153645833333347
0 0.31995703125 0.2629895833333334 0.009403320312499996 0.014565104166666742
0 0.30261328125000003 0.265125 0.008200683593750036 0.01565071614583336
0 0.35181640625 0.26672395833333334 0.018350830078124946 0.02188151041666669
0 0.329671875 0.27678125 0.018777832031249986 0.02028190104166671
0 0.31278515625000003 0.2782291666666667 0.011330566406249964 0.016660481770833256
0 0.3020390625 0.28234375 0.010929443359374957 0.023939453125000062
0 0.424109375 0.29126562500000003 0.012116699218749893 0.0349000651041667
0 0.2865546875 0.3035572916666667 0.01134594726562499 0.023948242187499958
0 0.23849218749999998 0.311515625 0.023068847656250037 0.011976236979166662
0 0.28266796875 0.32244791666666667 0.008216308593749933 0.03125976562499998
0 0.32617578125 0.3551458333333333 0.015659667968749957 0.0208613281249999
0 0.10140234374999998 0.39984895833333334 0.0074353027343750265 0.007289062499999943
0 0.43133984375 0.6923177083333333 0.05077441406250003 0.06823470052083327
0 0.8708281249999998 0.9130833333333332 0.0730673828125001 0.08020963541666669
2 0.7693359375 0.5421875 0.126171875 0.084375