2 0.08253645833333335 0.03944444444444446 0.020363281249999924 0.03887384259259258
0 0.17639062499999997 0.05564814814814817 0.025533854166666595 0.019451967592592653
0 0.09842708333333335 0.1360370370370371 0.02495052083333332 0.03894675925925926
2 0.20967187500000004 0.16819444444444442 0.016132161458333273 0.054702546296296256
0 0.13016666666666665 0.17580555555555555 0.02394661458333343 0.03700925925925928
0 0.012239583333333333 0.18055555555555555 0.024479166666666666 0.04259259259259259
0 0.18564062499999998 0.181462962962963 0.029163411458333264 0.01668923611111108
0 0.03557291666666664 0.19174074074074077 0.0197874348958333 0.03708449074074093
0 0.21418229166666666 0.2175925925925926 0.027620442708333335 0.02588425925925919
0 0.184421875 0.22221296296296297 0.019784505208333414 0.04070833333333347
0 0.14481770833333332 0.22252777777777782 0.031199218750000077 0.02774421296296307
0 0.20405208333333333 0.23662962962962958 0.01666341145833338 0.026863425925925968
0 0.2773645833333333 0.2371018518518519 0.025478515624999934 0.027871527777777717
0 0.17733333333333334 0.2591111111111111 0.026041992187500067 0.033332175925925904
0 0.14849479166666668 0.2603518518518518 0.029123046874999996 0.03059259259259277
0 0.15743749999999998 0.267287037037037 0.013020182291666653 0.052780092592592434
0 0.07472395833333335 0.3338518518518518 0.029738932291666725 0.0306458333333332
0 0.10650000000000001 0.36239814814814814 0.022445963541666693 0.045421296296296355
0 0.03878645833333335 0.3731944444444444 0.027578450520833304 0.025970486111111135
0 0.19922916666666665 0.44155555555555553 0.031725260416666616 0.0315300925925926
0 0.98984375 0.1361111111111111 0.019270833333333334 0.03888888888888889
0 0.9813333333333333 0.17352777777777775 0.02497395833333336 0.028646990740740765
2 0.4822916666666667 0.6763888888888889 0.23411458333333332 0.1361111111111111