2 0.228296875 0.15329629629629624 0.01822949218749995 0.02495196759259249
0 0.21072395833333335 0.1558703703703704 0.015078776041666585 0.02685532407407415
0 0.18211979166666664 0.1665277777777778 0.01457552083333328 0.025962384259259317
0 0.19651041666666663 0.17151851851851851 0.01665559895833333 0.027807870370370396
0 0.2928072916666667 0.17290740740740743 0.01773046875000001 0.05368634259259263
0 0.10319791666666665 0.17675925925925923 0.01773763020833326 0.03338773148148141
0 0.21275000000000002 0.17789814814814814 0.010960937500000038 0.027785879629629806
0 0.19847916666666668 0.19940740740740742 0.016684570312499977 0.04347858796296304
0 0.08852604166666668 0.20762962962962964 0.018699218750000076 0.04905787037037044
0 0.15112499999999998 0.22367592592592597 0.03018164062499989 0.02490740740740728
0 0.06265624999999998 0.26872222222222225 0.027079101562499968 0.03241377314814818
2 0.53125 0.420287037037037 0.02289322916666663 0.046267939814814724
2 0.25026041666666665 0.7800740740740741 0.1275885416666667 0.32864988425925923
2 0.4869791666666667 0.8481481481481481 0.014583333333333334 0.046296296296296294