0 0.1724895833333333 0.29404629629629636 0.0125123697916667 0.052825231481481674
0 0.23326041666666666 0.31720370370370377 0.0171875 0.02310069444444425
0 0.16953645833333333 0.3205925925925926 0.027581380208333308 0.02871180555555552
0 0.21042708333333332 0.3361851851851852 0.0167115885416667 0.04249768518518501
0 0.13602604166666665 0.3364907407407407 0.014570638020833233 0.049046296296296324
0 0.044255208333333344 0.3445092592592593 0.023984049479166696 0.0444907407407407
0 0.16797395833333334 0.3465185185185185 0.013043945312499972 0.04536168981481473
0 0.07768229166666665 0.3619444444444444 0.01668098958333329 0.05928587962962979
0 0.08497395833333332 0.36626851851851855 0.025013997395833223 0.03060185185185181
0 0.3513385416666666 0.4619259259259259 0.020292968750000046 0.05187673611111092
0 0.8060729166666666 0.14112037037037034 0.026548828124999937 0.036139467592592685
0 0.34585416666666663 0.764888888888889 0.013520833333333352 0.04810069444444425
1 0.8302239583333333 0.8862592592592593 0.07602799479166672 0.06478182870370361