0 0.00546875 0.36666666666666664 0.0109375 0.05925925925925926
0 0.02802083333333331 0.6044074074074074 0.020308593750000034 0.044454861111111126
0 0.14401041666666667 0.6591759259259259 0.01505729166666659 0.048206018518518516
0 0.06396875000000003 0.6685925925925926 0.027597656249999977 0.03528124999999999
0 0.48312499999999997 0.6820185185185186 0.0182122395833332 0.04912152777777797
2 0.17205208333333336 0.7275370370370371 0.019794921875000072 0.05371990740740734
0 0.13098958333333333 0.7563888888888889 0.019294921874999933 0.035212384259259114
0 0.23082812500000002 0.7576296296296297 0.02813639322916662 0.02685995370370367
0 0.20869270833333337 0.7678055555555555 0.014582031249999971 0.04627314814814806
0 0.07447395833333334 0.8822962962962962 0.02495052083333332 0.02782870370370376
2 0.06561458333333334 0.9683981481481481 0.017683268229166653 0.0518755787037037