0 0.0837604166666667 0.3709166666666666 0.028651692708333225 0.03516898148148145
0 0.09061979166666667 0.38342592592592595 0.021923828125 0.01946064814814808
0 0.16875520833333332 0.4900462962962963 0.030231445312499973 0.032416666666666656
0 0.10511979166666668 0.5175092592592593 0.02239388020833329 0.02780555555555553
0 0.12882291666666668 0.5181203703703704 0.018751953125000043 0.05838020833333341
0 0.15234895833333334 0.5307777777777778 0.010891927083333286 0.026834490740740784
0 0.07690624999999998 0.5400370370370371 0.021327473958333225 0.02871990740740734
0 0.17110416666666667 0.5408055555555557 0.029665039062499923 0.031528356481481556
0 0.05277083333333336 0.6241296296296296 0.014577473958333443 0.03527662037037047
0 0.05355208333333336 0.6613148148148148 0.021351236979166664 0.026858217592592628
0 0.09125000000000003 0.8413240740740741 0.06355273437500006 0.170375
0 0.16503645833333327 0.8689166666666667 0.1182278645833333 0.21950462962962958
0 0.046614583333333334 0.8717592592592592 0.09322916666666667 0.25462962962962965
0 0.8384114583333333 0.9372962962962963 0.019278320312499868 0.06945775462962961
0 0.761234375 0.731462962962963 0.017149088541666656 0.05747916666666666