0 0.11103124999999997 0.31596296296296295 0.013529622395833366 0.03982407407407407
2 0.16008333333333333 0.3458981481481482 0.02499934895833332 0.03620486111111105
2 0.07517708333333335 0.35237962962962965 0.01716210937499992 0.030649305555555496
2 0.005208333333333333 0.37175925925925923 0.010416666666666666 0.049074074074074076
0 0.107296875 0.3759907407407408 0.011412109375000057 0.050092592592592716
0 0.2410833333333334 0.3946574074074074 0.030727213541666742 0.026866898148148265
0 0.2741666666666667 0.4039166666666667 0.026045572916666516 0.04168171296296308
0 0.309234375 0.4921759259259259 0.032289713541666744 0.03237500000000013
0 0.6860208333333333 0.2835648148148148 0.026028320312500006 0.03797222222222221
0 0.27395833333333336 0.6157407407407407 0.023958333333333335 0.03148148148148148
0 0.8848072916666666 0.7060925925925926 0.02239355468749989 0.03801041666666686
0 0.8991302083333333 0.7354074074074074 0.018754557291666765 0.03609259259259261
0 0.8745624999999999 0.7438981481481481 0.02497395833333336 0.028646990740740765
0 0.9071145833333333 0.7713611111111112 0.02763020833333331 0.03342592592592605