0 0.09921875 0.01712962962962963 0.0234375 0.03425925925925926
0 0.18046875 0.04563888888888888 0.01616927083333337 0.045384837962962964
0 0.19922395833333334 0.08174074074074077 0.014085611979166638 0.05464351851851851
0 0.04737500000000002 0.199787037037037 0.01463541666666662 0.055578703703703686
0 0.05570833333333335 0.2581111111111111 0.02713541666666662 0.03150347222222228
0 0.1228229166666667 0.2608888888888889 0.016143229166666728 0.04445543981481485
0 0.14782812500000003 0.2806388888888889 0.014057942708333234 0.054612268518518456
0 0.3832812500000001 0.2841851851851852 0.030733723958333313 0.025986111111111057
0 0.184640625 0.3034722222222222 0.019247721354166695 0.049971643518518634
0 0.16232291666666665 0.3098055555555555 0.016158854166666594 0.04074942129629638
0 0.18633333333333332 0.36893518518518525 0.013009765624999996 0.04163194444444453
2 0.12879687499999998 0.3843055555555555 0.02134505208333337 0.05545254629629636
0 0.194 0.40434259259259264 0.027584635416666715 0.02594212962962956
0 0.16747916666666665 0.4113981481481481 0.011464843750000024 0.03337615740740729
0 0.2326458333333333 0.41171296296296295 0.024492838541666728 0.03519849537037034
0 0.19654166666666667 0.44562037037037033 0.019796874999999995 0.026870949074074175
0 0.1564739583333333 0.4728703703703704 0.03333268229166665 0.030540509259259142
0 0.12786458333333334 0.5328703703703703 0.019270833333333334 0.05092592592592592
0 0.07005208333333333 0.5504629629629629 0.0296875 0.01574074074074074
0 0.8100833333333334 0.29250925925925925 0.019791341145833384 0.05743518518518516
2 0.12352604166666664 0.9638055555555555 0.01872526041666672 0.03338888888888905