0 0.12194791666666666 0.08064814814814816 0.02605664062500009 0.019436921296296237
0 0.14991145833333336 0.09688888888888887 0.030179687499999965 0.015721064814814806
0 0.12236979166666669 0.1161851851851852 0.019807942708333335 0.03991898148148144
0 0.157953125 0.11935185185185183 0.019251953124999943 0.02408680555555562
0 0.12903125000000001 0.13400925925925927 0.013530273437500047 0.042609953703703664
0 0.2203125 0.1730740740740741 0.019815429687499986 0.024103587962962976
0 0.27040624999999996 0.17862962962962958 0.028105468749999928 0.04253356481481479
0 0.12510937500000002 0.18118518518518514 0.029697265624999976 0.025951388888888864
0 0.18981250000000002 0.2473796296296296 0.025528645833333266 0.02682986111111105
0 0.2091510416666667 0.27112037037037034 0.015067708333333367 0.02496759259259273
0 0.23514062500000002 0.271537037037037 0.018179036458333304 0.03606249999999999
0 0.35531770833333337 0.2843240740740741 0.02396874999999999 0.02587847222222203
2 0.21758854166666666 0.28731481481481475 0.014064778645833324 0.0379641203703704
0 0.18854166666666666 0.2937222222222223 0.029177734375000004 0.02129861111111116
0 0.3879583333333334 0.30423148148148155 0.021353190104166704 0.06393518518518514
0 0.25651562499999997 0.34203703703703703 0.029710611979166638 0.03428587962962979
0 0.28551562500000005 0.3789074074074074 0.021898437500000038 0.0768645833333334
2 0.8122395833333333 0.33101851851851855 0.07734375 0.2513888888888889
2 0.3690104166666667 0.7578703703703704 0.11015625 0.14074074074074075
0 0.8188333333333333 0.7738333333333334 0.029183593750000014 0.028760416666666642