0 0.076296875 0.3061111111111111 0.025540039062500006 0.021269097222222155
0 0.18950520833333334 0.448675925925926 0.021356119791666708 0.05842824074074092
0 0.1282916666666667 0.4588148148148148 0.012996093750000052 0.04354166666666675
2 0.11328125 0.4730555555555555 0.02136979166666665 0.022215277777777837
0 0.14079687500000002 0.4797685185185185 0.013545898437500033 0.029655092592592518
0 0.2343958333333333 0.49374074074074076 0.019748697916666676 0.04350115740740745
0 0.2602604166666667 0.4977592592592593 0.020322916666666656 0.050878472222222026
0 0.10015104166666665 0.49892592592592594 0.027078776041666686 0.031488425925925864
2 0.140375 0.5063981481481481 0.022404296875000066 0.03516087962962952
0 0.11207291666666665 0.508425925925926 0.021866536458333384 0.033270833333333444
0 0.10835937499999998 0.5366666666666667 0.01981901041666667 0.038894675925926055
0 0.051114583333333324 0.5539166666666667 0.016695312500000035 0.04723611111111099
0 0.025765625000000014 0.5738148148148149 0.02140559895833339 0.04445833333333322
0 0.062401041666666636 0.5813796296296296 0.019277343750000023 0.05375578703703691
0 0.8958020833333333 0.17702777777777778 0.03963085937499997 0.024056712962962953
0 0.8412187499999999 0.20294444444444446 0.013583984374999976 0.05001504629629631
0 0.8905364583333333 0.21075925925925926 0.03281803385416673 0.04351967592592595
0 0.8587552083333333 0.24821296296296297 0.031263020833333384 0.031569444444444365
0 0.839078125 0.26291666666666663 0.033349609375 0.03522453703703695
0 0.9259010416666666 0.26301851851851854 0.03751953124999995 0.03154629629629634
0 0.7766822916666667 0.27762037037037035 0.017164713541666644 0.04630902777777774
0 0.8707916666666667 0.28894444444444445 0.032290364583333425 0.027687500000000028
0 0.8460260416666666 0.3033425925925926 0.023456380208333273 0.045408564814814804
0 0.9247395833333333 0.024074074074074074 0.024479166666666666 0.04814814814814815
0 0.8497812499999999 0.3294722222222222 0.029166341145833385 0.016672453703703724
0 0.8938333333333333 0.337287037037037 0.03332226562499999 0.035144675925925885
0 0.8821979166666668 0.35683333333333334 0.030202799479166605 0.026864004629629578
0 0.5570885416666668 0.4808888888888889 0.010964192708333324 0.033314814814814624
0 0.8173177083333333 0.5303703703703704 0.010926757812499943 0.0370393518518519
0 0.8530833333333334 0.5993981481481482 0.011460286458333377 0.025902777777777903
0 0.12108854166666667 0.907324074074074 0.028597005208333335 0.03524189814814812