0 0.139921875 0.042222222222222244 0.011451822916666642 0.051836805555555546
0 0.01984895833333334 0.048240740740740765 0.015641601562500006 0.04721469907407402
0 0.11569791666666666 0.14406481481481478 0.019777018229166644 0.04443576388888891
0 0.28304687500000003 0.24469444444444444 0.017214192708333322 0.04169560185185185
0 0.22559374999999998 0.24838888888888888 0.028125 0.033384259259259315
0 0.2868541666666667 0.2763148148148148 0.013522135416666714 0.028800925925925733
0 0.21763541666666666 0.27874999999999994 0.015605143229166766 0.02314467592592606
0 0.12507291666666667 0.27985185185185185 0.015639648437500025 0.04908217592592589
0 0.21770833333333334 0.2938425925925926 0.008354817708333328 0.0407280092592594
0 0.2033333333333333 0.3131203703703703 0.013533854166666614 0.044450231481481604
0 0.2124583333333333 0.33285185185185184 0.011474283854166718 0.045318287037036956
0 0.005729166666666666 0.37546296296296294 0.011458333333333333 0.026851851851851852
0 0.84140625 0.14996296296296296 0.076576171875 0.06673842592592596
3 0.9160416666666666 0.26441666666666663 0.07501855468750004 0.17500462962962962
0 0.8480677083333333 0.31304629629629627 0.06717936197916667 0.09817245370370371
0 0.20997916666666666 0.5533148148148148 0.015598958333333357 0.037866898148148156
0 0.8919270833333334 0.649537037037037 0.10416666666666667 0.22962962962962963