0 0.11434374999999998 0.3076481481481481 0.028687499999999963 0.023168981481481516
0 0.051052083333333324 0.35591666666666666 0.026101562500000005 0.030520833333333205
0 0.049130208333333356 0.41762037037037036 0.017694010416666708 0.03340046296296295
0 0.863015625 0.47430555555555554 0.023934244791666733 0.026861111111111103
2 0.25809895833333335 0.7578148148148148 0.1307415364583333 0.15831423611111112
0 0.6268229166666667 0.575462962962963 0.0140625 0.032407407407407406
0 0.5793385416666667 0.5906574074074074 0.028122395833333393 0.024102430555555648
0 0.636203125 0.6127222222222223 0.034849609375000055 0.022239583333333292
0 0.6009479166666668 0.6153518518518519 0.023440104166666604 0.026804398148147956
0 0.5778541666666667 0.643425925925926 0.023486979166666682 0.0296840277777777
0 0.558234375 0.6480555555555555 0.01719401041666669 0.04635069444444437