0 0.13964062500000002 0.18821296296296294 0.013558268229166674 0.043530092592592634
0 0.18930208333333334 0.2743055555555556 0.021328125000000024 0.049084490740740755
0 0.008333333333333333 0.30324074074074076 0.016666666666666666 0.06018518518518518
0 0.08364062499999998 0.35871296296296296 0.02033007812499997 0.04169502314814824
0 0.10743229166666665 0.36827777777777776 0.02500651041666669 0.06111979166666675
2 0.32313020833333334 0.36847222222222226 0.016163411458333242 0.03706712962962966
0 0.5211197916666667 0.3792314814814815 0.0255611979166666 0.02139120370370388
0 0.35384375 0.3828611111111111 0.024473307291666777 0.021339699074074073
0 0.3371927083333333 0.38682407407407404 0.014035156249999995 0.03792013888888901
2 0.3156041666666667 0.3996759259259259 0.016659179687500015 0.03149768518518533
0 0.17184895833333336 0.3999074074074074 0.01463671874999998 0.051906249999999925
0 0.48900000000000005 0.4070092592592593 0.027603190104166706 0.032454282407407484
2 0.34932812500000004 0.42450000000000004 0.0166748046875 0.04171527777777779
0 0.31234895833333337 0.42461111111111116 0.024489583333333325 0.020372106481481626
0 0.37648437500000004 0.43756481481481485 0.029688802083333243 0.041712962962962924
0 0.14163541666666665 0.4417314814814815 0.029194010416666614 0.022268518518518476
0 0.30488020833333335 0.4507222222222222 0.02756575520833344 0.02593171296296288
0 0.21169791666666668 0.46317592592592594 0.023489583333333286 0.04908796296296285
0 0.2565 0.48447222222222225 0.029712890624999964 0.036118055555555494
0 0.052734375 0.48924999999999996 0.01772330729166664 0.04727430555555543
0 0.40260416666666665 0.5305555555555556 0.014583333333333334 0.037037037037037035
1 0.9312708333333333 0.3621759259259259 0.0635498046875 0.12774363425925925
0 0.18021874999999998 0.7875833333333333 0.014561197916666657 0.05739872685185187
0 0.15903645833333335 0.7954537037037036 0.021876302083333243 0.041657986111111135
0 0.2990729166666667 0.8000833333333333 0.02606054687499982 0.050908564814814754
0 0.08567708333333333 0.8699814814814815 0.030705403645833348 0.028751736111111002
0 0.12317708333333334 0.8883425925925925 0.021377929687499984 0.03799131944444454
2 0.08914583333333331 0.9238425925925926 0.031277343750000006 0.035166666666666686
0 0.15130729166666665 0.9276944444444444 0.027627278645833305 0.029657407407407382
0 0.1287395833333333 0.9310833333333334 0.01872526041666672 0.028797453703703645
0 0.08784374999999998 0.980925925925926 0.020339192708333443 0.026906249999999923
0 0.06692708333333333 0.9902777777777778 0.0203125 0.017592592592592594