2 0.16380729166666666 0.166287037037037 0.015127278645833304 0.051843171296296314
2 0.48590625000000004 0.2843240740740741 0.02080566406250005 0.048195601851852045
0 0.10425520833333331 0.29343518518518513 0.021848958333333356 0.0352407407407409
0 0.15851041666666668 0.3033055555555556 0.01458593749999994 0.03250115740740735
0 0.12213541666666666 0.3070185185185186 0.009872395833333296 0.02310069444444425
2 0.48495312499999993 0.36301851851851846 0.01975846354166677 0.05009143518518529
0 0.45881770833333335 0.36487962962962966 0.028654947916666864 0.02046296296296309
0 0.06361979166666666 0.3684259259259259 0.0302363281249999 0.02968287037037048
0 0.4650677083333334 0.39435185185185184 0.0317623697916666 0.02957638888888878
0 0.8730989583333333 0.3070185185185186 0.02187402343749992 0.030603009259259455
0 0.8564270833333334 0.33772222222222226 0.013538411458333262 0.027760416666666708
0 0.8323802083333334 0.3502222222222222 0.027070638020833235 0.030546874999999914
0 0.8276927083333334 0.3708981481481482 0.01768229166666669 0.03786921296296302
0 0.81834375 0.6141018518518518 0.03021777343750003 0.023156249999999965
0 0.9750572916666667 0.637712962962963 0.01975781249999997 0.04631134259259271
0 0.8242499999999999 0.6404907407407407 0.025481770833333427 0.04072453703703711