0 0.15690104166666666 0.3147037037037037 0.017156901041666592 0.04168749999999982
2 0.1858125 0.3320092592592593 0.023465494791666687 0.026946759259259438
2 0.162828125 0.34503703703703703 0.018755859374999892 0.027799768518518578
0 0.07720312500000001 0.3581481481481481 0.013559895833333257 0.033317129629629696
0 0.18914583333333332 0.365462962962963 0.0171875 0.04071932870370376
0 0.16520833333333335 0.36562962962962964 0.022398437500000055 0.020293981481481288
0 0.1731510416666667 0.3819166666666667 0.013029296875000066 0.04526736111111118
0 0.13940624999999998 0.38638888888888884 0.02033138020833327 0.044454861111111126
0 0.14440624999999999 0.39231481481481484 0.010946614583333295 0.045364583333333416
0 0.10088020833333336 0.40114814814814814 0.03123697916666662 0.02042824074074074
0 0.6674479166666667 0.475 0.015104166666666667 0.025925925925925925
0 0.22786458333333334 0.5546296296296296 0.0234375 0.02962962962962963
0 0.87109375 0.6236111111111111 0.036458333333333336 0.12962962962962962