2 0.28282291666666665 0.2614537037037037 0.021902018229166723 0.0546331018518519
0 0.34966145833333334 0.32254629629629633 0.0328151041666666 0.026795138888888913
0 0.3835 0.35398148148148145 0.010419270833333272 0.05457407407407412
0 0.40697395833333333 0.35817592592592595 0.01821223958333332 0.029666666666666845
0 0.3641197916666667 0.3591759259259259 0.020812174479166737 0.0407609953703705
0 0.3716666666666667 0.36512037037037043 0.015631510416666692 0.04160300925925913
0 0.39559374999999997 0.37677777777777777 0.014078124999999986 0.029655092592592518
0 0.37471875000000004 0.39090740740740737 0.01828710937499996 0.03886458333333322
0 0.14505208333333333 0.5671296296296297 0.021354166666666667 0.04351851851851852
2 0.7559895833333333 0.18101851851851852 0.16432291666666668 0.14305555555555555
2 0.2911458333333333 0.8231481481481482 0.10442708333333334 0.1300925925925926
0 0.6050885416666667 0.6683333333333333 0.027608723958333314 0.036120370370370365
0 0.6329843749999999 0.6830555555555556 0.00990625000000011 0.05090393518518513
2 0.8318958333333334 0.838324074074074 0.013525390625 0.054680555555555614