0 0.06848958333333334 0.01990740740740741 0.011979166666666667 0.03981481481481482
0 0.044343749999999994 0.1153611111111111 0.019762369791666737 0.04442708333333327
0 0.21169270833333337 0.21599074074074073 0.017240885416666647 0.04172453703703704
0 0.15423958333333332 0.21968518518518518 0.028125 0.03335879629629643
0 0.2155 0.24761111111111106 0.013522135416666714 0.028800925925925733
0 0.14628125 0.25004629629629627 0.015585286458333413 0.02314120370370376
0 0.053718749999999996 0.2511481481481482 0.015654296874999928 0.04909027777777771
0 0.14635416666666667 0.2651388888888889 0.008354817708333328 0.0407280092592594
0 0.13197916666666665 0.28441666666666665 0.013533854166666614 0.044450231481481604
0 0.14110416666666664 0.30414814814814817 0.011474283854166718 0.045318287037036956
0 0.13385416666666666 0.37489814814814815 0.020785807291666694 0.04449537037037043
0 0.17639062499999997 0.40066666666666667 0.027616536458333365 0.024079861111111028
2 0.13463020833333333 0.46917592592592594 0.024503255208333265 0.053708333333333434
2 0.409375 0.4981481481481482 0.019791666666666666 0.040740740740740744
0 0.8570833333333333 0.15201851851851853 0.017704427083333366 0.04438425925925926
0 0.81234375 0.17176851851851851 0.011984374999999995 0.0509803240740741
0 0.8365416666666666 0.20839814814814814 0.025032552083333333 0.020437500000000098
0 0.8866041666666666 0.22988888888888886 0.026570963541666732 0.03796354166666668
0 0.8371770833333334 0.23699074074074072 0.023390625000000043 0.028704861111111032
0 0.8242135416666667 0.2548888888888889 0.026545898437499934 0.02775868055555556
0 0.8540781249999999 0.2771111111111111 0.020844401041666672 0.03699768518518517
0 0.811015625 0.2779351851851852 0.024988281250000098 0.017618055555555585
0 0.8249635416666666 0.2975833333333333 0.02399934895833328 0.020356481481481493
0 0.81471875 0.3430462962962963 0.02033203124999995 0.024972222222222246