0 0.8028854166666667 0.1500740740740741 0.014395833333333326 0.0489074074074074
0 0.6236979166666666 0.18124074074074076 0.027218749999999996 0.040879629629629606
0 0.6516041666666667 0.21738888888888885 0.016661458333333337 0.027750000000000025
0 0.6855104166666666 0.21847222222222226 0.023104166666666672 0.041481481481481466
0 0.7164010416666666 0.2268981481481481 0.020677083333333342 0.03762962962962962
2 0.613265625 0.22713888888888883 0.018817708333333332 0.04292592592592594
2 0.6289479166666666 0.23141666666666663 0.023765625 0.03510185185185182
0 0.6435416666666666 0.2533888888888889 0.01679166666666667 0.04245370370370372
0 0.6609166666666667 0.2554351851851852 0.027708333333333328 0.022462962962962955
0 0.6135 0.29287037037037034 0.020135416666666666 0.03796296296296296
0 0.5877604166666667 0.30694444444444446 0.016145833333333335 0.041666666666666664
0 0.5342604166666667 0.7036481481481482 0.030635416666666693 0.04124074074074071
0 0.4975364583333333 0.7241666666666667 0.03114583333333331 0.02858333333333334
0 0.16866145833333335 0.7346574074074075 0.02659895833333336 0.04956481481481479
0 0.3222447916666667 0.7727685185185185 0.023281250000000024 0.05726851851851854
0 0.15755208333333334 0.7804907407407408 0.011593749999999995 0.05691666666666669
0 0.5162864583333333 0.7942222222222222 0.0353177083333333 0.05016666666666662
0 0.29116666666666663 0.8574814814814815 0.02570312499999995 0.03965740740740745
0 0.320421875 0.8594907407407407 0.020677083333333356 0.041824074074074034
0 0.022026041666666676 0.8633518518518518 0.016588541666666665 0.03749074074074075
0 0.49709895833333334 0.9031574074074074 0.03757291666666672 0.08285185185185187
0 0.41957291666666663 0.9195092592592593 0.035635416666666704 0.03038888888888883
0 0.455515625 0.9252314814814815 0.028354166666666694 0.0452222222222222
0 0.6472916666666666 0.9259166666666667 0.03011458333333333 0.024203703703703797
0 0.6166927083333333 0.9411666666666667 0.027916666666666663 0.021305555555555546
0 0.6028541666666667 0.9607592592592592 0.019770833333333338 0.04503703703703713
0 0.6257135416666666 0.9679907407407405 0.013640624999999998 0.03190740740740744