0 0.00703125 0.17175925925925925 0.0140625 0.017592592592592594
0 0.27578125 0.2878796296296296 0.024455078125000067 0.044472800925926016
0 0.6473958333333333 0.30092592592592593 0.004166666666666667 0.06296296296296296
0 0.25216666666666665 0.31133333333333335 0.02498632812499994 0.032416666666666656
0 0.3172760416666666 0.3539259259259259 0.017683593750000053 0.023130787037037078
0 0.3206614583333333 0.3708981481481482 0.017162760416666718 0.04527546296296279
0 0.2908854166666667 0.37198148148148147 0.015080403645833348 0.037028356481481395
0 0.2849791666666667 0.41703703703703704 0.01355501302083333 0.03608391203703718
0 0.21622395833333333 0.4235185185185185 0.030180338541666765 0.021349537037037146
0 0.24443229166666663 0.4250555555555555 0.029169921874999952 0.024119791666666716
0 0.26874479166666665 0.42768518518518517 0.019840494791666666 0.024127314814814924
0 0.301125 0.4313888888888889 0.01667968749999993 0.03886226851851836
0 0.25563541666666667 0.4457407407407407 0.021351562500000063 0.04164004629629613
0 0.3111979166666667 0.46162962962962956 0.031794596354166656 0.03245254629629623
0 0.21170833333333333 0.4661018518518518 0.021329101562499987 0.043543981481481406
0 0.1643072916666667 0.4827685185185185 0.028593750000000046 0.02134722222222228
0 0.07427083333333334 0.48877777777777776 0.02555533854166665 0.05375462962962969
2 0.952859375 0.2542314814814815 0.018205078125000065 0.04912094907407415
0 0.92246875 0.28540740740740744 0.019820312500000034 0.052793981481481414
2 0.9479114583333333 0.31657407407407406 0.019742838541666665 0.05931250000000011
0 0.7054218750000001 0.58475 0.018743489583333325 0.04730555555555569
0 0.3260416666666667 0.6583333333333333 0.01875 0.037037037037037035
0 0.3447135416666667 0.7517685185185184 0.018228515624999986 0.04262094907407417
2 0.634375 0.7578703703703704 0.030208333333333334 0.03425925925925926
0 0.2926197916666667 0.7810833333333334 0.013022786458333376 0.052824652777777856
0 0.26927083333333335 0.8117962962962963 0.01661914062500003 0.042575231481481526
0 0.286375 0.8187407407407408 0.02239257812499993 0.030539351851851918
2 0.43231770833333333 0.8276851851851852 0.02185416666666645 0.046322916666666825
0 0.19017708333333333 0.9582222222222223 0.021889648437500023 0.05928414351851832