0 0.05780729166666667 0.12988888888888886 0.023934244791666733 0.023161458333333308
0 0.018359375 0.30060185185185184 0.016684244791666695 0.034285879629629576
0 0.008822916666666696 0.31533333333333335 0.009382486979166653 0.025026041666666603
0 0.021609375000000004 0.3181851851851852 0.02027408854166666 0.021335648148148166
0 0.0013020833333333333 0.32175925925925924 0.0026041666666666665 0.05092592592592592
0 0.2243645833333333 0.3608055555555555 0.028094401041666828 0.04076736111111106
2 0.15996354166666665 0.38788888888888884 0.029149088541666757 0.036106481481481593
2 0.05014062499999999 0.39501851851851855 0.02759309895833333 0.03517881944444462
0 0.241921875 0.3983518518518519 0.027632161458333117 0.022254050925925885
0 0.1340625 0.4232222222222223 0.016123046874999977 0.02685069444444442
0 0.203953125 0.42362037037037037 0.026553385416666585 0.030546296296296304
0 0.0790677083333333 0.4346296296296296 0.02498111979166661 0.026795138888888913
2 0.18683854166666666 0.43756481481481485 0.019253906249999987 0.03978587962962963
0 0.334375 0.4462962962962963 0.03958333333333333 0.044444444444444446
0 0.12369791666666667 0.45416666666666666 0.016145833333333335 0.028703703703703703
0 0.7214375 0.43973148148148145 0.02811132812499994 0.03336168981481491
0 0.18940624999999997 0.5962129629629629 0.030715820312500006 0.03336168981481491
0 0.5462604166666668 0.8280092592592593 0.03176822916666673 0.023157407407407397