0 0.01171875 0.11064814814814815 0.0234375 0.04537037037037037
0 0.3873802083333333 0.12368518518518522 0.013008463541666515 0.06213194444444462
0 0.05269270833333331 0.17707407407407408 0.017683593750000053 0.023130787037037078
0 0.05607812499999998 0.19404629629629636 0.0171751302083333 0.04532291666666647
0 0.026302083333333334 0.19512962962962963 0.015080403645833348 0.037028356481481395
0 0.020395833333333318 0.24018518518518517 0.01356835937500011 0.03605671296296304
0 0.007291666666666667 0.25046296296296294 0.014583333333333334 0.025
0 0.03654166666666665 0.254537037037037 0.01667968749999993 0.03886226851851836
0 0.046614583333333334 0.28477777777777774 0.031794596354166656 0.03245254629629623
0 0.7259479166666668 0.3610277777777777 0.027607421875000072 0.029657407407407382
0 0.030109374999999973 0.7264537037037038 0.029683593750000032 0.026898148148148105
0 0.4884479166666667 0.7590185185185185 0.029684895833333395 0.025934027777777743