0 0.315703125 0.24992592592592594 0.029138671875000098 0.02968981481481476
0 0.37508854166666666 0.28788888888888897 0.018723958333333356 0.042650462962962966
0 0.40243229166666666 0.3212129629629629 0.014037760416666718 0.053760416666666644
0 0.34504687500000003 0.3241481481481482 0.02338932291666668 0.03157754629629629
0 0.30042187499999995 0.32877777777777784 0.018236328125000038 0.05565046296296314
0 0.36532812499999995 0.3514444444444444 0.020291992187499965 0.023182870370370288
0 0.38804687499999996 0.3574259259259259 0.020311197916666638 0.025903356481481517
0 0.3572916666666667 0.37037037037037035 0.022916666666666665 0.016666666666666666
0 0.45546875 0.37222222222222223 0.03177083333333333 0.012962962962962963
0 0.3653645833333333 0.375 0.027604166666666666 0.007407407407407408
0 0.721609375 0.20717592592592593 0.02651432291666668 0.03331481481481483
0 0.28125 0.6439814814814815 0.23958333333333334 0.23333333333333334
0 0.7903697916666667 0.7854074074074074 0.021307942708333392 0.024982638888888933
0 0.7693593750000001 0.7881851851851852 0.01872460937499992 0.030538194444444486
0 0.795921875 0.8193611111111111 0.023983723958333415 0.020314814814814654
0 0.9813645833333333 0.8279907407407407 0.030227213541666485 0.023164351851851783
0 0.9869791666666666 0.8541666666666666 0.025 0.041666666666666664