0 0.29789583333333336 0.33261111111111114 0.028128906249999967 0.023168402777777798
0 0.32110416666666663 0.3481851851851852 0.025509440104166715 0.031466435185185174
2 0.07578125 0.4111111111111111 0.024479166666666666 0.03518518518518519
0 0.3541666666666667 0.4125 0.025 0.032407407407407406
0 0.7575520833333333 0.19375 0.010889322916666682 0.024981481481481497
2 0.7961822916666667 0.20331481481481486 0.0140501302083333 0.028655671296296405
0 0.41302083333333334 0.5643518518518519 0.0125 0.041666666666666664
0 0.9432291666666667 0.5356481481481481 0.075 0.08009259259259259
0 0.9153645833333334 0.575925925925926 0.07786458333333333 0.07175925925925926
0 0.64609375 0.6226851851851852 0.084375 0.06712962962962964
0 0.47291666666666665 0.7439814814814815 0.08723958333333333 0.08564814814814815
2 0.7190104166666667 0.7837962962962963 0.075 0.08518518518518518
0 0.59921875 0.8546296296296296 0.03854166666666667 0.04675925925925926
0 0.8934895833333333 0.8986111111111111 0.08020833333333334 0.10277777777777777