0 0.123703125 0.2764722222222222 0.017141927083333286 0.04813078703703697
2 0.44432812499999996 0.3931203703703704 0.02602473958333344 0.04726967592592612
0 0.16867708333333334 0.4193611111111111 0.0296875 0.022249999999999975
0 0.06015104166666667 0.4491388888888889 0.024527994791666667 0.0315740740740742
0 0.4513020833333333 0.4634259259259259 0.016145833333333335 0.030555555555555555
0 0.9516249999999999 0.09783333333333333 0.066677734375 0.08055555555555556
0 0.926859375 0.13803703703703704 0.06927246093749997 0.07225462962962965
0 0.6874947916666667 0.18541666666666667 0.07501595052083333 0.06757291666666666
0 0.5463541666666667 0.30787037037037035 0.053125 0.08796296296296297
2 0.7524531250000001 0.3477962962962963 0.06666829427083337 0.08610011574074071
0 0.64596875 0.4191388888888889 0.034346354166666634 0.04729398148148147
0 0.9072916666666667 0.4449074074074074 0.071875 0.06759259259259259
0 0.42016145833333335 0.9471296296296297 0.01824869791666662 0.04624074074074058
0 0.5683124999999999 0.9638055555555555 0.013515625000000024 0.03142361111111111