0 0.35372916666666665 0.40300925925925923 0.011444986979166672 0.050935185185185174
0 0.7338229166666667 0.42723148148148143 0.01556901041666663 0.06394560185185183
0 0.37247916666666664 0.4463703703703704 0.023971679687499994 0.046248263888888995
0 0.427359375 0.47184259259259265 0.010962565104166681 0.021276620370370362
0 0.41919270833333333 0.48846296296296293 0.011469075520833271 0.023177662037037156
0 0.37947395833333336 0.49079629629629623 0.022366536458333405 0.02968171296296305
0 0.44888020833333336 0.4999074074074074 0.014061197916666757 0.04820254629629622
0 0.38783854166666665 0.5019722222222223 0.024489257812500043 0.03151273148148132
0 0.3961770833333333 0.5063240740740741 0.029164062500000063 0.027809027777777617
0 0.426765625 0.5159537037037037 0.021351562500000063 0.03336226851851852
0 0.34061979166666667 0.5262962962962963 0.0343509114583334 0.021322916666666827
0 0.40008854166666663 0.5360092592592592 0.02759537760416665 0.02403356481481477
0 0.35928125000000005 0.5656388888888889 0.019276041666666664 0.0426446759259258
0 0.3940989583333333 0.5659722222222222 0.01560742187500009 0.04262037037037034
0 0.30971354166666665 0.5951111111111111 0.014034505208333433 0.0518645833333334
0 0.9408854166666667 0.962037037037037 0.10260416666666666 0.07407407407407407