0 0.26109374999999996 0.1379074074074074 0.019795898437500032 0.037005787037037094
0 0.42388020833333334 0.17230555555555555 0.01301888020833329 0.0490567129629629
0 0.4408958333333333 0.2824814814814815 0.01304361979166669 0.04264004629629649
0 0.38585416666666666 0.28510185185185183 0.011975911458333263 0.04635185185185201
0 0.402 0.31442592592592594 0.015101562500000061 0.03231249999999982
2 0.4707604166666667 0.3300092592592592 0.019270833333333334 0.04719444444444447
0 0.3462604166666667 0.3531481481481481 0.02605533854166673 0.03613831018518504
0 0.274984375 0.39604629629629634 0.029218749999999953 0.0296435185185184
0 0.2755885416666667 0.43893518518518515 0.025014973958333422 0.04078530092592595
2 0.64284375 0.10376851851851851 0.15467350260416665 0.19811805555555564
0 0.95703125 0.5263888888888889 0.08489583333333334 0.10462962962962963
0 0.9638020833333333 0.02824074074074074 0.07135416666666666 0.05648148148148148
1 0.29665104166666667 0.7400648148148148 0.045832682291666656 0.1805543981481481
0 0.55625 0.6888888888888889 0.0125 0.02962962962962963