0 0.06666666666666667 0.0125 0.021875 0.025
0 0.0421875 0.012962962962962963 0.015625 0.025925925925925925
0 0.05154687500000001 0.03346296296296295 0.009367187500000066 0.05188657407407404
0 0.032890624999999986 0.11055555555555553 0.02607421875 0.01396875000000006
0 0.06385937500000001 0.1271666666666667 0.03174804687499998 0.020406249999999942
2 0.007291666666666667 0.13472222222222222 0.014583333333333334 0.041666666666666664
0 0.01527083333333336 0.1504351851851852 0.01931054687499992 0.024936342592592677
0 0.041062500000000016 0.15083333333333332 0.012503906249999967 0.032417824074073884
0 0.024812499999999994 0.15935185185185188 0.01819596354166665 0.04082291666666678
0 0.09369270833333333 0.16993518518518516 0.01146809895833331 0.050975694444444476
0 0.042072916666666654 0.17288888888888893 0.02602604166666668 0.03704282407407399
0 0.037411458333333356 0.1992222222222222 0.02704557291666667 0.03514699074074075
0 0.005989583333333334 0.22407407407407406 0.011979166666666667 0.046296296296296294
0 0.11051562500000003 0.28785185185185186 0.026063802083333344 0.05004976851851834
0 0.3104166666666667 0.8134259259259259 0.10833333333333334 0.2884259259259259
2 0.8001406249999999 0.644361111111111 0.02186914062499999 0.05188020833333343
2 0.5091249999999999 0.6826296296296296 0.0182740885416667 0.05464583333333327
0 0.4354166666666667 0.6930555555555555 0.011458333333333333 0.032407407407407406
0 0.5586145833333334 0.7002222222222222 0.01401953125000001 0.04350115740740745
2 0.5777135416666667 0.7082499999999999 0.020823242187500077 0.05367592592592595
0 0.44487499999999996 0.7713518518518518 0.01981770833333331 0.04823842592592579
0 0.6572395833333334 0.8306018518518518 0.015108723958333315 0.05934837962962968