0 0.23698958333333334 0.11264814814814818 0.023934244791666733 0.03984027777777781
0 0.23670312500000001 0.20425000000000004 0.026565104166666725 0.023196759259259268
0 0.29462499999999997 0.2196759259259259 0.008870768229166614 0.0518611111111111
2 0.13617708333333337 0.223212962962963 0.020307617187499967 0.04263946759259267
0 0.28983333333333333 0.22789814814814816 0.0327975260416667 0.02774768518518516
0 0.30178125 0.2603796296296297 0.016188151041666644 0.035163194444444386
0 0.25581770833333334 0.26628703703703704 0.020851236979166642 0.0574068287037038
0 0.21995312499999997 0.2799166666666666 0.029172200520833278 0.02496990740740738
2 0.269921875 0.29025 0.01874283854166663 0.052829861111111195
0 0.28232812500000004 0.2958611111111111 0.029147135416666595 0.021322916666666615
0 0.07175520833333332 0.2995925925925925 0.02031901041666669 0.026898148148148105
2 0.1812291666666667 0.33816666666666667 0.02296874999999995 0.04538425925925914
0 0.200765625 0.42674074074074075 0.016197265625000058 0.03338310185185168
2 0.11968229166666668 0.5028055555555555 0.02343229166666661 0.050042245370370345
2 0.08003645833333331 0.5508425925925926 0.0171751302083333 0.040768518518518496
0 0.9117291666666667 0.6637037037037037 0.12655208333333334 0.2527905092592592
0 0.9919270833333333 0.7092592592592593 0.015104166666666667 0.22592592592592592
3 0.7640416666666667 0.7732037037037036 0.19064811197916665 0.3147939814814816
0 0.5836979166666667 0.8117037037037037 0.16977929687500007 0.13050115740740745
0 0.8390625 0.9800925925925926 0.11770833333333333 0.03796296296296296