0 0.027854166666666676 0.06167592592592594 0.027554036458333306 0.03887615740740734
0 0.2193697916666667 0.08544444444444442 0.02709440104166661 0.04908680555555562
0 0.05978645833333331 0.1959814814814815 0.023982421874999934 0.03705092592592591
0 0.22935416666666666 0.19671296296296295 0.026568359374999892 0.04353356481481483
0 0.03050520833333336 0.19731481481481483 0.023428059895833422 0.033369791666666725
0 0.08578125000000002 0.20639814814814816 0.022927408854166723 0.04812962962962954
0 0.08411458333333334 0.21203703703703702 0.03380924479166663 0.038881944444444504
0 0.21028125 0.2181759259259259 0.023432617187499952 0.0490491898148148
0 0.23634375 0.24724999999999997 0.016694661458333353 0.04809606481481476
0 0.03292708333333335 0.2537222222222222 0.023946614583333314 0.03141435185185186
0 0.07344270833333333 0.2561944444444445 0.02494466145833331 0.04259837962962957
0 0.49667187499999993 0.2787777777777778 0.017154947916666666 0.06305902777777776
0 0.11794270833333335 0.28021296296296294 0.028633789062500033 0.028720486111111162
0 0.07443229166666665 0.28950925925925924 0.023434244791666597 0.035189236111111306
0 0.03068749999999998 0.29647222222222225 0.016651041666666682 0.045379629629629624
0 0.05169270833333333 0.2990092592592592 0.0203248697916667 0.042559606481481285
0 0.10827083333333333 0.30943518518518526 0.013562174479166699 0.044436342592592624
0 0.07502604166666664 0.31781481481481483 0.018802083333333285 0.029593750000000058
0 0.1618802083333333 0.32753703703703707 0.02395572916666661 0.030561342592592508
0 0.12293229166666665 0.33351851851851855 0.011502604166666685 0.027837962962963012
0 0.10553645833333333 0.3344351851851852 0.010917317708333367 0.03243402777777773
0 0.13786979166666669 0.33774074074074073 0.012511718750000018 0.055539351851851916
0 0.08520833333333334 0.34246296296296297 0.03070605468749991 0.023159143518518444
0 0.2610572916666667 0.34697222222222224 0.02394889322916664 0.02871932870370373
0 0.18066145833333333 0.35485185185185186 0.013548502604166757 0.046303819444444505
0 0.10157291666666665 0.3599351851851852 0.030222330729166677 0.027788194444444463
0 0.010932291666666672 0.3615555555555556 0.012442708333333267 0.021252314814814696
0 0.032963541666666644 0.36374074074074075 0.018238281249999964 0.02594039351851852
0 0.054385416666666644 0.37175925925925923 0.01720638020833327 0.024930555555555515
0 0.15114583333333337 0.372037037037037 0.01668066406250001 0.022220486111111177
0 0.07244791666666668 0.37738888888888894 0.025516276041666567 0.02503530092592575
0 0.24156249999999999 0.38274074074074077 0.0286360677083333 0.030636574074073948
0 0.12170312499999998 0.38302777777777774 0.015619466145833271 0.030568865740740716
0 0.004166666666666667 0.38935185185185184 0.008333333333333333 0.03796296296296296
0 0.09586458333333331 0.39316666666666666 0.021875 0.03052546296296294
0 0.20736979166666666 0.39344444444444443 0.017703125000000004 0.03890104166666682
0 0.07530208333333335 0.39865740740740735 0.018752604166666607 0.039787037037037065
0 0.15942187500000002 0.404787037037037 0.02809440104166671 0.035232638888889084
0 0.04384374999999997 0.4080925925925926 0.01455078125 0.024119212962962894
0 0.09705729166666668 0.4131666666666667 0.019284505208333396 0.025947337962962905
0 0.11357812500000003 0.41760185185185184 0.026033528645833335 0.024070023148148163
0 0.05565104166666668 0.4223148148148148 0.01456933593750011 0.040759837962962855
0 0.21838020833333333 0.4295 0.027620117187499935 0.024999421296296388
0 0.16002083333333333 0.4388703703703704 0.028116536458333268 0.027798611111111145
0 0.08996875 0.44049074074074074 0.024974609375000036 0.022236111111110995
0 0.10712499999999997 0.4453518518518519 0.023438802083333245 0.04440914351851848
0 0.0638125 0.44816666666666666 0.0088255208333333 0.03713310185185184
2 0.16458333333333333 0.4597222222222222 0.029166666666666667 0.03796296296296296
0 0.08567708333333333 0.4625 0.013020833333333334 0.032407407407407406
0 0.06979166666666667 0.4675925925925926 0.025 0.022222222222222223
0 0.0546875 0.46944444444444444 0.011458333333333333 0.018518518518518517
0 0.738796875 0.42615740740740743 0.030680338541666668 0.036129629629629616
0 0.282203125 0.6647500000000001 0.026557942708333233 0.04080092592592587
0 0.16438541666666667 0.672 0.02034440104166665 0.05002083333333337
0 0.22984374999999999 0.6747777777777778 0.022920572916666635 0.029640046296296314
0 0.3778697916666667 0.7142777777777779 0.021376953125000025 0.03428877314814816
0 0.2261145833333333 0.7440555555555556 0.022946614583333396 0.02879976851851851
0 0.2641458333333333 0.7485277777777778 0.02811132812499994 0.036140046296296295
0 0.49282291666666667 0.7496111111111111 0.01456445312500018 0.05472569444444444
0 0.3397604166666667 0.7568611111111111 0.023960286458333376 0.03799131944444454
0 0.25285416666666666 0.7787777777777778 0.024454427083333268 0.04078819444444464
0 0.2973072916666667 0.7812407407407408 0.01926855468749989 0.04260127314814823
0 0.44099479166666666 0.7881851851851852 0.028625651041666818 0.03612847222222218
0 0.31744791666666666 0.8048518518518518 0.011955403645833347 0.03425000000000001
0 0.392546875 0.8060833333333334 0.02134277343750005 0.06023206018518526
0 0.3400208333333333 0.806861111111111 0.015101562500000061 0.03235069444444447
0 0.32943229166666665 0.8335555555555556 0.01505729166666659 0.0416828703703703
0 0.3023385416666667 0.8403425925925926 0.022444661458333334 0.049089120370370276
0 0.294875 0.9039166666666667 0.02294401041666667 0.04538425925925914
0 0.8488697916666667 0.6690555555555556 0.021359374999999996 0.043613425925926104
0 0.8946249999999999 0.6755277777777778 0.021330078124999947 0.04176157407407425
0 0.9459375 0.6945092592592593 0.031227864583333324 0.022315972222222164
0 0.8833333333333333 0.7026944444444444 0.013565104166666704 0.04071238425925917
2 0.7222031250000001 0.7988148148148149 0.01821386718750008 0.061117476851851885
2 0.816921875 0.8747314814814815 0.019246419270833332 0.06852372685185186