0 0.10521354166666666 0.3278611111111111 0.017754557291666608 0.0527604166666666
0 0.12388020833333334 0.42954629629629626 0.018227864583333423 0.04264930555555553
2 0.4166354166666667 0.4352592592592593 0.0353613281250001 0.03342824074074092
0 0.07178645833333336 0.45886111111111116 0.0130247395833333 0.05287152777777772
0 0.0484375 0.4895740740740741 0.01661914062500003 0.042575231481481526
0 0.06554166666666668 0.4965185185185185 0.02239420572916669 0.030547453703703736
2 0.21148437499999997 0.5054629629629629 0.021833333333333135 0.04634953703703715
0 0.5475520833333333 0.5600833333333333 0.032295898437499915 0.033359375000000045
0 0.5275833333333334 0.56425 0.026068033854166592 0.05465567129629634
0 0.823171875 0.2996018518518519 0.031722005208333334 0.019538194444444386
0 0.4687395833333333 0.7411203703703704 0.0301634114583333 0.03795254629629633
0 0.40147916666666666 0.8668518518518519 0.01146809895833331 0.042650462962962966
0 0.38690104166666667 0.8697592592592592 0.009907552083333234 0.03607523148148144
0 0.37099479166666666 0.8882962962962964 0.02137955729166663 0.01853703703703702
0 0.39690624999999996 0.9058796296296296 0.012555989583333371 0.04162384259259261
0 0.389078125 0.9325740740740741 0.024991536458333265 0.02871238425925924
0 0.31736458333333334 0.9410092592592593 0.022371093750000053 0.017538194444444415
0 0.39373958333333337 0.9800185185185186 0.02814225260416663 0.02495775462962955