2 0.007552083333333333 0.1 0.015104166666666667 0.05185185185185185
0 0.21060937500000002 0.134212962962963 0.022373697916666775 0.032416666666666656
0 0.19597916666666665 0.14406481481481484 0.013541992187500067 0.03518344907407393
0 0.15978645833333333 0.16675000000000004 0.0125123697916667 0.03609953703703699
0 0.17863541666666669 0.17691666666666672 0.023921223958333352 0.032405092592592756
0 0.13096875000000002 0.17932407407407402 0.02029394531250001 0.03610474537037055
0 0.19046875000000002 0.18436111111111111 0.018752278645833325 0.04351157407407413
0 0.14373437500000003 0.18494444444444444 0.020790364583333342 0.03241550925925923
0 0.12118749999999998 0.20939814814814814 0.02082291666666656 0.02041435185185176
2 0.10728125000000001 0.24156481481481482 0.01879947916666668 0.05190393518518506
0 0.11006250000000002 0.2832314814814815 0.030203125000000004 0.03513310185185198
0 0.353203125 0.9710555555555556 0.03022265624999996 0.025934027777777743
0 0.93359375 0.6032407407407407 0.13177083333333334 0.14722222222222223
0 0.8346510416666667 0.6256759259259259 0.10674934895833334 0.15185879629629623
0 0.6748177083333334 0.7259629629629629 0.06925651041666671 0.17782118055555557
0 0.98671875 0.7675925925925926 0.025520833333333333 0.2388888888888889
0 0.9497395833333333 0.7898148148148149 0.09947916666666666 0.22407407407407406