0 0.13880208333333333 0.0125 0.015104166666666667 0.025
0 0.0046875 0.1736111111111111 0.009375 0.032407407407407406
0 0.062406250000000024 0.1766296296296296 0.016143229166666728 0.04445543981481485
0 0.08741145833333336 0.1963796296296296 0.014057942708333234 0.054612268518518456
0 0.3228645833333334 0.19992592592592595 0.030733723958333313 0.025986111111111057
0 0.12422395833333333 0.21921296296296297 0.019247721354166695 0.04997164351851861
0 0.10190624999999999 0.22554629629629627 0.016171874999999978 0.04075810185185191
0 0.12591666666666665 0.28467592592592594 0.013009765624999996 0.04163194444444453
2 0.06838020833333332 0.30004629629629626 0.02134960937500002 0.05550405092592596
0 0.13358333333333333 0.3200833333333334 0.027594401041666692 0.025934027777777743
0 0.10706249999999998 0.3271388888888888 0.01146158854166662 0.03335474537037031
0 0.17222916666666663 0.3274537037037037 0.024492838541666728 0.03519849537037034
0 0.136125 0.3613611111111111 0.019796874999999995 0.026870949074074175
0 0.09605729166666664 0.38861111111111113 0.03333203125000009 0.03052546296296294
0 0.0673489583333333 0.4505555555555556 0.0187496744791666 0.05467361111111102
0 0.012239583333333333 0.46944444444444444 0.024479166666666666 0.022222222222222223
2 0.18829687499999997 0.5069907407407407 0.022374023437500057 0.06208101851851864