0 0.3020833333333333 0.058333333333333334 0.014583333333333334 0.06481481481481481
0 0.0013020833333333333 0.1037037037037037 0.0026041666666666665 0.022222222222222223
0 0.01815104166666668 0.13138888888888886 0.014061848958333319 0.04817534722222208
0 0.0033854166666666668 0.1476851851851852 0.0067708333333333336 0.03425925925925926
2 0.726484375 0.3694722222222222 0.1848971354166667 0.24448668981481478
0 0.046781250000000024 0.8363333333333334 0.03176822916666673 0.02685995370370367
0 0.82578125 0.6574074074074074 0.03125 0.026851851851851852
0 0.75625 0.7458333333333333 0.011979166666666667 0.03009259259259259
0 0.7411458333333333 0.7481481481481481 0.01015625 0.02546296296296296
0 0.7247395833333333 0.7611111111111111 0.022135416666666668 0.012962962962962963
0 0.7515625 0.7736111111111111 0.013020833333333334 0.029166666666666667
0 0.7434895833333334 0.7925925925925926 0.02578125 0.020370370370370372
0 0.6692708333333334 0.7981481481481482 0.023177083333333334 0.0125
0 0.7481770833333333 0.825925925925926 0.029166666666666667 0.017592592592592594
0 0.79765625 0.9152777777777777 0.011458333333333333 0.03611111111111111