2 0.08444791666666666 0.08944444444444447 0.028154947916666728 0.04072685185185186
0 0.14661458333333333 0.18249074074074073 0.031722656250000016 0.02868634259259253
0 0.1921875 0.2153611111111111 0.015672526041666638 0.05553703703703695
0 0.20173958333333336 0.2877222222222222 0.02603906250000006 0.02779513888888885
0 0.18420312499999997 0.3053148148148148 0.018216471354166566 0.044453125000000086
0 0.22283854166666667 0.3246018518518519 0.01093652343749992 0.032454282407407484
0 0.18810937499999997 0.3483703703703704 0.022904296874999966 0.04536168981481473
0 0.1532083333333333 0.3511388888888889 0.023985677083333337 0.03057175925925919
0 0.215890625 0.3668888888888889 0.008900390624999944 0.037946759259259326
0 0.1987864583333333 0.3671944444444445 0.02553352864583343 0.02874999999999996
0 0.046765624999999984 0.39387962962962964 0.024488281249999962 0.04727430555555543
0 0.153125 0.44722222222222224 0.0125 0.022222222222222223
0 0.903125 0.07361111111111111 0.096875 0.14722222222222223
0 0.8259479166666668 0.25451851851851853 0.07136002604166655 0.1889375
0 0.28706770833333334 0.7235277777777778 0.013516927083333385 0.03975810185185188
0 0.9745572916666667 0.8221296296296297 0.03022233072916656 0.02965625000000016