0 0.34915625000000006 0.09807407407407409 0.036460937500000054 0.029688657407407327
0 0.024885416666666653 0.12924999999999998 0.021359700520833337 0.04073148148148138
0 0.10128645833333334 0.16704629629629628 0.017162109375000036 0.028732060185185277
0 0.0067708333333333336 0.1675925925925926 0.013541666666666667 0.040740740740740744
0 0.36834375 0.1710648148148148 0.015615559895833304 0.0518611111111111
0 0.1851145833333333 0.21640740740740744 0.018209635416666595 0.03706018518518527
2 0.33868229166666663 0.22816666666666663 0.011971354166666733 0.02874999999999996
0 0.10770833333333331 0.2309259259259259 0.0244869791666666 0.04172222222222238
0 0.3173802083333333 0.23880555555555552 0.0125006510416668 0.040685185185185026
2 0.192 0.2449629629629629 0.022378906249999986 0.04815972222222226
0 0.2074375 0.24824074074074076 0.019307291666666632 0.05001620370370385
2 0.227390625 0.25302777777777774 0.02026888020833333 0.04630208333333325
0 0.21736979166666667 0.28687037037037044 0.028666666666666767 0.024074074074074074
0 0.021848958333333328 0.31054629629629626 0.019846354166666618 0.045422453703703576