0 0.17960416666666668 0.3136574074074074 0.024475911458333263 0.04446296296296295
0 0.1360208333333333 0.3209074074074074 0.01876367187500006 0.049122106481481374
0 0.5163697916666667 0.3381851851851852 0.01717220052083353 0.05463888888888888
0 0.17586979166666664 0.3800092592592592 0.028633463541666633 0.03984259259259257
0 0.20894791666666665 0.38942592592592595 0.010404622395833367 0.028656249999999807
0 0.17126562500000003 0.39790740740740743 0.015108072916666633 0.03887152777777782
0 0.2310885416666667 0.3985185185185185 0.02653971354166664 0.039869212962962884
0 0.1573802083333333 0.4181203703703704 0.013515625000000024 0.05638773148148154
0 0.23690625 0.4489814814814815 0.02864550781250005 0.03145428240740755
0 0.09772916666666666 0.47350925925925924 0.03178515624999996 0.030581597222222263
0 0.08548958333333333 0.6330555555555556 0.023972981770833356 0.05000405092592591
0 0.05416666666666667 0.8844907407407407 0.017660156250000014 0.03794444444444446
0 0.5966145833333333 0.8847222222222222 0.0140625 0.04351851851851852
0 0.6667239583333334 0.9241574074074075 0.022933268229166675 0.021305555555555546
0 0.6519635416666667 0.9358796296296297 0.019277018229166682 0.05741666666666666
0 0.8444427083333333 0.9687407407407408 0.02083138020833329 0.05093460648148156
0 0.8359375 0.9958333333333333 0.03229166666666667 0.006481481481481481