2 0.04019791666666664 0.30687037037037035 0.014571289062500032 0.041637731481481484
2 0.009114583333333334 0.3148148148148148 0.018229166666666668 0.05555555555555555
2 0.06572395833333336 0.3306203703703704 0.02601888020833331 0.03527893518518513
0 0.03681249999999998 0.35145370370370377 0.019258789062500035 0.026898726851851927
0 0.017276041666666644 0.38077777777777777 0.016641927083333386 0.03979861111111118
2 0.03212499999999997 0.3826203703703704 0.016133789062500032 0.03797048611111117
2 0.04384374999999997 0.4051481481481481 0.023970703125000034 0.04171238425925931
2 0.23518749999999997 0.4819907407407407 0.03074869791666662 0.03985937500000002
0 0.20132812499999997 0.49294444444444446 0.027644531249999934 0.049123842592592414
0 0.7596302083333334 0.35454629629629625 0.03068098958333335 0.029686342592592566
0 0.73046875 0.987037037037037 0.0265625 0.024074074074074074