2 0.5668072916666667 0.4776944444444444 0.02186328124999998 0.05190856481481479
2 0.27579166666666666 0.515962962962963 0.018251627604166744 0.05463773148148145
0 0.19287500000000002 0.5267592592592593 0.029171874999999996 0.0315370370370372
0 0.32528124999999997 0.5335555555555556 0.01401953125000001 0.04350115740740745
2 0.3443802083333333 0.5415833333333333 0.020823242187500077 0.05367592592592595
0 0.013078125000000006 0.5644074074074074 0.018766927083333346 0.05837905092592598
0 0.1890625 0.5658055555555556 0.017660156250000014 0.036943287037037094
0 0.21154166666666666 0.6046851851851851 0.019804687499999928 0.04819328703703697
0 0.42390625000000004 0.6639351851851851 0.01510644531249999 0.05930381944444447
0 0.8078072916666666 0.2216759259259259 0.029161458333333338 0.032464120370370345
0 0.8574583333333334 0.9341759259259259 0.02603645833333334 0.03894560185185183