0 0.0036458333333333334 0.11898148148148148 0.007291666666666667 0.041666666666666664
0 0.00234375 0.35509259259259257 0.0046875 0.049074074074074076
0 0.16226041666666666 0.35764814814814816 0.028687499999999963 0.023168981481481516
0 0.013020833333333334 0.39351851851851855 0.0125 0.02962962962962963
0 0.09895833333333333 0.3990740740740741 0.027083333333333334 0.018518518518518517
0 0.40234375 0.17453703703703705 0.0453125 0.11388888888888889
3 0.7036458333333333 0.18287037037037038 0.08515625 0.11851851851851852
0 0.8635416666666667 0.020370370370370372 0.04296875 0.04027777777777778
0 0.7658854166666667 0.024537037037037038 0.07604166666666666 0.04861111111111111
0 0.41380208333333335 0.3453703703703704 0.06796875 0.07222222222222222
0 0.6776041666666667 0.35324074074074074 0.08515625 0.04027777777777778
0 0.91796875 0.36157407407407405 0.078125 0.044444444444444446
0 0.45677083333333335 0.038425925925925926 0.0640625 0.058333333333333334
0 0.9776041666666667 0.38055555555555554 0.030989583333333334 0.05416666666666667
0 0.5731770833333333 0.03981481481481482 0.06901041666666667 0.07916666666666666
0 0.6567708333333333 0.05185185185185185 0.07395833333333333 0.07083333333333333
0 0.41171875 0.06944444444444445 0.05807291666666667 0.08888888888888889
0 0.8192708333333333 0.10740740740740741 0.07708333333333334 0.03611111111111111
0 0.5138020833333333 0.012037037037037037 0.04609375 0.02361111111111111
2 0.8044270833333333 0.6180555555555556 0.15625 0.1300925925925926