0 0.2541614583333333 0.08544444444444442 0.023934244791666733 0.023161458333333308
0 0.18132291666666667 0.09748148148148146 0.02913736979166674 0.03243402777777773
0 0.027562500000000007 0.1169259259259259 0.017180338541666687 0.045395833333333364
0 0.18601041666666665 0.23587962962962963 0.025527669270833424 0.0360885416666667
0 0.21471354166666667 0.2561574074074074 0.01667545572916668 0.03427256944444442
0 0.20517708333333337 0.2708888888888889 0.009389973958333304 0.02505208333333331
0 0.21796354166666668 0.27374074074074073 0.020293294270833328 0.02131597222222223
0 0.19367708333333333 0.27762037037037035 0.009912109375 0.04998032407407417
0 0.02183333333333334 0.27800925925925923 0.015111979166666659 0.0416863425925926
0 0.42071875 0.3163611111111111 0.028109700520833534 0.0407540509259259
2 0.3563177083333333 0.3434444444444444 0.029149088541666757 0.036106481481481593
2 0.24649479166666666 0.3505740740740741 0.02758203124999999 0.035172453703703845
0 0.43827604166666667 0.35390740740740745 0.027632161458333117 0.022254050925925885
0 0.132875 0.3726018518518518 0.026057617187500038 0.021324074074074047
0 0.33041666666666664 0.3787777777777778 0.016134440104166595 0.026851273148148242
0 0.4003072916666667 0.3791759259259259 0.026553385416666585 0.030546296296296304
0 0.275421875 0.3901851851851852 0.024990559895833306 0.02682349537037028
2 0.38319270833333335 0.3931203703703704 0.019253906249999987 0.03978587962962963
0 0.525 0.4134259259259259 0.028125 0.06759259259259259
0 0.31980729166666666 0.41727777777777775 0.01563509114583326 0.04259085648148134
0 0.097625 0.45345370370370375 0.019298502604166677 0.05741435185185179
0 0.18697916666666667 0.4759259259259259 0.020833333333333332 0.025925925925925925
0 0.73046875 0.48148148148148145 0.0296875 0.014814814814814815
2 0.045572916666666664 0.8453703703703703 0.09114583333333333 0.13518518518518519
2 0.9201822916666667 0.8123055555555555 0.1249876302083333 0.13704513888888897