0 0.1485 0.06722222222222224 0.01982421875 0.03887384259259258
0 0.4617395833333333 0.22507407407407412 0.01410416666666663 0.04824305555555573
0 0.2825520833333333 0.25624074074074077 0.027555989583333346 0.04075810185185181
0 0.21100520833333333 0.285712962962963 0.01980664062500009 0.03430613425925934
0 0.31045833333333334 0.29238888888888886 0.016666341145833385 0.027776041666666734
0 0.3443645833333333 0.29347222222222225 0.022940104166666586 0.04083333333333325
0 0.3752552083333333 0.3018981481481481 0.02033528645833336 0.03707407407407404
2 0.27211979166666667 0.30213888888888885 0.0192141927083334 0.04263425925925933
2 0.28780208333333335 0.3064166666666666 0.023458007812500032 0.03517997685185184
0 0.30239583333333336 0.32838888888888884 0.017162760416666718 0.04258391203703717
0 0.013755208333333331 0.32968518518518514 0.02499414062500002 0.05009143518518529
0 0.31977083333333334 0.33043518518518517 0.028072916666666715 0.02225231481481484
0 0.15579166666666666 0.3477407407407407 0.019807617187500053 0.04726793981481486
0 0.2723541666666666 0.36787037037037035 0.019834635416666777 0.03796296296296296
0 0.24525520833333334 0.3819537037037037 0.01823111979166671 0.04165393518518512
0 0.20189583333333333 0.42011111111111116 0.01715820312500007 0.05001157407407412
0 0.14296875 0.5342592592592592 0.015104166666666667 0.04814814814814815
0 0.601984375 0.06196296296296298 0.028639322916666644 0.03524421296296288
0 0.7658125000000001 0.17862037037037035 0.019791015624999984 0.057462962962963125
0 0.5239583333333333 0.5884259259259259 0.028125 0.058333333333333334
0 0.573328125 0.6020925925925926 0.08538085937499999 0.0666423611111111
0 0.5234375 0.7106481481481481 0.027083333333333334 0.14722222222222223
0 0.6450625 0.7523703703703704 0.027622070312499976 0.13977199074074076
2 0.57534375 0.7896481481481482 0.06930468749999998 0.0768611111111111
0 0.5192708333333333 0.8361111111111111 0.01875 0.12777777777777777
0 0.6104166666666667 0.9384259259259259 0.05520833333333333 0.12129629629629629
0 0.5388020833333333 0.9597222222222223 0.0578125 0.0787037037037037