0 0.05611979166666667 0.05341807909604521 0.02761914062499998 0.0381302966101695
0 0.34505729166666665 0.30244350282485877 0.031747395833333296 0.020471839689265515
0 0.34401041666666665 0.3811723163841808 0.02036002604166664 0.031086687853107312
0 0.31857291666666665 0.3910593220338983 0.016159179687499994 0.031080067090395545
0 0.38108333333333333 0.40954096045197735 0.027592122395833366 0.015557909604519755
0 0.3469583333333333 0.424837570621469 0.022929687499999928 0.031814971751412395
0 0.225328125 0.45331920903954803 0.01928613281249992 0.038155896892655486
0 0.3504322916666667 0.45437853107344633 0.028648111979166776 0.021912959039548145
0 0.31310416666666663 0.5149858757062147 0.011444986979166672 0.04025865112994344
0 0.5645833333333333 0.05402542372881356 0.18229166666666666 0.10805084745762712
0 0.45729166666666665 0.17125706214689265 0.05520833333333333 0.3425141242937853
0 0.682328125 0.19468926553672314 0.2718515625000002 0.1638554908192091
0 0.21224479166666665 0.7175353107344633 0.023496093749999978 0.026897951977401115
0 0.23779687500000002 0.7297457627118643 0.011965169270833442 0.03813647598870058
0 0.25261979166666665 0.7372104519774011 0.01978580729166666 0.027545903954802258
0 0.25559895833333335 0.7670127118644067 0.02291210937500002 0.022581214689265553
0 0.15702083333333333 0.7832980225988702 0.02239453124999997 0.03674258474576273
0 0.268265625 0.7907415254237289 0.016646484375000034 0.03175273658192096
0 0.24376041666666665 0.877111581920904 0.019779947916666648 0.03390316031073449
0 0.44036458333333334 0.8831214689265536 0.021354166666666667 0.026129943502824857