0 0.542578125 0.35557407407407404 0.011993489583333409 0.05929976851851845
0 0.22213541666666667 0.008796296296296297 0.0171875 0.017592592592592594
0 0.37916666666666665 0.007407407407407408 0.017708333333333333 0.014814814814814815
0 0.23463541666666668 0.011574074074074073 0.0140625 0.023148148148148147
0 0.012760416666666666 0.016203703703703703 0.025520833333333333 0.032407407407407406
0 0.16979166666666667 0.012962962962962963 0.03125 0.025925925925925925
0 0.3859375 0.023148148148148147 0.013541666666666667 0.046296296296296294
0 0.2688489583333334 0.018648148148148136 0.01560677083333341 0.03145717592592582
0 0.3094322916666667 0.033870370370370405 0.0260625000000001 0.03614699074074068
0 0.245453125 0.035703703703703654 0.016661458333333337 0.032445601851851844
0 0.2825833333333333 0.03807407407407408 0.025547851562500057 0.02406307870370378
0 0.25521354166666665 0.04196296296296301 0.01983723958333338 0.03430324074074065
0 0.22918229166666665 0.05627777777777775 0.018766927083333346 0.024101273148148215
0 0.20925 0.060777777777777764 0.011982096354166671 0.03978645833333324
0 0.2540104166666667 0.07186111111111113 0.03021809895833331 0.026807870370370464
0 0.1788645833333333 0.08457407407407411 0.021345052083333253 0.04815393518518531
0 0.15831770833333333 0.09249999999999999 0.011471354166666715 0.055567129629629675
0 0.19616145833333334 0.12719444444444444 0.019805338541666728 0.03243750000000002
0 0.26682291666666663 0.13266666666666665 0.024478515624999985 0.03890914351851844
0 0.022703124999999987 0.17951851851851852 0.018264322916666666 0.04634490740740742
0 0.23714583333333336 0.2304351851851852 0.02083626302083334 0.04076388888888876
0 0.03286458333333334 0.2807407407407408 0.01772591145833336 0.030559027777777643
0 0.7241770833333334 0.06166666666666669 0.02604524739583332 0.016658564814814848
0 0.9932291666666667 0.17731481481481481 0.0125 0.04537037037037037
0 0.9756041666666666 0.20114814814814816 0.024972656249999996 0.03242592592592591
0 0.9396614583333334 0.3133333333333333 0.030194335937500108 0.021322916666666827
0 0.9678697916666666 0.3148703703703703 0.029169921874999952 0.024119791666666716
0 0.990625 0.31712962962962965 0.017708333333333333 0.025
0 0.9790729166666667 0.33555555555555555 0.021351562500000063 0.04164004629629613
0 0.9351458333333333 0.35591666666666666 0.021304036458333304 0.0435694444444445
0 0.8877447916666666 0.3725833333333333 0.02861979166666669 0.021321759259259183
0 0.7979166666666667 0.375 0.026041666666666668 0.04814814814814815
0 0.20536979166666663 0.7638055555555555 0.029170247395833352 0.025953703703703677
0 0.6991302083333333 0.7153518518518519 0.031247395833333396 0.0249525462962961