0 0.12462499999999999 0.09162037037037037 0.019796874999999995 0.0574403935185185
0 0.16256770833333334 0.18265740740740738 0.019807291666666654 0.05464178240740736
0 0.35278645833333333 0.2224722222222222 0.01354361979166671 0.052800925925925904
0 0.16352083333333337 0.24746296296296297 0.031276367187499925 0.050936921296296324
0 0.2275104166666667 0.2510092592592592 0.020839192708333225 0.021303240740740786
0 0.31598437500000004 0.2545462962962963 0.021322916666666695 0.04445601851851846
0 0.3456822916666667 0.2603888888888889 0.02655078124999998 0.0222471064814815
0 0.25231250000000005 0.2631851851851852 0.022916992187500065 0.04164814814814816
0 0.29211458333333334 0.2656203703703704 0.025033203125000014 0.021309027777777847
0 0.22730729166666663 0.27231481481481484 0.01922070312500009 0.04072800925925919
0 0.5541250000000001 0.27308333333333334 0.029690755208333287 0.031511574074074
0 0.13704687499999998 0.27555555555555555 0.024984375000000014 0.04074884259259256
0 0.3602708333333334 0.2874166666666667 0.016133789062500032 0.05463773148148155
0 0.31804166666666667 0.2931388888888889 0.02969856770833334 0.021271990740740737
0 0.14893750000000003 0.3159814814814815 0.025026692708333322 0.04906307870370357
0 0.225390625 0.3161481481481481 0.017691406249999986 0.04072685185185186
0 0.4709479166666667 0.32816666666666666 0.030218098958333193 0.030526041666666653
0 0.25059895833333334 0.34567592592592594 0.02710058593750008 0.03703067129629626
0 0.5206041666666666 0.34590740740740744 0.026601562499999905 0.04731828703703703
0 0.221796875 0.35912962962962963 0.017686848958333338 0.04722627314814834
0 0.4574895833333334 0.36812962962962964 0.027081380208333408 0.02879976851851851
0 0.3015 0.36953703703703705 0.02814322916666671 0.02041030092592585
0 0.1294010416666667 0.37738888888888894 0.023421223958333334 0.019396412037037146
0 0.4322291666666667 0.38433333333333336 0.02968847656249996 0.03338078703703723
0 0.06758854166666665 0.3885 0.014075520833333322 0.0399097222222224
0 0.155796875 0.39081481481481484 0.01246940104166671 0.04268750000000018
0 0.49534374999999997 0.39096296296296296 0.017748046875000038 0.06760995370370367
0 0.114125 0.40176851851851847 0.010400390625 0.05558333333333331
0 0.2985833333333333 0.4042407407407408 0.026547200520833297 0.023173611111111034
0 0.32434375 0.4075833333333334 0.013002604166666742 0.030563657407407373
0 0.25179687500000003 0.41226851851851853 0.020356119791666672 0.024956018518518402
0 0.47754687500000004 0.41503703703703704 0.01614908854166662 0.03609259259259261
0 0.39565625000000004 0.4161666666666667 0.02868098958333339 0.019425925925925944
0 0.2818697916666667 0.4211666666666667 0.008351562499999925 0.040754629629629724
2 0.269984375 0.4248703703703704 0.01563020833333333 0.04628993055555573
0 0.336328125 0.4275462962962963 0.026547526041666696 0.03522222222222219
0 0.38959375 0.42974074074074076 0.017677408854166642 0.024095486111111054
0 0.30889583333333337 0.4320555555555556 0.011420572916666672 0.026883101851851693
0 0.3665052083333334 0.43412962962962964 0.016664713541666744 0.04812615740740735
0 0.29766145833333335 0.43437037037037035 0.014027343749999944 0.0370428240740742
0 0.24546354166666665 0.4436851851851851 0.016663736979166663 0.044418402777777734
0 0.4028229166666667 0.4478148148148148 0.017199544270833183 0.030541666666666575
0 0.258203125 0.451537037037037 0.013572916666666638 0.03974768518518519
0 0.033817708333333335 0.4545462962962963 0.029691731770833306 0.05367592592592595
0 0.19346354166666668 0.461037037037037 0.030720703124999933 0.027754629629629757
0 0.40948958333333335 0.4652777777777778 0.013016276041666448 0.058370370370370336
0 0.2922864583333334 0.4677222222222222 0.01560677083333341 0.03145717592592582
0 0.33307291666666666 0.48194444444444445 0.0265625 0.03425925925925926
0 0.26901041666666664 0.4837962962962963 0.0171875 0.030555555555555555
0 0.3060208333333333 0.48714814814814816 0.025574869791666663 0.024052083333333276
0 0.2786458333333333 0.4861111111111111 0.020833333333333332 0.025925925925925925
0 0.25286458333333334 0.49583333333333335 0.019270833333333334 0.006481481481481481
0 0.2328125 0.49444444444444446 0.0125 0.009259259259259259
0 0.6379322916666667 0.0921944444444445 0.025523111979166777 0.03430613425925934
0 0.6686666666666667 0.10624074074074075 0.01823079427083331 0.027786458333333416
0 0.6061562500000001 0.1738240740740741 0.026565429687500006 0.03334085648148154
0 0.33046875 0.725 0.0765625 0.03796296296296296
0 0.5036458333333333 0.8222222222222222 0.03723958333333333 0.06018518518518518
0 0.4984375 0.8421296296296297 0.04348958333333333 0.05185185185185185
0 0.51015625 0.8953703703703704 0.0703125 0.03009259259259259
0 0.11510416666666666 0.6430555555555556 0.06848958333333334 0.04583333333333333
0 0.9895833333333334 0.6796296296296296 0.019791666666666666 0.03888888888888889
0 0.9275208333333335 0.8057407407407408 0.011463216145833262 0.04262152777777778
0 0.9129427083333332 0.8086481481481481 0.009901692708333224 0.03609317129629633
0 0.8970364583333333 0.8271851851851852 0.021366861979166648 0.018527777777777768
0 0.9229479166666666 0.8447685185185185 0.012555989583333371 0.04162384259259261
0 0.9151197916666667 0.871462962962963 0.024991536458333265 0.02871238425925924
0 0.84340625 0.8798981481481482 0.022383463541666634 0.017565393518518557
0 0.91978125 0.9189074074074075 0.028159505208333258 0.024915509259259203