0 0.0046875 0.037037037037037035 0.009375 0.024074074074074074
0 0.16394791666666667 0.26821296296296293 0.028094401041666828 0.04076736111111106
2 0.09954687499999999 0.2952962962962963 0.029131510416666728 0.03610185185185186
0 0.18150520833333333 0.3057592592592593 0.0276601562499998 0.022285879629629544
0 0.07364583333333333 0.33062962962962966 0.016134440104166595 0.026851273148148242
0 0.14353645833333334 0.33102777777777775 0.026557942708333233 0.030550925925925825
0 0.01865104166666664 0.34203703703703703 0.02498111979166661 0.026795138888888913
2 0.12642187500000002 0.3449722222222223 0.019236979166666637 0.03975694444444444
0 0.06303645833333332 0.3691296296296296 0.015645182291666632 0.04258912037037029
0 0.7015625 0.09675925925925925 0.14453125 0.19305555555555556
0 0.30130208333333336 0.13703703703703704 0.1234375 0.0912037037037037
0 0.9356770833333333 0.14907407407407408 0.12838541666666667 0.11944444444444445
0 0.42291666666666666 0.26064814814814813 0.19479166666666667 0.17731481481481481
3 0.5950520833333334 0.29305555555555557 0.15963541666666667 0.3537037037037037
0 0.2950520833333333 0.32037037037037036 0.10182291666666667 0.24583333333333332
0 0.8731770833333333 0.350462962962963 0.2518229166666667 0.10185185185185185
0 0.5138020833333333 0.4773148148148148 0.11302083333333333 0.06342592592592593
0 0.47109375 0.04953703703703704 0.09791666666666667 0.09907407407407408
0 0.30416666666666664 0.4912037037037037 0.12916666666666668 0.03425925925925926
0 0.9135416666666667 0.49537037037037035 0.17109375 0.02638888888888889
0 0.5736979166666667 0.05324074074074074 0.09401041666666667 0.10648148148148148
0 0.7934895833333333 0.07222222222222222 0.10442708333333334 0.1439814814814815
0 0.42942708333333335 0.7046296296296296 0.08151041666666667 0.09259259259259259
0 0.5549479166666667 0.7712962962962963 0.05651041666666667 0.12314814814814815