0 0.1623046875 0.3016336056009335 0.00859375 0.03879813302217036
0 0.2068359375 0.3999416569428238 0.013671875 0.01808634772462077
0 0.1931640625 0.411318553092182 0.0126953125 0.01604434072345391
0 0.1869140625 0.425904317386231 0.008984375 0.0338389731621937
0 0.197265625 0.4314469078179697 0.0060546875 0.024212368728121353
0 0.1453125 0.5259626604434072 0.007421875 0.04521586931155192
0 0.91953125 0.4927071178529755 0.16015625 0.14294049008168028
0 0.6938203125 0.8358109684947491 0.014834716796875026 0.03211858226371074
0 0.6602890625000001 0.8579754959159861 0.02031103515624997 0.015782161610268425
0 0.68444140625 0.873144690781797 0.017978271484375075 0.029784130688448048
2 0.66008984375 0.8858809801633606 0.012112792968750074 0.03328908984830812
0 0.8408476562499999 0.9409101516919487 0.010532470703124908 0.033842984247374586