0 0.277609375 0.08403703703703704 0.01462955729166661 0.051872685185185216
0 0.3476770833333333 0.17708333333333334 0.024436197916666676 0.021314814814814797
0 0.249484375 0.22383333333333333 0.018703776041666724 0.024091435185185143
0 0.22908333333333336 0.23324999999999996 0.016141927083333365 0.033276620370370394
0 0.2724895833333333 0.2352592592592593 0.011446289062500033 0.03513773148148129
0 0.16475000000000004 0.3156481481481481 0.02603873697916666 0.035158564814814657
0 0.802515625 0.2634907407407408 0.0255253906250001 0.0343530092592592
0 0.83325 0.277537037037037 0.01823242187500007 0.02779513888888885
0 0.7707395833333334 0.3451203703703704 0.026568359374999892 0.03334837962962975
0 0.39364062499999997 0.6678518518518518 0.016701822916666723 0.04631249999999993
0 0.36755208333333333 0.68425 0.017701171874999963 0.03519212962962957
0 0.38711979166666666 0.7063425925925926 0.010439453125000024 0.03426041666666669
0 0.35369791666666667 0.7160092592592592 0.022910807291666776 0.015714120370370316
0 0.37302083333333336 0.7236574074074074 0.013523437500000075 0.02691550925925928
0 0.36337499999999995 0.7540370370370371 0.02397981770833333 0.019523148148148182
0 0.32908333333333334 0.7859814814814815 0.013021809895833413 0.04071064814814812