0 0.14869791666666668 0.06908333333333334 0.026610026041666637 0.051839120370370306
0 0.20469791666666665 0.32892592592592595 0.017686197916666656 0.045379050925926014
0 0.045817708333333346 0.33494444444444443 0.02921809895833339 0.03705439814814811
2 0.17544270833333334 0.3540833333333333 0.018228190104166587 0.026879629629629604
0 0.13567708333333334 0.3579444444444445 0.014038736979166681 0.030508101851851658
0 0.15781770833333333 0.36164814814814816 0.013518554687500028 0.034211805555555364
0 0.27875520833333334 0.37027777777777776 0.016646484375000152 0.038943287037036964
0 0.12343229166666667 0.3901851851851852 0.019839843749999985 0.03616550925925918
0 0.15269270833333332 0.39604629629629634 0.03126302083333326 0.025933449074074133
0 0.09973958333333334 0.5949074074074074 0.04869791666666667 0.0787037037037037
0 0.3494791666666667 0.6023148148148149 0.096875 0.060648148148148145
0 0.29375 0.8069444444444445 0.09010416666666667 0.17916666666666667
0 0.6318541666666666 0.873074074074074 0.029140625000000024 0.027718749999999976
0 0.6908072916666667 0.9391111111111111 0.022915364583333424 0.041675347222222305
2 0.6645000000000001 0.9724537037037037 0.017717447916666747 0.05186226851851854
0 0.6955729166666667 0.9814814814814815 0.0171875 0.03518518518518519
0 0.7971354166666667 0.9814814814814815 0.0109375 0.03518518518518519
0 0.7388020833333333 0.9828703703703704 0.018229166666666668 0.032407407407407406
0 0.63984375 0.9930555555555556 0.016145833333333335 0.012037037037037037