0 0.028380208333333337 0.3786851851851852 0.012966145833333324 0.038792824074074084
0 0.0018229166666666667 0.40185185185185185 0.0036458333333333334 0.027777777777777776
0 0.04505729166666666 0.4053796296296296 0.01304361979166669 0.02498090277777768
0 0.01171875 0.41203703703703703 0.0234375 0.022222222222222223
0 0.021744791666666666 0.4315462962962963 0.019789062499999944 0.03610474537037055
2 0.028812500000000026 0.43749074074074074 0.021334309895833434 0.03611111111111111
2 0.6341145833333334 0.26805555555555555 0.14166666666666666 0.10833333333333334
0 0.05373437499999998 0.8175092592592592 0.017734374999999976 0.040797453703703676
0 0.03524479166666664 0.8554722222222222 0.027578776041666586 0.03883217592592595
2 0.5420989583333333 0.8275370370370371 0.0182252604166667 0.04260879629629623
0 0.7684322916666667 0.9224351851851852 0.03645507812500005 0.04538425925925914