0 0.02209895833333334 0.12954629629629627 0.03125423177083331 0.022250578703703797
2 0.6306927083333334 0.1307777777777778 0.019819661458333117 0.050935185185185174
0 0.32040624999999995 0.1696666666666667 0.013529622395833366 0.030546296296296304
0 0.27925520833333334 0.17244444444444446 0.0124873046874999 0.03610185185185186
0 0.29991666666666666 0.17461111111111116 0.011977539062500023 0.03606365740740721
0 0.2415729166666667 0.1911111111111111 0.023440429687500004 0.028730902777777633
0 0.497171875 0.3349166666666667 0.021315104166666526 0.06482638888888893
1 0.76875 0.09537037037037037 0.09791666666666667 0.11666666666666667
2 0.2830625 0.8885000000000001 0.02653743489583332 0.030603587962962853
0 0.39505729166666664 0.9199814814814815 0.029664713541666644 0.02689930555555575
0 0.84140625 0.9522407407407408 0.011955078125000067 0.024971064814814814