0 0.23472395833333332 0.03962037037037036 0.022370442708333254 0.040768518518518544
0 0.022359375000000004 0.24098148148148146 0.023432942708333293 0.052788194444444464
0 0.2237864583333333 0.26319444444444445 0.017697916666666556 0.04444097222222225
0 0.2381145833333333 0.2758703703703704 0.01092675781250006 0.048153356481481384
0 0.40132291666666664 0.2780185185185185 0.028687499999999963 0.023168981481481516
0 0.2520833333333333 0.3231018518518519 0.012476888020833361 0.04632986111111121
0 0.33803125 0.32628703703703704 0.026071614583333277 0.030538194444444486
0 0.24016666666666667 0.35383333333333333 0.01663281250000009 0.04909606481481488
0 0.2624375 0.3630925925925926 0.022902018229166644 0.031492476851851775
0 0.33610937500000004 0.3879907407407407 0.017694010416666708 0.03340046296296295
0 0.2745208333333334 0.39522222222222225 0.013014322916666644 0.04255902777777789
0 0.24137500000000003 0.3981759259259259 0.021365885416666685 0.046243634259259266
0 0.2661875 0.41588888888888886 0.010941080729166568 0.038908564814814826
2 0.2193854166666667 0.4164629629629629 0.022904947916666647 0.04814004629629633
0 0.25368229166666667 0.4374166666666666 0.012503580729166568 0.03426909722222233
0 0.26892187500000003 0.44852777777777775 0.03381705729166657 0.025944444444444638
0 0.19044270833333332 0.5130185185185184 0.03074316406249989 0.0278229166666666
0 0.14920312500000002 0.5626944444444445 0.03075488281250003 0.04259837962962955
0 0.8211822916666667 0.3097870370370371 0.018253906249999948 0.041760416666666605
0 0.8154583333333333 0.3131851851851852 0.014050455729166699 0.04350983796296288
0 0.7455625 0.36317592592592596 0.028695312500000014 0.034274305555555676
2 0.6928645833333333 0.5005 0.018753906249999966 0.052821180555555555
2 0.5445781249999999 0.7230740740740741 0.017151692708333322 0.04079976851851844
0 0.5757447916666667 0.8070185185185186 0.023962890625000042 0.030603009259259455
0 0.8741979166666667 0.8401111111111111 0.030707031249999992 0.024930555555555515
2 0.79625 0.8453888888888889 0.019808593750000013 0.024037615740740682
2 0.8146927083333334 0.8470092592592593 0.016139322916666643 0.02967476851851845
0 0.8569843749999999 0.8470092592592593 0.02241992187500005 0.02965219907407404
0 0.8332447916666667 0.8512129629629629 0.013524739583333318 0.028699652777777796
0 0.9207656249999999 0.8525370370370371 0.030729817708333346 0.016684027777777735
0 0.8388489583333334 0.8665833333333333 0.02450585937500011 0.019444444444444445
2 0.7724375 0.8733518518518518 0.02297005208333343 0.04910879629629621
0 0.809125 0.879175925925926 0.02861979166666669 0.028678240740740605
2 0.5364583333333334 0.887962962962963 0.013541666666666667 0.03518518518518519
0 0.7855885416666666 0.8929259259259259 0.021375325520833263 0.03058101851851844
0 0.8124791666666666 0.8952222222222223 0.021819010416666628 0.04351967592592595
0 0.6462395833333333 0.8977407407407407 0.024484700520833336 0.045416666666666626
0 0.8394583333333333 0.8978703703703704 0.013514973958333343 0.0444687499999999
2 0.6090833333333333 0.9633240740740739 0.01929882812499996 0.04909953703703696