0 0.0020833333333333333 0.16805555555555557 0.004166666666666667 0.06018518518518518
0 0.05113541666666664 0.3175925925925926 0.02135481770833335 0.04814699074074071
0 0.026479166666666682 0.32025 0.015097656249999977 0.04354513888888884
0 0.03567708333333333 0.34629629629629627 0.009895833333333333 0.044444444444444446
0 0.3079791666666667 0.5310925925925927 0.034372395833333395 0.023196180555555446
2 0.9953125 0.8013888888888889 0.008333333333333333 0.05277777777777778
2 0.7112083333333333 0.840037037037037 0.0182740885416667 0.05464583333333327
0 0.6282916666666668 0.8508333333333333 0.02916927083333327 0.03150925925925924
0 0.7606979166666666 0.8576296296296296 0.01401953125000001 0.04350115740740745
2 0.7797968750000001 0.8656574074074074 0.020823242187500077 0.05367592592592595
0 0.6244791666666667 0.8898796296296296 0.017660156250000014 0.036943287037037094
0 0.6469583333333333 0.9287592592592592 0.01981770833333331 0.04823842592592579
0 0.859375 0.9787037037037037 0.015625 0.040740740740740744