0 0.27133333333333337 0.10298148148148151 0.028128906249999967 0.023168402777777798
0 0.29454166666666665 0.11855555555555558 0.025509440104166715 0.031466435185185174
2 0.04901041666666668 0.18803703703703709 0.02399348958333333 0.048244212962962954
0 0.32745833333333335 0.19079629629629624 0.02446940104166669 0.04807638888888901
0 0.3243020833333333 0.25139814814814815 0.02965755208333327 0.030576388888888924
0 0.28467708333333336 0.2518148148148148 0.020308593750000034 0.023148148148148147
0 0.3047239583333334 0.25996296296296295 0.024991210937499987 0.02410358796296308
0 0.38958333333333334 0.2633796296296297 0.011472005208333276 0.03518055555555545
0 0.2624166666666667 0.2697777777777778 0.02399348958333327 0.03804050925925927
0 0.293828125 0.2903981481481481 0.01822981770833335 0.04529166666666684
0 0.16880208333333335 0.3176111111111111 0.023958007812500053 0.044497685185185085
0 0.30124999999999996 0.35464814814814816 0.016665690104166585 0.044497106481481474
0 0.10431770833333334 0.37723148148148145 0.021345703124999994 0.048986111111111084
0 0.04640625000000001 0.5048148148148148 0.02085091145833336 0.032411458333333316
2 0.08998958333333332 0.5276481481481482 0.018223632812499998 0.05739178240740738
0 0.8084218750000001 0.5179722222222222 0.013529296874999966 0.03978645833333324
2 0.8848072916666666 0.7330925925925926 0.018227213541666624 0.04260069444444441