0 0.4984635416666666 0.032370370370370376 0.030228515625000084 0.03699421296296292
0 0.47329166666666667 0.15704629629629632 0.017178059895833306 0.05369733796296293
0 0.16343229166666665 0.17217592592592593 0.030738932291666642 0.027842592592592637
0 0.26483854166666665 0.24793518518518518 0.02651432291666668 0.029652777777777757
0 0.23228125000000002 0.2559537037037037 0.029117187499999985 0.01950578703703701
0 0.37386458333333333 0.25713888888888886 0.025518880208333292 0.03336921296296301
0 0.40213020833333335 0.2647222222222222 0.028082031249999893 0.033359953703703656
0 0.363734375 0.27988888888888885 0.02604882812499992 0.019416666666666693
0 0.3750104166666667 0.29560185185185184 0.030221679687499996 0.023159722222222266
0 0.24955729166666665 0.2999351851851852 0.02705598958333333 0.027837962962962908
0 0.41973437500000005 0.3004722222222222 0.01662695312499996 0.05098726851851849
0 0.3974114583333333 0.30799074074074073 0.017698567708333356 0.0564525462962963
2 0.3332864583333333 0.34299999999999997 0.02809440104166671 0.03423726851851856
0 0.2853229166666667 0.3513333333333333 0.013011393229166756 0.043512731481481354
0 0.30185937500000004 0.3617592592592592 0.010970052083333333 0.044486111111111074
0 0.316640625 0.38099074074074074 0.012495117187499953 0.04356307870370373
2 0.27647916666666666 0.3916203703703704 0.024990885416666588 0.031568287037037034
0 0.33653125 0.42791666666666667 0.026565104166666607 0.027815393518518392
0 0.09641145833333334 0.4375740740740741 0.02498339843749999 0.01764004629629649
0 0.3198020833333333 0.442675925925926 0.018692708333333266 0.02403587962962964
0 0.4243854166666666 0.4449074074074074 0.022384114583333316 0.05087905092592606
0 0.2967916666666667 0.4449166666666667 0.02240559895833331 0.021273148148148065
0 0.36891145833333333 0.44972222222222225 0.023472656250000057 0.019510416666666634
0 0.2765208333333333 0.4522962962962963 0.022946614583333396 0.023190972222222106
0 0.337671875 0.45236111111111105 0.024458984375000034 0.015812499999999882
0 0.38659375 0.4592037037037038 0.028678385416666667 0.020456018518518495
0 0.48118750000000005 0.4633333333333333 0.022393880208333408 0.04542476851851844
0 0.012192708333333331 0.47398148148148145 0.02083040364583336 0.042619791666666525
0 0.5357135416666666 0.4755277777777778 0.016126627604166544 0.026898148148148105
0 0.3992760416666667 0.47815740740740736 0.027585611979166556 0.02315219907407427
0 0.21064583333333337 0.47890740740740745 0.032289713541666744 0.018508680555555657
0 0.44827083333333334 0.4811388888888889 0.021876627604166525 0.04073842592592609
0 0.25301562499999997 0.4818796296296296 0.029683593750000032 0.015708333333333258
0 0.285703125 0.48418518518518516 0.018227539062500023 0.03887557870370373
0 0.41790625000000003 0.48967592592592596 0.01927604166666678 0.03334143518518536
0 0.29675 0.49699074074074073 0.012514322916666742 0.037012731481481584
0 0.19179166666666667 0.4998333333333334 0.018232421874999953 0.04256018518518511
0 0.3351145833333333 0.5051111111111111 0.031248046874999956 0.01947453703703706
0 0.271609375 0.5068703703703703 0.017203124999999986 0.025023726851851842
0 0.23015624999999998 0.509712962962963 0.014608723958333413 0.03977546296296294
0 0.25240104166666666 0.5223703703703704 0.018229166666666668 0.03792939814814826
0 0.2887552083333333 0.5265092592592593 0.02969368489583329 0.021263310185184993
0 0.46617187499999996 0.5269074074074074 0.015583984374999934 0.03157291666666677
0 0.24219791666666665 0.5293518518518519 0.014557942708333372 0.030539351851851918
0 0.31252604166666664 0.5315185185185185 0.015681640624999934 0.03324074074074083
0 0.3730260416666667 0.5374722222222222 0.033858072916666634 0.023155092592592533
0 0.18435937500000002 0.5375555555555555 0.031198567708333277 0.030462962962963046
0 0.26840625 0.5394444444444445 0.02187565104166668 0.024072916666666642
0 0.24242187500000004 0.5641574074074074 0.0172122395833334 0.043530092592592634
0 0.13347916666666665 0.5676481481481481 0.014594401041666672 0.04268287037037023
0 0.2595677083333333 0.5703240740740741 0.025541015624999965 0.04071469907407403
0 0.03958333333333333 0.575 0.021875 0.04814814814814815
0 0.16656249999999997 0.5804537037037036 0.024969401041666592 0.018569444444444503
2 0.8191041666666666 0.35362037037037036 0.02758007812499995 0.03894560185185183
0 0.6267083333333333 0.370287037037037 0.021880208333333328 0.05743518518518516
0 0.7905416666666667 0.37892592592592594 0.027602539062500025 0.0379716435185186
2 0.3177083333333333 0.8083333333333333 0.20833333333333334 0.3814814814814815
0 0.5708333333333333 0.9879629629629629 0.010416666666666666 0.022222222222222223