0 0.10946354166666665 0.3311018518518518 0.029141276041666588 0.03146296296296287
0 0.26400000000000007 0.41133333333333333 0.031771809895833295 0.028712384259259344
2 0.10944270833333333 0.43429629629629624 0.015593098958333348 0.03143171296296293
0 0.12110416666666665 0.4461481481481482 0.01295833333333339 0.029644675925925835
0 0.08105208333333333 0.45025 0.016164713541666605 0.047228587962962996
0 0.14530208333333333 0.46173148148148146 0.019814778645833305 0.046277777777777585
0 0.15356250000000002 0.4722314814814815 0.028139322916666622 0.036998842592592604
2 0.83984375 0.49166666666666664 0.033854166666666664 0.014814814814814815
0 0.3885416666666667 0.725 0.08984375 0.03796296296296296
0 0.5921875 0.8222222222222222 0.04375 0.06018518518518518
0 0.5859375 0.8421296296296297 0.051041666666666666 0.05185185185185185
0 0.5997395833333333 0.8953703703703704 0.0828125 0.03009259259259259
0 0.13541666666666666 0.6430555555555556 0.08046875 0.04583333333333333