0 0.12005208333333334 0.40185185185185185 0.024479166666666666 0.03333333333333333
0 0.32838541666666665 0.399537037037037 0.018229166666666668 0.03796296296296296
2 0.14740104166666665 0.789425925925926 0.020809895833333297 0.04347106481481462
0 0.6 0.4634259259259259 0.020833333333333332 0.025
0 0.9016770833333333 0.4985370370370371 0.02706445312500018 0.05283680555555548
0 0.761984375 0.5996203703703704 0.013603515625000047 0.032416666666666656
0 0.7383854166666667 0.6007962962962963 0.0255130208333334 0.0351412037037038
0 0.7708072916666667 0.6191018518518518 0.01877539062499996 0.02682870370370383
2 0.7160989583333333 0.6216666666666667 0.018705078124999965 0.05092129629629641
0 0.6870104166666666 0.6235462962962962 0.02394954427083332 0.02496006944444452
2 0.8005 0.6258981481481481 0.020819010416666592 0.03322800925925928
0 0.7459114583333334 0.6440462962962964 0.020854817708333327 0.03423958333333332
2 0.7177552083333334 0.6477314814814814 0.01356770833333331 0.04342476851851858
0 0.907578125 0.7110092592592593 0.010938802083333362 0.06484085648148152
0 0.6736875 0.74125 0.012971354166666652 0.05101504629629635
0 0.6414791666666666 0.8063703703703704 0.016117187499999967 0.03708564814814816