0 0.34878125 0.04317592592592592 0.017214843750000004 0.0555462962962963
0 0.09049479166666667 0.08237037037037037 0.015089192708333362 0.04821527777777782
0 0.26778124999999997 0.3082685185185185 0.02394368489583331 0.029659722222222143
0 0.460859375 0.31475000000000003 0.027604817708333347 0.031511574074074
0 0.246765625 0.3226111111111111 0.020322265624999978 0.030615740740740686
0 0.33002604166666666 0.33202777777777776 0.021382161458333233 0.04812962962962954
0 0.4145052083333333 0.36365740740740743 0.025519856770833252 0.04260243055555545
0 0.370140625 0.4097962962962963 0.02966210937499992 0.025094907407407583
0 0.4439375 0.4114907407407407 0.024998697916666757 0.045427083333333305
0 0.3353229166666667 0.42491666666666666 0.025515625000000004 0.037093749999999974
0 0.37681770833333333 0.43819444444444444 0.02869401041666665 0.032388888888888905
0 0.4181458333333333 0.4474444444444445 0.01510546874999991 0.030564236111111195
0 0.473625 0.4523796296296297 0.021875 0.028750578703703778
2 0.4481875 0.45376851851851857 0.02554361979166669 0.029676504629629705
0 0.37395833333333334 0.4594814814814815 0.020785807291666694 0.023130787037037078
0 0.3807291666666667 0.47584259259259254 0.023982421874999934 0.03145370370370373
0 0.184171875 0.5529907407407407 0.024462890625 0.023155092592592533
0 0.3547708333333333 0.5551481481481481 0.016653320312500004 0.05088020833333328
0 0.36935416666666665 0.5562222222222223 0.020860026041666774 0.05001273148148155
0 0.6769895833333334 0.49699074074074073 0.028640625000000006 0.024092592592592575
0 0.35130208333333335 0.9592592592592593 0.05364583333333333 0.07962962962962963
2 0.7260416666666667 0.8782407407407408 0.04088541666666667 0.09768518518518518