0 0.20677083333333332 0.007407407407407408 0.026041666666666668 0.014814814814814815
0 0.03333333333333333 0.012037037037037037 0.023958333333333335 0.024074074074074074
0 0.3455625 0.02359259259259261 0.028652669270833306 0.030576388888888924
0 0.11914583333333333 0.030166666666666706 0.02761100260416664 0.060232638888889085
0 0.19155729166666668 0.04035185185185189 0.02759440104166663 0.06749652777777779
0 0.31673958333333335 0.04808333333333329 0.012521484374999996 0.05001620370370385
0 0.362734375 0.04874999999999998 0.028684244791666678 0.024982638888888933
0 0.42890625 0.059722222222222225 0.0203125 0.026851851851851852
0 0.345328125 0.0724722222222222 0.01767513020833332 0.062041666666666766
0 0.38681770833333334 0.07807407407407412 0.02029947916666662 0.026874999999999875
0 0.34620833333333334 0.08505555555555556 0.03229036458333331 0.027745370370370295
0 0.31758854166666667 0.09083333333333335 0.0145751953125 0.04447048611111115
0 0.102734375 0.10562037037037042 0.023965494791666705 0.05374999999999996
0 0.27577083333333335 0.10932407407407412 0.02966243489583332 0.016619791666666592
0 0.33770833333333333 0.12514814814814812 0.007822265624999976 0.057374999999999926
0 0.2075260416666667 0.13324074074074072 0.02138085937499999 0.04817476851851868
0 0.4322916666666667 0.13842592592592592 0.013541666666666667 0.03796296296296296
0 0.323109375 0.14451851851851855 0.01875651041666669 0.046336805555555596
0 0.3540625 0.14753703703703708 0.024471028645833334 0.029623263888889067
0 0.4102239583333333 0.14951851851851852 0.022920572916666635 0.02867129629629643
0 0.13130208333333335 0.1614722222222222 0.021892578125000027 0.03984085648148152
0 0.327578125 0.1628240740740741 0.009371419270833315 0.03701562500000006
2 0.08381250000000001 0.18724074074074076 0.020848307291666698 0.04908680555555562
0 0.056463541666666665 0.18862962962962965 0.02186914062500002 0.04260532407407414
0 0.02503645833333333 0.23029629629629633 0.023977864583333345 0.040746527777777694
0 0.4217083333333333 0.3369166666666667 0.025532877604166632 0.04817129629629617
0 0.17210416666666667 0.40696296296296297 0.021381510416666614 0.054670717592592545
0 0.5309895833333333 0.15231481481481482 0.1765625 0.13194444444444445
0 0.8666666666666667 0.1685185185185185 0.17526041666666667 0.12407407407407407
3 0.6682291666666667 0.2523148148148148 0.10885416666666667 0.3824074074074074
0 0.7247395833333333 0.04027777777777778 0.12682291666666667 0.08055555555555556
0 0.48333333333333334 0.40925925925925927 0.0875 0.12037037037037036
0 0.56015625 0.4162037037037037 0.07942708333333333 0.10462962962962963
0 0.28151041666666665 0.5018518518518519 0.018229166666666668 0.06481481481481481
0 0.10792708333333335 0.6401944444444444 0.019809895833333493 0.04357407407407424
0 0.6651874999999999 0.7011574074074074 0.012473958333333358 0.032387731481481476