0 0.032197916666666694 0.3141203703703704 0.023444010416666692 0.049093750000000005
0 0.10286458333333333 0.3272407407407407 0.029735026041666637 0.034200231481481456
0 0.05876562500000002 0.33402777777777776 0.015101888020833225 0.053712962962962955
0 0.11085416666666668 0.403 0.00885156250000006 0.017575231481481525
2 0.058067708333333336 0.4076296296296296 0.025569661458333334 0.04723842592592586
0 0.1481875 0.4242962962962963 0.03172656249999998 0.036127314814814744
0 0.123703125 0.43973148148148145 0.017233723958333277 0.040685185185185026
0 0.1154583333333333 0.462712962962963 0.019246744791666614 0.048163194444444564
0 0.058328125 0.4804537037037037 0.0281494140625 0.02965625000000016
0 0.03836458333333332 0.5454166666666667 0.013007161458333272 0.05374826388888891
0 0.020052083333333335 0.5967592592592592 0.0234375 0.04351851851851852
0 0.005729166666666666 0.6398148148148148 0.011458333333333333 0.02962962962962963
0 0.0026041666666666665 0.6537037037037037 0.005208333333333333 0.03888888888888889
0 0.22527604166666665 0.7739907407407407 0.010893880208333328 0.040684027777777805
0 0.6609375 0.6861111111111111 0.10052083333333334 0.1050925925925926
0 0.9494791666666667 0.7203703703703703 0.0875 0.09907407407407408
1 0.7640625 0.7842592592592592 0.07942708333333333 0.14212962962962963
0 0.9231770833333334 0.837037037037037 0.10364583333333334 0.08842592592592592
0 0.6755208333333333 0.8412037037037037 0.06380208333333333 0.10324074074074074
0 0.5388020833333333 0.8652777777777778 0.065625 0.10740740740740741
0 0.7020833333333333 0.9125 0.11328125 0.07268518518518519
1 0.72265625 0.9768518518518519 0.07057291666666667 0.04583333333333333
0 0.8971354166666666 0.9888888888888889 0.06692708333333333 0.021296296296296296