0 0.303828125 0.23201851851851857 0.021873046874999958 0.03065046296296314
0 0.28715625 0.26272222222222225 0.013540039062500024 0.02776909722222214
0 0.263109375 0.27522222222222226 0.027070638020833235 0.030546874999999914
0 0.25842187499999997 0.2958981481481482 0.01769531250000007 0.037916087962962884
2 0.8793437500000001 0.2511481481481482 0.02812662760416664 0.07685995370370367
0 0.08298437500000003 0.9083981481481482 0.022919270833333272 0.050046875000000074
2 0.46889583333333335 0.9218240740740741 0.018738932291666545 0.05287152777777772
0 0.09157812500000002 0.9246111111111112 0.014060546874999958 0.037915509259259066
0 0.1271770833333333 0.9273888888888889 0.014571289062500032 0.050878472222222026
0 0.18239583333333337 0.9301666666666667 0.027072265624999994 0.037915509259259066
0 0.4569114583333333 0.9713518518518518 0.017702473958333322 0.046342013888888936
0 0.3390104166666667 0.9745925925925926 0.03489355468750001 0.03615682870370376
0 0.31015625 0.9893518518518518 0.013020833333333334 0.019444444444444445
0 0.6474791666666666 0.9425092592592592 0.013528645833333405 0.0314525462962963