0 0.1052517361111111 0.5611979166666666 0.015407986111111112 0.016927083333333332
0 0.2894965277777778 0.11906828703703703 0.015625 0.023148148148148147
0 0.1410590277777778 0.2337962962962963 0.016493055555555556 0.03009259259259259
0 0.2819010416666667 0.2465277777777778 0.012369791666666666 0.02531828703703704
0 0.2918836805555556 0.25376157407407407 0.007595486111111111 0.027488425925925927
0 0.4060329861111111 0.25491898148148145 0.019965277777777776 0.013165509259259259
0 0.3016493055555556 0.2806712962962963 0.008680555555555556 0.026475694444444444
0 0.3617621527777778 0.2824074074074074 0.018229166666666668 0.017361111111111112
0 0.2934027777777778 0.2981770833333333 0.01171875 0.027922453703703703
0 0.3090277777777778 0.3033854166666667 0.016059027777777776 0.017939814814814815
0 0.3604600694444444 0.3175636574074074 0.012369791666666666 0.019097222222222224
0 0.3174913194444444 0.32175925925925924 0.009114583333333334 0.024305555555555556
0 0.2942708333333333 0.3233506944444444 0.014973958333333334 0.026331018518518517
0 0.3116319444444444 0.33347800925925924 0.007595486111111111 0.022135416666666668
2 0.2788628472222222 0.3337673611111111 0.016059027777777776 0.027488425925925927
0 0.3029513888888889 0.34577546296296297 0.008680555555555556 0.01953125
0 0.3135850694444444 0.3521412037037037 0.023654513888888888 0.014756944444444444
0 0.2586805555555556 0.3888888888888889 0.021484375 0.015914351851851853
0 0.22981770833333334 0.4171006944444444 0.021484375 0.024305555555555556
0 0.08289930555555555 0.4720775462962963 0.013888888888888888 0.014756944444444444
2 0.2608506944444444 0.4934895833333333 0.011935763888888888 0.03226273148148148
0 0.4216579861111111 0.5234375 0.020399305555555556 0.029079861111111112
0 0.7886284722222222 0.34620949074074076 0.009331597222222222 0.015335648148148149
2 0.9312065972222222 0.7916666666666666 0.007595486111111111 0.02068865740740741
0 0.8359375 0.8094618055555556 0.008680555555555556 0.011574074074074073
0 0.8233506944444444 0.82421875 0.005642361111111111 0.014322916666666666
0 0.8910590277777778 0.8796296296296297 0.005208333333333333 0.027922453703703703