0 0.1828125 0.02638888888888889 0.020833333333333332 0.05277777777777778
0 0.06611979166666666 0.03389814814814816 0.014529296874999946 0.042578703703703716
0 0.27073437499999997 0.2349166666666667 0.014046223958333333 0.04720370370370372
0 0.260671875 0.2942314814814815 0.017185546875000075 0.04072916666666662
0 0.28890625000000003 0.2964074074074074 0.01406901041666669 0.03331944444444435
0 0.24764583333333334 0.3002685185185185 0.010911458333333356 0.042576388888888955
0 0.26288541666666665 0.3157685185185185 0.01824414062499997 0.04448495370370375
2 0.22459375 0.3165092592592593 0.02498307291666665 0.03523032407407422
0 0.20604166666666668 0.33912037037037035 0.016124348958333336 0.05647569444444453
0 0.2625 0.3469814814814815 0.02390820312499997 0.03431712962962963
0 0.50078125 0.0060185185185185185 0.022395833333333334 0.012037037037037037
0 0.9033020833333334 0.25593518518518515 0.023955078124999928 0.036055555555555396
0 0.8486927083333333 0.26364814814814813 0.028621419270833334 0.031473379629629664
0 0.7603281249999999 0.7542407407407408 0.021359374999999996 0.043613425925926104
0 0.8060833333333333 0.760712962962963 0.021330078124999947 0.04176157407407425
0 0.8573958333333334 0.7796944444444445 0.031238932291666664 0.022269097222222298
0 0.7947916666666667 0.7878796296296297 0.013565104166666704 0.04071238425925917
2 0.6336614583333334 0.884 0.018198567708333377 0.06112384259259266
0 0.9890104166666667 0.923962962962963 0.015108723958333315 0.05375347222222204
2 0.7283802083333334 0.9599166666666668 0.019222005208333334 0.0685289351851852