0 0.36607615018508727 0.44971955128205127 0.008064516129032258 0.017427884615384616
0 0.1557377049180328 0.12780448717948717 0.0059492332099418295 0.022636217948717948
0 0.2053146483342147 0.14563301282051283 0.01044420941300899 0.025240384615384616
0 0.21390798519301957 0.16686698717948717 0.009386567953463775 0.026642628205128204
0 0.22289793759915388 0.16686698717948717 0.009386567953463775 0.022235576923076924
0 0.22607086197778953 0.2311698717948718 0.0062136435748281335 0.021834935897435896
0 0.034108937070333155 0.2520032051282051 0.010179799048122686 0.020833333333333332
0 0.23016922263352724 0.25801282051282054 0.008857747223691169 0.021834935897435896
0 0.2127181385510312 0.2588141025641026 0.015335801163405606 0.010016025641025642
0 0.22527763088313063 0.26622596153846156 0.010973030142781597 0.020833333333333332
0 0.21073506081438392 0.27363782051282054 0.0062136435748281335 0.017427884615384616
2 0.22501322051824432 0.28365384615384615 0.01044420941300899 0.025240384615384616
0 0.09505552617662612 0.2870592948717949 0.009122157588577472 0.021434294871794872
0 0.19592808038075094 0.2954727564102564 0.009386567953463775 0.014022435897435898
0 0.18601269169751455 0.32051282051282054 0.007271285034373348 0.026642628205128204
0 0.17675832892649393 0.3271233974358974 0.0112374405076679 0.016025641025641024
2 0.2102062400846113 0.37520032051282054 0.013484928609201481 0.022636217948717948
0 0.05156002115282919 0.3880208333333333 0.00965097831835008 0.019631410256410256
0 0.6916975145425701 0.2437900641025641 0.014013749338974087 0.015224358974358974
0 0.20055526176626123 0.7447916666666666 0.0062136435748281335 0.013621794871794872
0 0.8191433104177683 0.6454326923076923 0.1343204653622422 0.35096153846153844