0 0.02999999999999998 0.19705950991831972 0.015613525390624971 0.01517612310385066
0 0.2563359375 0.21903150525087514 0.020298339843750134 0.033292736289381515
0 0.15156640625 0.2827246207701284 0.010202636718750036 0.020425904317386227
0 0.1338671875 0.28346557759626606 0.01913476562500005 0.022142648774795857
0 0.013328125000000001 0.2836872812135356 0.018761962890625018 0.03792845682613774
0 0.15818359375000002 0.295 0.014100585937499943 0.016890315052508778
2 0.11715234374999998 0.29661610268378064 0.014045654296875033 0.032087222870478514
0 0.09533593749999998 0.29780046674445737 0.017955566406249977 0.015702304550758422
2 0.18045312500000002 0.29928238039673283 0.015619628906249971 0.020970317969661617
0 0.13951171874999999 0.3107176196032672 0.015633056640624955 0.021580732205367492
2 0.11839453125000002 0.31303967327887977 0.010175781249999983 0.027362164527421275
0 0.26076171875 0.35291131855309216 0.00820410156250002 0.040856549008168055
0 0.08534375000000001 0.37196616102683777 0.00974707031249995 0.032116759043173876
0 0.06118749999999999 0.4129988331388565 0.012098632812500032 0.023352537922987235
2 0.64771484375 0.33881563593932323 0.014450927734374997 0.0350102100350058
0 0.128125 0.911026837806301 0.25625 0.14294049008168028