0 0.45625 0.5949074074074074 0.0296875 0.04027777777777778
0 0.5778645833333333 0.6074074074074074 0.05520833333333333 0.02546296296296296
0 0.6510416666666666 0.6162037037037037 0.036458333333333336 0.03796296296296296
0 0.39557291666666666 0.637962962962963 0.03411458333333333 0.015277777777777777
0 0.353125 0.6416666666666667 0.025520833333333333 0.02175925925925926
0 0.4356770833333333 0.6430555555555556 0.037760416666666664 0.03564814814814815
0 0.58828125 0.6601851851851852 0.027083333333333334 0.03981481481481482
0 0.4166666666666667 0.6689814814814815 0.021614583333333333 0.04259259259259259
0 0.4015625 0.6819444444444445 0.020052083333333335 0.04027777777777778
0 0.5276041666666667 0.6833333333333333 0.026041666666666668 0.04675925925925926
0 0.5625 0.687962962962963 0.01640625 0.059722222222222225
0 0.4708333333333333 0.6888888888888889 0.0375 0.021296296296296296
0 0.44817708333333334 0.7046296296296296 0.023177083333333334 0.038425925925925926
0 0.47421875 0.7189814814814814 0.024479166666666666 0.03194444444444444
0 0.4505208333333333 0.7416666666666667 0.016666666666666666 0.03009259259259259
0 0.38723958333333336 0.7435185185185185 0.015625 0.029166666666666667
0 0.41302083333333334 0.774074074074074 0.01484375 0.031018518518518518
0 0.43411458333333336 0.7759259259259259 0.020052083333333335 0.03425925925925926
2 0.18541666666666667 0.7976851851851852 0.0234375 0.037037037037037035
0 0.3421875 0.8083333333333333 0.023958333333333335 0.024537037037037038
0 0.52265625 0.5504629629629629 0.018229166666666668 0.062037037037037036
0 0.4317708333333333 0.8842592592592593 0.020572916666666666 0.032407407407407406
0 0.5385416666666667 0.899074074074074 0.031510416666666666 0.028703703703703703
0 0.48046875 0.5574074074074075 0.04895833333333333 0.03009259259259259
0 0.5442708333333334 0.9199074074074074 0.03333333333333333 0.020833333333333332
0 0.40625 0.9277777777777778 0.017708333333333333 0.022685185185185187
0 0.13958333333333334 0.9393518518518519 0.022135416666666668 0.043055555555555555
0 0.48125 0.9592592592592593 0.042708333333333334 0.049074074074074076
0 0.4036458333333333 0.9763888888888889 0.03125 0.02546296296296296
0 0.822875 0.9045555555555557 0.05834895833333332 0.15829629629629632