0 0.24808333333333335 0.01875 0.02549414062499989 0.02409490740740744
2 0.12532812499999998 0.05346296296296297 0.01613085937499991 0.04815682870370379
0 0.24639583333333334 0.08937037037037035 0.0187376302083333 0.025090277777777642
0 0.2738697916666667 0.09287962962962958 0.008344726562500071 0.03054398148148144
0 0.28218229166666664 0.09895370370370371 0.009897786458333257 0.03241319444444457
0 0.29451041666666666 0.10734259259259255 0.01296940104166661 0.05003587962962957
0 0.20257291666666669 0.11052777777777778 0.026022135416666713 0.02493287037037038
0 0.23540104166666667 0.11128703703703709 0.02290787760416665 0.020385416666666784
0 0.25527083333333334 0.11366666666666665 0.012514973958333423 0.04164988425925921
0 0.22381250000000003 0.1326944444444444 0.02447428385416662 0.02130092592592603
0 0.2071979166666667 0.18169444444444446 0.02239322916666673 0.03425173611111105
0 0.142171875 0.2356944444444444 0.024974283854166637 0.03245196759259262
0 0.28038541666666666 0.3986388888888889 0.02812662760416664 0.06578240740740747
2 0.728125 0.2916666666666667 0.13567708333333334 0.12638888888888888
0 0.016666666666666666 0.7074074074074074 0.03333333333333333 0.14074074074074075
3 0.24010416666666667 0.7175925925925926 0.06302083333333333 0.1476851851851852
0 0.35885416666666664 0.5152777777777777 0.03229166666666667 0.05092592592592592
0 0.28619791666666666 0.5203703703703704 0.05625 0.060648148148148145
0 0.025260416666666667 0.9203703703703704 0.050520833333333334 0.09027777777777778
0 0.22083333333333333 0.9300925925925926 0.06302083333333333 0.050462962962962966
0 0.39895833333333336 0.9407407407407408 0.0578125 0.05555555555555555
0 0.05703125 0.537962962962963 0.04739583333333333 0.07268518518518519
0 0.44296875 0.9657407407407408 0.022395833333333334 0.06666666666666667
0 0.14348958333333334 0.5393518518518519 0.05130208333333333 0.09907407407407408
0 0.20546875 0.5546296296296296 0.054947916666666666 0.08842592592592592
0 0.023697916666666666 0.5763888888888888 0.04296875 0.1111111111111111
0 0.32578125 0.6236111111111111 0.05703125 0.04490740740740741
0 0.09947916666666666 0.5037037037037037 0.03333333333333333 0.027777777777777776
0 0.46197916666666666 0.8777777777777778 0.004166666666666667 0.03333333333333333