0 0.21256250000000002 0.07186111111111113 0.02709928385416672 0.04999363425925923
0 0.05819791666666667 0.09485185185185185 0.023453124999999984 0.049137731481481504
0 0.2920052083333333 0.1254074074074074 0.017216145833333366 0.05098842592592592
2 0.23670312500000001 0.15025 0.021328450520833306 0.05464120370370375
0 0.3753489583333333 0.20950925925925926 0.013033528645833433 0.04165509259259255
0 0.37804166666666666 0.251787037037037 0.01510579427083331 0.04996990740740738
0 0.11324479166666666 0.2599537037037037 0.013545898437499974 0.053713541666666594
0 0.4816197916666667 0.2625833333333333 0.01821875000000001 0.05371238425925932
0 0.326125 0.28711111111111115 0.012486653645833339 0.04819618055555545
2 0.382234375 0.3592222222222223 0.023959960937499976 0.031459490740740684
0 0.3945989583333333 0.3620092592592593 0.015102213541666624 0.02954166666666664
0 0.3476197916666666 0.3622314814814815 0.019240885416666607 0.03984606481481486
2 0.358828125 0.37892592592592594 0.02498828124999998 0.033359375000000045
2 0.32141145833333334 0.38998148148148143 0.026029296874999965 0.027758101851851843
0 0.45739062500000005 0.4073148148148148 0.02085546875000001 0.035239583333333255
0 0.41164062500000004 0.4099351851851852 0.017709309895833414 0.046303819444444505
0 0.28480208333333334 0.44619444444444445 0.025514973958333444 0.027831018518518626
0 0.373875 0.4468148148148148 0.020311197916666756 0.028749421296296346
0 0.31709895833333335 0.5614629629629629 0.015101562500000061 0.056505787037037146
0 0.19216145833333334 0.6727129629629629 0.010389973958333283 0.04726388888888896
0 0.21848958333333332 0.7 0.0234375 0.037037037037037035
0 0.4549479166666667 0.899537037037037 0.15885416666666666 0.15555555555555556