0 0.09244791666666667 0.027388888888888928 0.030705403645833348 0.028751736111111002
0 0.12994791666666666 0.04574999999999997 0.021377929687499984 0.03799131944444454
2 0.09591666666666665 0.08125 0.031277343750000006 0.035166666666666686
0 0.15807812499999999 0.08510185185185182 0.027650390624999945 0.029685185185185346
0 0.13551041666666663 0.08849074074074079 0.01872526041666672 0.028797453703703645
0 0.09461458333333332 0.1383333333333333 0.020325846354166663 0.026879050925925782
0 0.07369270833333334 0.15947222222222224 0.0202880859375 0.039806712962962995
0 0.10338020833333333 0.16625925925925922 0.016169921874999934 0.028749421296296346
0 0.031062499999999993 0.1866296296296296 0.029673828124999937 0.03604745370370379
0 0.10963541666666667 0.1866296296296296 0.029640624999999924 0.03046412037037027
0 0.452 0.26951851851851855 0.023434244791666597 0.0463923611111111
2 0.4585989583333333 0.35362037037037036 0.01818294270833339 0.031424768518518546
2 0.43385416666666665 0.3662037037037037 0.008333333333333333 0.03611111111111111
0 0.4742239583333333 0.37305555555555553 0.017233723958333277 0.04079513888888881
2 0.309375 0.5962962962962963 0.15026041666666667 0.1699074074074074