0 0.29117187499999997 0.1045925925925926 0.030228515625000084 0.03699421296296292
0 0.266 0.22926851851851854 0.017178059895833306 0.05369733796296293
0 0.057546875000000004 0.3201574074074074 0.02651432291666668 0.029652777777777757
0 0.024989583333333343 0.3281759259259259 0.029141927083333265 0.01947511574074078
0 0.16657291666666668 0.3293611111111111 0.025519856770833252 0.03335127314814812
0 0.19483854166666667 0.33694444444444444 0.028103515625000006 0.033346643518518494
0 0.15644270833333335 0.3521111111111111 0.02604882812499992 0.019416666666666693
0 0.16771875 0.3678240740740741 0.030235026041666658 0.023171296296296277
0 0.04226562499999999 0.37215740740740744 0.02705598958333333 0.027837962962962908
0 0.2124427083333334 0.37269444444444444 0.01662695312499996 0.05098726851851849
0 0.19011979166666665 0.380212962962963 0.017698567708333356 0.0564525462962963
2 0.12599479166666666 0.4152222222222222 0.028109700520833412 0.03424826388888886
0 0.07803125000000002 0.4235555555555556 0.01300195312500006 0.04350694444444451
0 0.09456770833333336 0.43398148148148147 0.010970052083333333 0.044486111111111074
0 0.10934895833333336 0.453212962962963 0.012495117187499953 0.04356307870370373
2 0.06918750000000001 0.46384259259259264 0.024990885416666588 0.031568287037037034
0 0.12923958333333332 0.5001388888888889 0.02656770833333333 0.027853009259259216
0 0.11251041666666665 0.5148981481481482 0.018692708333333266 0.02403587962962964
0 0.21709374999999997 0.5171296296296296 0.022384114583333316 0.05087905092592606
0 0.08950000000000001 0.5171388888888889 0.022415364583333406 0.021250000000000043
0 0.16161979166666665 0.5219444444444444 0.02345507812500003 0.01947743055555554
0 0.06922916666666665 0.5245185185185185 0.022946614583333396 0.023190972222222106
0 0.13038020833333336 0.5245833333333333 0.024458984375000034 0.015812499999999882
0 0.17930208333333333 0.531425925925926 0.028662109375 0.020413194444444328
0 0.2738958333333334 0.5355555555555556 0.02239485677083337 0.0453975694444443
0 0.328421875 0.5477500000000001 0.016126627604166544 0.026898148148148105
0 0.191984375 0.5503796296296296 0.02756705729166657 0.023156250000000177
0 0.009895833333333333 0.5513888888888889 0.019791666666666666 0.019444444444444445
0 0.2409791666666667 0.5533611111111111 0.021876627604166525 0.04073842592592609
0 0.045723958333333314 0.5541018518518518 0.029679687500000065 0.015675925925925985
0 0.07841145833333331 0.5564074074074074 0.018227539062500023 0.03887557870370373
0 0.21061458333333338 0.5618981481481482 0.019273437500000056 0.03333738425925945
0 0.08945833333333333 0.569212962962963 0.012514322916666742 0.037012731481481584
0 0.12782291666666665 0.5773333333333334 0.031248046874999956 0.01947453703703706
0 0.06432291666666666 0.5773148148148148 0.018229166666666668 0.023148148148148147
0 0.02265625 0.575462962962963 0.015104166666666667 0.026851851851851852
0 0.0453125 0.5819444444444445 0.01875 0.013888888888888888
0 0.6736979166666667 0.3023148148148148 0.12760416666666666 0.12129629629629629
0 0.28203125 0.6203703703703703 0.09010416666666667 0.06111111111111111
2 0.879671875 0.9292222222222222 0.018698567708333277 0.04723726851851864