0 0.06585937500000003 0.05921296296296295 0.030782552083333314 0.03895486111111111
0 0.050406249999999986 0.16321296296296295 0.026572916666666658 0.03983912037037037
0 0.23960416666666665 0.3501296296296296 0.019746744791666635 0.03799537037037044
0 0.21995833333333337 0.3506111111111111 0.019257161458333272 0.05274074074074057
0 0.27621875 0.3676481481481481 0.02812011718750007 0.024122685185185195
0 0.22344791666666666 0.3872777777777778 0.020834309895833295 0.0240711805555556
0 0.19618229166666665 0.39131481481481484 0.025503580729166586 0.037028935185185005
0 0.32302083333333337 0.4286111111111111 0.024979166666666684 0.025980324074074
0 0.14582291666666666 0.44928703703703704 0.03442513020833336 0.026866898148148265
0 0.08800000000000002 0.45452777777777775 0.014609374999999977 0.05187789351851856
0 0.028125 0.4828703703703704 0.017708333333333333 0.012037037037037037
0 0.18828125 0.4828703703703704 0.021354166666666667 0.012037037037037037
2 0.9828177083333334 0.11072222222222226 0.020786458333333258 0.043423611111110934
0 0.22864583333333333 0.5828703703703704 0.07239583333333334 0.052314814814814814
0 0.010677083333333334 0.5893518518518519 0.021354166666666667 0.03935185185185185
0 0.12473958333333333 0.6472222222222223 0.037760416666666664 0.11435185185185186
0 0.04140625 0.6675925925925926 0.08255208333333333 0.052314814814814814
0 0.17994791666666668 0.6939814814814815 0.0875 0.04583333333333333
0 0.03567708333333333 0.5120370370370371 0.07135416666666666 0.04398148148148148
0 0.22552083333333334 0.5152777777777777 0.075 0.05092592592592592
0 0.1265625 0.7685185185185185 0.03203125 0.10092592592592593
0 0.25338541666666664 0.7976851851851852 0.028385416666666666 0.0962962962962963
2 0.18203125 0.8231481481481482 0.07083333333333333 0.05277777777777778
0 0.027604166666666666 0.8518518518518519 0.03359375 0.10972222222222222
0 0.10364583333333334 0.8550925925925926 0.06067708333333333 0.0875
0 0.21770833333333334 0.9319444444444445 0.055989583333333336 0.09490740740740741
0 0.04244791666666667 0.9439814814814815 0.08463541666666667 0.05694444444444444
0 0.140625 0.9537037037037037 0.06614583333333333 0.08101851851851852
0 0.07265625 0.5398148148148149 0.0484375 0.1