0 0.31692708333333336 0.002777777777777778 0.024479166666666666 0.005555555555555556
0 0.23957291666666666 0.07585185185185192 0.02495052083333332 0.03894675925925926
0 0.27131249999999996 0.11562037037037037 0.023934895833333414 0.036981481481481324
0 0.1528385416666667 0.11998148148148152 0.024532552083333315 0.04176273148148147
0 0.32057291666666665 0.12083333333333333 0.0171875 0.017592592592592594
0 0.17671874999999998 0.1315555555555556 0.0197874348958333 0.03708449074074093
0 0.3223958333333333 0.16157407407407406 0.013541666666666667 0.041666666666666664
0 0.28596354166666665 0.16234259259259262 0.03122460937500004 0.02776099537037053
0 0.3171875 0.1986111111111111 0.023958333333333335 0.03425925925925926
0 0.289640625 0.20016666666666663 0.029123046874999996 0.03059259259259277
0 0.2985833333333333 0.20710185185185181 0.013020182291666653 0.052780092592592434
2 0.07148958333333333 0.2525277777777778 0.026048502604166638 0.038895833333333275
0 0.21586979166666667 0.2736666666666666 0.029738932291666725 0.0306458333333332
0 0.11777083333333334 0.2804537037037037 0.030192057291666668 0.025951967592592634
0 0.24764583333333334 0.30221296296296296 0.022420898437500014 0.04539583333333326
0 0.1799322916666667 0.3130092592592592 0.027552734374999943 0.026015046296296345
0 0.49765625 0.449537037037037 0.025520833333333333 0.03796296296296296
0 0.04652083333333336 0.5508425925925926 0.029164062500000063 0.029658564814814815