2 0.6422326148840992 0.32051282051282054 0.011996746644977633 0.014102564102564103
0 0.6306425376169175 0.32211538461538464 0.009658397722651485 0.015705128205128205
0 0.6117324115494104 0.3282051282051282 0.00955673037820252 0.015384615384615385
0 0.6212891419276129 0.3310897435897436 0.01087840585603904 0.016346153846153847
0 0.6848312322082147 0.33205128205128204 0.011793411956079707 0.03108974358974359
0 0.5596787311915413 0.3342948717948718 0.011793411956079707 0.01955128205128205
0 0.6319642130947539 0.3349358974358974 0.0073200488003253355 0.016025641025641024
0 0.6226108174054493 0.3474358974358974 0.011183407889385929 0.025
0 0.5500203334688898 0.35224358974358977 0.012098413989426597 0.028205128205128206
0 0.5912972753151687 0.36153846153846153 0.019825132167547783 0.014102564102564103
0 0.532940219601464 0.3875 0.017791785278568523 0.01891025641025641
2 0.6256608377389182 0.8092948717948718 0.012098413989426597 0.01891025641025641