0 0.7666666666666667 0.18425925925925926 0.0109375 0.025925925925925925
0 0.7875 0.19166666666666668 0.017447916666666667 0.009722222222222222
0 0.8924479166666667 0.19444444444444445 0.006510416666666667 0.03148148148148148
0 0.9268229166666667 0.19583333333333333 0.01640625 0.01712962962962963
0 0.7997395833333333 0.2023148148148148 0.012760416666666666 0.027314814814814816
0 0.8479166666666667 0.20324074074074075 0.010677083333333334 0.025
0 0.6197916666666666 0.20694444444444443 0.016666666666666666 0.014351851851851852
0 0.7424479166666667 0.20833333333333334 0.008854166666666666 0.025925925925925925
0 0.5578125 0.21435185185185185 0.013020833333333334 0.014814814814814815
0 0.9354166666666667 0.21712962962962962 0.01015625 0.027314814814814816
0 0.6393229166666666 0.21944444444444444 0.015364583333333333 0.014351851851851852
0 0.9895833333333334 0.22962962962962963 0.01875 0.033796296296296297
0 0.7559895833333333 0.24212962962962964 0.0109375 0.03009259259259259
0 0.6755208333333333 0.025925925925925925 0.015104166666666667 0.026851851851851852
0 0.6231770833333333 0.24537037037037038 0.008854166666666666 0.03981481481481482
0 0.8544270833333333 0.24722222222222223 0.01015625 0.018518518518518517
0 0.8432291666666667 0.26064814814814813 0.010677083333333334 0.018518518518518517
0 0.8838541666666667 0.26435185185185184 0.01640625 0.010185185185185186
0 0.7622395833333333 0.2759259259259259 0.008333333333333333 0.018518518518518517
0 0.9630208333333333 0.2791666666666667 0.02265625 0.019444444444444445
0 0.5927083333333333 0.2791666666666667 0.013541666666666667 0.018518518518518517
0 0.6885416666666667 0.2796296296296296 0.0078125 0.018055555555555554
0 0.8158854166666667 0.28425925925925927 0.0171875 0.018518518518518517
0 0.8942708333333333 0.28564814814814815 0.014322916666666666 0.022222222222222223
0 0.56640625 0.2884259259259259 0.014322916666666666 0.018518518518518517
0 0.9625 0.29259259259259257 0.013541666666666667 0.020833333333333332
0 0.80234375 0.29398148148148145 0.016145833333333335 0.018518518518518517
0 0.82734375 0.030555555555555555 0.009375 0.014814814814814815
0 0.8703125 0.30185185185185187 0.012239583333333333 0.020833333333333332
0 0.81875 0.03194444444444444 0.009375 0.03657407407407407
0 0.9028645833333333 0.3162037037037037 0.0140625 0.02638888888888889
0 0.7184895833333333 0.32175925925925924 0.015625 0.022685185185185187
0 0.6111979166666667 0.32407407407407407 0.017708333333333333 0.01990740740740741
0 0.66875 0.32546296296296295 0.00625 0.02361111111111111
0 0.5484375 0.3287037037037037 0.008854166666666666 0.034722222222222224
0 0.525 0.3287037037037037 0.014583333333333334 0.022685185185185187
0 0.75078125 0.3296296296296296 0.00859375 0.029166666666666667
0 0.8744791666666667 0.3333333333333333 0.014583333333333334 0.021296296296296296
0 0.6161458333333333 0.3416666666666667 0.014583333333333334 0.016666666666666666
0 0.6526041666666667 0.3425925925925926 0.016666666666666666 0.01712962962962963
0 0.6778645833333333 0.3472222222222222 0.012760416666666666 0.013888888888888888
0 0.7463541666666667 0.03564814814814815 0.005989583333333334 0.011574074074074073
0 0.7182291666666667 0.350462962962963 0.009375 0.018518518518518517
0 0.83828125 0.35185185185185186 0.0046875 0.021296296296296296
0 0.8846354166666667 0.3523148148148148 0.015885416666666666 0.02638888888888889
0 0.8252604166666667 0.36203703703703705 0.005729166666666666 0.024074074074074074
0 0.5752604166666667 0.36712962962962964 0.01015625 0.031018518518518518
0 0.6723958333333333 0.3699074074074074 0.005729166666666666 0.018518518518518517
0 0.9481770833333333 0.37083333333333335 0.0171875 0.018518518518518517
0 0.8361979166666667 0.37546296296296294 0.013541666666666667 0.02361111111111111
0 0.5567708333333333 0.37592592592592594 0.014322916666666666 0.022222222222222223
0 0.6111979166666667 0.3819444444444444 0.016666666666666666 0.02361111111111111
0 0.8666666666666667 0.38657407407407407 0.009635416666666667 0.030555555555555555
0 0.5856770833333333 0.39490740740740743 0.007291666666666667 0.013425925925925926
0 0.921875 0.39490740740740743 0.01953125 0.02361111111111111
0 0.6955729166666667 0.39537037037037037 0.00625 0.044444444444444446
0 0.8005208333333333 0.3976851851851852 0.014583333333333334 0.028703703703703703
0 0.52421875 0.4 0.0125 0.02175925925925926
0 0.7705729166666667 0.4009259259259259 0.01875 0.020370370370370372
0 0.5028645833333333 0.40185185185185185 0.005729166666666666 0.018518518518518517
0 0.7825520833333334 0.40555555555555556 0.0171875 0.02175925925925926
0 0.8348958333333333 0.4115740740740741 0.01328125 0.01898148148148148
0 0.9005208333333333 0.412962962962963 0.0203125 0.01990740740740741
0 0.6622395833333333 0.41388888888888886 0.014322916666666666 0.018055555555555554
0 0.7421875 0.4199074074074074 0.007552083333333333 0.03194444444444444
0 0.55546875 0.42824074074074076 0.016666666666666666 0.015277777777777777
0 0.9684895833333333 0.4300925925925926 0.008333333333333333 0.013888888888888888
0 0.7778645833333333 0.44351851851851853 0.008072916666666667 0.01898148148148148
0 0.8169270833333333 0.44722222222222224 0.018229166666666668 0.017592592592592594
0 0.9239583333333333 0.4532407407407407 0.013541666666666667 0.017592592592592594
0 0.7619791666666667 0.4550925925925926 0.013802083333333333 0.01712962962962963
0 0.6716145833333333 0.047685185185185185 0.014322916666666666 0.018518518518518517
0 0.6447916666666667 0.4699074074074074 0.016145833333333335 0.01990740740740741
0 0.7369791666666666 0.4708333333333333 0.016927083333333332 0.022222222222222223
0 0.63515625 0.47129629629629627 0.012760416666666666 0.01712962962962963
0 0.5791666666666667 0.4777777777777778 0.015364583333333333 0.03425925925925926
0 0.87734375 0.4787037037037037 0.010416666666666666 0.018055555555555554
0 0.8270833333333333 0.48055555555555557 0.018489583333333334 0.01712962962962963
0 0.9231770833333334 0.4810185185185185 0.015364583333333333 0.026851851851851852
0 0.93828125 0.48194444444444445 0.013802083333333333 0.019444444444444445
0 0.85390625 0.48194444444444445 0.013020833333333334 0.01712962962962963
0 0.6122395833333333 0.48333333333333334 0.01171875 0.03564814814814815
0 0.80703125 0.4847222222222222 0.015364583333333333 0.01898148148148148
0 0.959375 0.487962962962963 0.021875 0.01574074074074074
0 0.9348958333333334 0.487962962962963 0.009895833333333333 0.02962962962962963
0 0.60234375 0.49166666666666664 0.010416666666666666 0.03148148148148148
0 0.915625 0.4925925925925926 0.010677083333333334 0.025
0 0.7588541666666667 0.49537037037037035 0.010677083333333334 0.023148148148148147
0 0.7723958333333333 0.4962962962962963 0.013020833333333334 0.012037037037037037
0 0.95546875 0.49675925925925923 0.009895833333333333 0.020833333333333332
0 0.52734375 0.5041666666666667 0.009635416666666667 0.014814814814814815
0 0.8528645833333334 0.5111111111111111 0.014583333333333334 0.03194444444444444
0 0.9596354166666666 0.5203703703703704 0.008333333333333333 0.014351851851851852
0 0.79765625 0.5208333333333334 0.005729166666666666 0.016666666666666666
0 0.7216145833333333 0.5236111111111111 0.017447916666666667 0.012037037037037037
0 0.9088541666666666 0.525 0.01640625 0.014351851851851852
0 0.5799479166666667 0.5254629629629629 0.01875 0.018055555555555554
0 0.7375 0.5314814814814814 0.007552083333333333 0.02361111111111111
0 0.7903645833333334 0.5333333333333333 0.005989583333333334 0.020833333333333332
0 0.8359375 0.5333333333333333 0.015364583333333333 0.02638888888888889
0 0.71796875 0.5347222222222222 0.01015625 0.017592592592592594
0 0.6018229166666667 0.5365740740740741 0.008072916666666667 0.025925925925925925
0 0.6255208333333333 0.5416666666666666 0.015885416666666666 0.018055555555555554
0 0.7671875 0.5462962962962963 0.015885416666666666 0.016203703703703703
0 0.91328125 0.5462962962962963 0.006510416666666667 0.013888888888888888
0 0.63828125 0.5555555555555556 0.013020833333333334 0.017592592592592594
0 0.6072916666666667 0.05648148148148148 0.007552083333333333 0.02361111111111111
0 0.57890625 0.5657407407407408 0.012760416666666666 0.03009259259259259
0 0.6763020833333333 0.5708333333333333 0.00859375 0.017592592592592594
0 0.6466145833333333 0.5740740740740741 0.015885416666666666 0.01574074074074074
0 0.86640625 0.575 0.008333333333333333 0.018518518518518517
0 0.7166666666666667 0.5791666666666667 0.008333333333333333 0.012037037037037037
0 0.8028645833333333 0.5856481481481481 0.0140625 0.015277777777777777
0 0.6046875 0.5893518518518519 0.01015625 0.012037037037037037
0 0.8494791666666667 0.06018518518518518 0.009114583333333334 0.013425925925925926
0 0.7708333333333334 0.06018518518518518 0.016927083333333332 0.013425925925925926
0 0.70546875 0.6018518518518519 0.011197916666666667 0.010648148148148148
0 0.6177083333333333 0.6013888888888889 0.011458333333333333 0.013888888888888888
0 0.5973958333333333 0.6032407407407407 0.009375 0.010185185185185186
0 0.9729166666666667 0.007407407407407408 0.01796875 0.014814814814814815
0 0.8109375 0.008333333333333333 0.013541666666666667 0.016666666666666666
0 0.9888020833333333 0.07546296296296297 0.016666666666666666 0.020833333333333332
0 0.709375 0.0763888888888889 0.017447916666666667 0.014814814814814815
0 0.8783854166666667 0.07731481481481481 0.007291666666666667 0.018518518518518517
0 0.55078125 0.07962962962962963 0.014583333333333334 0.0125
0 0.975 0.08148148148148149 0.016666666666666666 0.01574074074074074
0 0.6671875 0.08194444444444444 0.01328125 0.027314814814814816
0 0.7302083333333333 0.08333333333333333 0.01953125 0.017592592592592594
0 0.9041666666666667 0.08518518518518518 0.0140625 0.02175925925925926
0 0.8325520833333333 0.009722222222222222 0.014583333333333334 0.01898148148148148
0 0.5265625 0.0912037037037037 0.017708333333333333 0.020370370370370372
0 0.7450520833333333 0.09259259259259259 0.013541666666666667 0.018518518518518517
0 0.7559895833333333 0.09907407407407408 0.0125 0.018518518518518517
0 0.9921875 0.10740740740740741 0.01328125 0.02638888888888889
0 0.80625 0.11342592592592593 0.00625 0.016203703703703703
0 0.5294270833333333 0.125 0.009114583333333334 0.024074074074074074
0 0.5049479166666667 0.12916666666666668 0.009375 0.014814814814814815
0 0.7799479166666666 0.13194444444444445 0.006510416666666667 0.01574074074074074
0 0.8575520833333333 0.13935185185185187 0.010677083333333334 0.029166666666666667
0 0.7901041666666667 0.14166666666666666 0.008333333333333333 0.020370370370370372
0 0.9583333333333334 0.15231481481481482 0.01796875 0.01712962962962963
0 0.634375 0.15462962962962962 0.00703125 0.01898148148148148
0 0.85234375 0.15462962962962962 0.0109375 0.013425925925925926
0 0.8361979166666667 0.15694444444444444 0.007552083333333333 0.016666666666666666
0 0.7354166666666667 0.16064814814814815 0.008333333333333333 0.021296296296296296
0 0.7502604166666667 0.16342592592592592 0.008854166666666666 0.024537037037037038
0 0.06743750000000001 0.6466851851851853 0.023041666666666672 0.04399074074074073
0 0.16641145833333332 0.6753888888888889 0.014734374999999982 0.04953703703703704
0 0.06552604166666663 0.6934444444444444 0.02130208333333333 0.043055555555555555
0 0.00390625 0.7319444444444444 0.0078125 0.023148148148148147
2 0.14505208333333333 0.7642685185185185 0.02202083333333332 0.02359259259259261
0 0.26902604166666666 0.7667314814814815 0.023781250000000014 0.03593518518518519
0 0.18126041666666665 0.7724444444444445 0.020468749999999977 0.028564814814814835
0 0.1577083333333333 0.7749259259259259 0.02105208333333331 0.02287037037037036
0 0.055630208333333306 0.7810925925925927 0.02233854166666666 0.029796296296296303
0 0.13229166666666667 0.7810925925925927 0.018369791666666656 0.026092592592592598
0 0.15243229166666664 0.811175925925926 0.016989583333333336 0.049249999999999995
0 0.16771354166666666 0.8136481481481481 0.019125000000000014 0.036907407407407423
2 0.04851041666666666 0.8366296296296296 0.023156250000000003 0.04424999999999999
0 0.09261458333333336 0.8522222222222222 0.025479166666666674 0.030120370370370346
0 0.005208333333333333 0.8675925925925926 0.010416666666666666 0.05555555555555555
0 0.03322916666666664 0.9285925925925926 0.02038020833333333 0.035583333333333286
0 0.3776041666666667 0.9888888888888889 0.03333333333333333 0.020370370370370372
2 0.8264791666666668 0.8397222222222221 0.016114583333333363 0.05228703703703706