0 0.15885416666666666 0.010185185185185186 0.010416666666666666 0.020370370370370372
0 0.3858229166666666 0.033953703703703667 0.028109700520833534 0.0407540509259259
2 0.321421875 0.061037037037037 0.029149088541666757 0.036106481481481593
2 0.21159895833333334 0.06816666666666667 0.02758203124999999 0.035172453703703845
0 0.4033802083333333 0.07150000000000002 0.027632161458333117 0.022254050925925885
0 0.09797916666666667 0.09019444444444441 0.026057617187500024 0.021324074074074047
0 0.29552083333333334 0.09637037037037041 0.016134440104166595 0.026851273148148242
0 0.3654114583333333 0.0967685185185185 0.026557942708333233 0.030550925925925825
0 0.24052604166666663 0.10777777777777775 0.02498111979166661 0.026795138888888913
2 0.348296875 0.11071296296296301 0.019253906249999987 0.03978587962962963
0 0.2849114583333333 0.13487037037037033 0.015645182291666632 0.04258912037037029
0 0.06272916666666667 0.1710462962962963 0.019298502604166677 0.05741435185185179
0 0.15197916666666664 0.20422222222222217 0.020316731770833367 0.047267361111111045
0 0.5346354166666667 0.12268518518518519 0.13333333333333333 0.08472222222222223
0 0.8703125 0.1337962962962963 0.13489583333333333 0.06666666666666667
0 0.9127604166666666 0.37546296296296294 0.0859375 0.1087962962962963
0 0.525 0.5120370370370371 0.07708333333333334 0.053703703703703705
0 0.21796875 0.5532407407407407 0.025520833333333333 0.026851851851851852
0 0.36041666666666666 0.5532407407407407 0.022916666666666665 0.026851851851851852
0 0.29288020833333334 0.60825 0.021876953125000043 0.025954861111111113
0 0.27665104166666665 0.6213703703703705 0.02809960937499992 0.02397800925925927
0 0.2825520833333333 0.6601018518518518 0.029664062499999963 0.033361111111111084
0 0.38005208333333335 0.6726018518518518 0.010916015625000004 0.028646990740740765
0 0.1235 0.6835555555555556 0.023974283854166705 0.03982291666666663
0 0.31519791666666663 0.6855648148148148 0.017684244791666616 0.0619803240740741
0 0.388125 0.7039166666666666 0.01771940104166679 0.050933449074074134
0 0.19798958333333333 0.7650185185185185 0.018779296874999928 0.04353240740740729
0 0.23827604166666666 0.7664166666666666 0.024454752604166668 0.029622106481481423
0 0.25425 0.7826203703703704 0.016653320312500004 0.03610416666666673
0 0.0033854166666666668 0.7833333333333333 0.0067708333333333336 0.024074074074074074
0 0.23184895833333333 0.7961944444444444 0.013527994791666605 0.057380787037036876
0 0.266578125 0.7961944444444444 0.015108723958333433 0.050050925925925985