0 0.190109375 0.2331111111111111 0.014606445312499971 0.05186226851851854
0 0.26017708333333334 0.3261574074074074 0.02445768229166658 0.021305555555555546
0 0.16198437499999999 0.3729074074074074 0.018703776041666724 0.024091435185185143
0 0.14158333333333334 0.38232407407407404 0.01614388020833329 0.033304976851851756
0 0.18498958333333332 0.38433333333333336 0.011446289062500033 0.03513773148148129
0 0.5169791666666667 0.43400925925925926 0.024513671874999924 0.05001504629629641
0 0.5957291666666666 0.4523703703703703 0.03176660156250009 0.025045717592592644
0 0.07725000000000003 0.4647222222222222 0.026035807291666775 0.035131944444444334
0 0.5744583333333334 0.4736666666666666 0.03223893229166682 0.02861226851851842
0 0.4518229166666667 0.8611111111111112 0.18984375 0.062037037037037036
0 0.16041666666666668 0.8851851851851852 0.075 0.05740740740740741
1 0.30078125 0.8944444444444445 0.12526041666666668 0.13148148148148148
0 0.46927083333333336 0.9060185185185186 0.20286458333333332 0.060648148148148145
0 0.17083333333333334 0.9375 0.1640625 0.0962962962962963
0 0.59765625 0.9546296296296296 0.075 0.09027777777777778
0 0.4473958333333333 0.9685185185185186 0.16744791666666667 0.062037037037037036
0 0.28177083333333336 0.9851851851851852 0.11145833333333334 0.028703703703703703
0 0.5645833333333333 0.812962962962963 0.18880208333333334 0.05324074074074074