0 0.058385416666666676 0.07048148148148149 0.01350716145833335 0.04350925925925927
0 0.02817187499999999 0.28187962962962965 0.0239762369791667 0.04354861111111103
0 0.35834375 0.30239814814814814 0.014561197916666657 0.05739872685185187
0 0.33716145833333333 0.3102685185185185 0.021877604166666606 0.041649305555555495
0 0.2638020833333333 0.38479629629629636 0.030681640625000027 0.02879976851851851
0 0.30130208333333336 0.40315740740740735 0.021401692708333305 0.0380196759259259
0 0.0296875 0.4212962962962963 0.021875 0.03518518518518519
2 0.2674479166666667 0.42962962962962964 0.03177083333333333 0.018518518518518517
0 0.3294270833333333 0.43287037037037035 0.028645833333333332 0.012037037037037037
0 0.30703125 0.4351851851851852 0.019270833333333334 0.007407407407407408
0 0.15042708333333335 0.6554722222222222 0.02343229166666667 0.040797453703703676