0 0.20927604166666663 0.10528703703703707 0.014046223958333333 0.04720370370370372
0 0.19921354166666666 0.16460185185185183 0.017185546875000075 0.04072916666666662
0 0.2274479166666667 0.16677777777777777 0.01407552083333338 0.03330555555555558
0 0.1861875 0.17063888888888887 0.010924479166666619 0.04258449074074078
0 0.20142708333333334 0.18613888888888885 0.01823665364583332 0.044464699074073986
2 0.16313541666666667 0.18687962962962967 0.02498307291666665 0.03523032407407422
0 0.14458333333333334 0.20949074074074073 0.016124348958333336 0.05647569444444453
0 0.20104166666666667 0.21735185185185185 0.02393326822916665 0.03428819444444445
0 0.022390625000000004 0.9465277777777777 0.029118489583333348 0.030574074074074056
0 0.5755677083333333 0.9550092592592592 0.02713411458333333 0.021353009259259235
0 0.8466145833333333 0.9712129629629628 0.014058593750000034 0.040684027777777805