0 0.26094270833333333 0.3730092592592594 0.012453124999999924 0.04448726851851851
0 0.36770833333333336 0.007407407407407408 0.022916666666666665 0.014814814814814815
0 0.31197916666666664 0.0023148148148148147 0.023958333333333335 0.004629629629629629
0 0.21953125 0.004166666666666667 0.0234375 0.008333333333333333
0 0.28072916666666664 0.002777777777777778 0.025 0.005555555555555556
0 0.3296875 0.006944444444444444 0.029166666666666667 0.013888888888888888
0 0.4244791666666667 0.015277777777777777 0.022916666666666665 0.030555555555555555
0 0.4789427083333333 0.01997222222222227 0.016126627604166544 0.026898148148148105
0 0.34250520833333337 0.02260185185185182 0.02756705729166657 0.023156250000000177
0 0.15387500000000004 0.023351851851851877 0.032289713541666744 0.018508680555555657
0 0.3915 0.02558333333333333 0.021878255208333287 0.04073611111111122
0 0.19624479166666664 0.026324074074074028 0.029679687500000065 0.015675925925925985
0 0.22893229166666665 0.02862962962962959 0.01822591145833338 0.03886226851851836
0 0.3611354166666667 0.03412037037037039 0.019273437500000056 0.03333738425925945
0 0.23997916666666666 0.041435185185185186 0.012514322916666742 0.037012731481481584
0 0.13502083333333334 0.044277777777777826 0.018232421874999953 0.04256018518518511
0 0.27834375 0.04955555555555554 0.031248046874999956 0.01947453703703706
0 0.21483854166666666 0.05131481481481478 0.01721874999999997 0.025047453703703898
0 0.17338541666666665 0.05415740740740742 0.014634114583333377 0.039736111111111076
0 0.19563020833333333 0.06681481481481479 0.018229166666666668 0.037946180555555716
0 0.231984375 0.0709537037037037 0.0296998697916667 0.021230324074073898
0 0.40940104166666663 0.0713518518518518 0.015583984374999934 0.03157291666666677
0 0.18542708333333333 0.07379629629629633 0.014570638020833353 0.030547453703703736
0 0.2557552083333333 0.07596296296296293 0.015681640624999934 0.03324074074074083
0 0.31625520833333337 0.0819166666666667 0.03385611979166659 0.023151620370370236
0 0.1275885416666667 0.08199999999999995 0.03122428385416664 0.030509259259259302
0 0.2116354166666667 0.08388888888888892 0.02187565104166668 0.024072916666666642
0 0.18565104166666668 0.10860185185185182 0.01723697916666668 0.04354166666666675
0 0.07670833333333332 0.11209259259259254 0.014594401041666672 0.04268287037037023
0 0.20279687500000002 0.11476851851851856 0.02556119791666672 0.040688657407407326
0 0.10979166666666665 0.12489814814814813 0.024969401041666592 0.018569444444444503
0 0.24713541666666666 0.18213888888888893 0.018252929687499985 0.03519039351851853
0 0.3286614583333333 0.218712962962963 0.014561197916666657 0.039819444444444546
2 0.5843802083333334 0.2051666666666667 0.030255208333333408 0.037866898148148156
0 0.515625 0.22314814814814815 0.011458333333333333 0.05
0 0.5612864583333333 0.24204629629629626 0.0234251302083333 0.02867534722222213
0 0.5309010416666667 0.2421944444444445 0.027079427083333368 0.021390046296296237
0 0.5806458333333334 0.2554722222222222 0.014065755208333404 0.033277777777777615
0 0.540359375 0.2841666666666666 0.027652343749999985 0.02783217592592585
0 0.540203125 0.7469907407407408 0.01872721354166664 0.057388888888888906
0 0.5667708333333333 0.7488333333333334 0.0343642578125 0.027785879629629594
0 0.5407239583333333 0.7739907407407407 0.017696940104166715 0.05367592592592595
0 0.6846354166666667 0.9884259259259259 0.03802083333333333 0.021296296296296296