0 0.21446874999999999 0.13759259259259263 0.024485026041666677 0.051843750000000036
0 0.31908333333333333 0.1588888888888889 0.028660481770833357 0.0314895833333333
0 0.4190989583333333 0.16197222222222224 0.028658528645833434 0.040770833333333256
0 0.31726041666666666 0.18250000000000002 0.012485677083333376 0.037971064814814784
0 0.3057135416666667 0.18573148148148147 0.010413085937499981 0.04073206018518521
0 0.2259270833333333 0.1900462962962963 0.020323567708333337 0.04909490740740744
0 0.33558333333333334 0.20671296296296296 0.020827473958333443 0.0379826388888889
0 0.3048489583333333 0.21350925925925923 0.017701171874999963 0.02590740740740732
0 0.4256145833333333 0.3017592592592592 0.022904622395833366 0.06113888888888886
0 0.3932291666666667 0.31133333333333335 0.023934895833333296 0.030546874999999914
0 0.43047395833333335 0.3278518518518519 0.022350260416666618 0.051756944444444265
0 0.28392708333333333 0.34404629629629635 0.012470052083333271 0.04546296296296309
0 0.39053645833333334 0.3496018518518519 0.019266927083333368 0.04342476851851858
0 0.261 0.38323148148148145 0.01878125000000009 0.05005324074074085
0 0.39444270833333334 0.4224259259259259 0.0302128906250001 0.03612384259259266
0 0.08015625 0.5992592592592593 0.02968229166666664 0.04537731481481476
0 0.017911458333333335 0.6017222222222223 0.01145996093749999 0.06113368055555573
0 0.83125 0.38263888888888886 0.016618489583333347 0.02868402777777777
0 0.10008333333333332 0.8829444444444445 0.029139973958333225 0.026946759259259438