0 0.20823958333333337 0.04869444444444442 0.028651692708333225 0.03516898148148145
0 0.21509895833333334 0.061203703703703725 0.021923828125 0.01946064814814808
0 0.10327604166666665 0.11474074074074081 0.016676432291666644 0.048206018518518516
0 0.115953125 0.12214814814814821 0.024509765624999957 0.03709490740740741
0 0.293234375 0.16782407407407407 0.030231445312499973 0.032416666666666656
0 0.22959895833333335 0.195287037037037 0.022391927083333367 0.027833333333333495
0 0.25330208333333337 0.19589814814814818 0.018753906249999966 0.058427083333333275
0 0.276828125 0.20855555555555558 0.010891927083333286 0.026834490740740784
0 0.20138541666666665 0.21781481481481482 0.021340820312500005 0.02871180555555552
0 0.2955833333333333 0.21858333333333338 0.029642578124999968 0.03157523148148142
0 0.17725000000000002 0.30190740740740735 0.014580403645833328 0.03523090277777783
0 0.17803125000000003 0.3390925925925926 0.021348307291666774 0.0268645833333334
0 0.15667187499999996 0.4301296296296296 0.03280598958333331 0.023234953703703702
1 0.7313072916666667 0.23956481481481484 0.08123242187499997 0.05828356481481478
0 0.02578125 0.5861111111111111 0.03177083333333333 0.03333333333333333
0 0.005208333333333333 0.5995370370370371 0.010416666666666666 0.041666666666666664
0 0.7520833333333333 0.637962962962963 0.128125 0.13703703703703704