0 0.10561458333333332 0.14915740740740738 0.022390299479166664 0.037954282407407426
2 0.033817708333333335 0.15733333333333335 0.019279296875000008 0.037096064814814735
0 0.330984375 0.24442592592592594 0.012966145833333324 0.038792824074074084
0 0.30105729166666667 0.26788888888888895 0.009360351562499977 0.026888888888889066
0 0.34766145833333334 0.27112037037037034 0.01304361979166669 0.02498090277777768
0 0.31310416666666663 0.27782407407407406 0.024985677083333376 0.020471064814814696
0 0.27988541666666666 0.2817222222222222 0.01091992187500009 0.047271990740740774
0 0.3243489583333333 0.29728703703703707 0.019786458333333336 0.03609837962962977
0 0.27916145833333333 0.29870370370370375 0.0240110677083333 0.04540162037037021
2 0.3314166666666667 0.3032314814814815 0.021334309895833434 0.03611111111111111
0 0.2910989583333333 0.3212592592592593 0.014589192708333224 0.038802083333333334
0 0.7806458333333334 0.06859259259259264 0.014061197916666757 0.036989004629629736
0 0.1980885416666667 0.6102592592592593 0.0229121093749999 0.029724537037037212
0 0.18315104166666665 0.6466759259259259 0.027632161458333235 0.025055555555555716
0 0.2328125 0.666425925925926 0.019815429687499986 0.0314895833333333
0 0.6194531249999999 0.639425925925926 0.021873046874999958 0.03065046296296314
2 0.9524843749999999 0.661175925925926 0.02134244791666665 0.05750115740740735
0 0.60278125 0.6701296296296296 0.013540039062500024 0.02776909722222214
0 0.578734375 0.6826296296296296 0.027070638020833235 0.030546874999999914
0 0.5740468750000001 0.7033055555555556 0.01768229166666669 0.03786921296296302
0 0.9201041666666666 0.7182777777777778 0.032777994791666744 0.03516898148148155
0 0.8874583333333333 0.7249074074074073 0.031778645833333265 0.024019675925926003
2 0.94840625 0.7284537037037038 0.018694661458333428 0.048163194444444564