0 0.5973958333333333 0.02361111111111111 0.023958333333333335 0.04722222222222222
0 0.43255208333333334 0.027314814814814816 0.011979166666666667 0.05462962962962963
0 0.7912864583333333 0.03959259259259258 0.0353177083333333 0.05016666666666667
0 0.5661666666666666 0.10285185185185189 0.02570312500000001 0.03965740740740739
0 0.595421875 0.10486111111111111 0.020677083333333356 0.04182407407407409
0 0.7720989583333334 0.14852777777777776 0.03757291666666672 0.08285185185185187
0 0.6945729166666667 0.16487962962962968 0.035635416666666704 0.030388888888888882
0 0.730515625 0.17060185185185187 0.028354166666666694 0.045222222222222254
0 0.9213333333333333 0.1918888888888889 0.058750000000000094 0.0640185185185185
2 0.5089479166666666 0.3233518518518519 0.029359375000000004 0.03805555555555558
1 0.24434375 0.7467592592592592 0.07628645833333335 0.08837962962962961
0 0.46440624999999996 0.7795462962962962 0.025307291666666683 0.03287962962962962