0 0.08515625 0.12449074074074074 0.014110026041666638 0.04728703703703707
0 0.035671875000000006 0.25116666666666665 0.03068098958333335 0.04354050925925932
0 0.3345 0.2915925925925926 0.030224609375 0.03894907407407402
0 0.16847916666666668 0.33891666666666664 0.023429036458333267 0.03521064814814828
0 0.07818750000000001 0.3419259259259259 0.028640299479166607 0.02408680555555562
0 0.05806250000000001 0.381 0.028652669270833306 0.030576388888888924
0 0.21877604166666664 0.4035740740740741 0.029219401041666752 0.024157407407407332
0 0.029239583333333326 0.4054907407407407 0.012542968750000109 0.050032407407407484
0 0.07523437500000002 0.4061574074074074 0.028665039062500005 0.02499131944444457
0 0.37001041666666673 0.41704629629629625 0.033330078125000044 0.04724999999999997
0 0.14595833333333333 0.4171759259259259 0.028654296875000065 0.025926504629629747
0 0.19211979166666662 0.4295740740740741 0.010939127604166762 0.029663194444444544
0 0.05782812499999999 0.4298796296296296 0.01767513020833332 0.062041666666666766
0 0.09931770833333337 0.4354814814814815 0.02030598958333331 0.026863425925925968
0 0.17196874999999998 0.43957407407407406 0.025539713541666606 0.020361111111111118
0 0.05870833333333335 0.442462962962963 0.03229101562499999 0.02776157407407393
0 0.030088541666666656 0.4482407407407408 0.014567057291666666 0.04449652777777765
0 0.20210937499999998 0.45437037037037037 0.022938151041666542 0.04078587962962956
0 0.169734375 0.4620833333333333 0.030195963541666634 0.022177662037037013
0 0.2960416666666667 0.4650277777777778 0.024998046875000075 0.05648900462962969
0 0.26982291666666663 0.4823148148148148 0.031210937500000095 0.024127314814814924
0 0.05020833333333332 0.4825555555555555 0.007822265624999976 0.057374999999999926
0 0.150390625 0.4962129629629629 0.02448209635416667 0.03705671296296297
0 0.035609375000000006 0.501925925925926 0.018753255208333406 0.04631655092592605
0 0.06656249999999998 0.5049444444444445 0.024471028645833334 0.029623263888889067
0 0.12272395833333333 0.5069259259259259 0.02291861979166671 0.028687500000000067
0 0.16505729166666666 0.5080740740740741 0.03125716145833325 0.0342644675925926
0 0.04007812500000003 0.5202314814814815 0.009371419270833315 0.03701562500000006
0 0.6885260416666666 0.23819444444444443 0.03856705729166663 0.12500925925925926
0 0.24618229166666664 0.8335648148148148 0.02238281250000007 0.039824652777777726
0 0.26024479166666664 0.9181203703703704 0.0296751302083333 0.030602430555555633
0 0.29036979166666665 0.9253796296296296 0.028623046874999978 0.021324074074074047
0 0.32527083333333334 0.9313888888888888 0.015059895833333314 0.05375810185185178
0 0.633765625 0.7151944444444445 0.024476888020833223 0.02132465277777787