0 0.02094791666666668 0.23742592592592593 0.02706445312500018 0.05283680555555548
0 0.026848958333333308 0.44989814814814816 0.010938802083333362 0.06484085648148152
0 0.438625 0.261962962962963 0.01769498697916667 0.04262152777777778
0 0.7868541666666666 0.42891666666666667 0.02342447916666662 0.03612499999999988
2 0.3171875 0.9921296296296296 0.022916666666666665 0.013888888888888888
0 0.7094583333333333 0.7971574074074075 0.032278320312500004 0.027807870370370292
0 0.73515625 0.7980740740740742 0.02341373697916668 0.05188136574074075
0 0.7422812499999999 0.9306574074074074 0.01772395833333332 0.027763888888888796
0 0.7702083333333333 0.9323333333333333 0.011977864583333305 0.026870370370370565
2 0.7583125000000001 0.936675925925926 0.01560677083333341 0.04725231481481484
2 0.8029375 0.9415092592592593 0.017178385416666588 0.053689814814814725
0 0.7799791666666667 0.9421203703703703 0.020302083333333342 0.05455555555555562
2 0.7420260416666667 0.9550277777777776 0.01665527343750005 0.051848958333333375