0 0.01648437499999999 0.06922222222222221 0.023409505208333434 0.027799768518518578
0 0.07502604166666664 0.23024074074074072 0.02503190104166665 0.026813657407407415
0 0.16242187500000002 0.24018518518518517 0.02968815104166668 0.028731481481481455
0 0.09077604166666665 0.24606481481481482 0.022373046874999976 0.038896990740740704
0 0.19315624999999995 0.26241666666666663 0.015603515625000064 0.04901851851851836
2 0.06445833333333333 0.2625 0.028628255208333304 0.03606134259259256
0 0.04075 0.26454629629629633 0.024998372395833357 0.0231354166666666
0 0.38885416666666667 0.7886388888888889 0.02603906250000006 0.037990740740740714
0 0.454140625 0.8106574074074074 0.03545507812500001 0.023123842592592588
0 0.4746302083333333 0.8700092592592593 0.03799348958333345 0.024922453703703697
0 0.40251562500000004 0.8868796296296295 0.029161458333333338 0.0407465277777778
0 0.38434375000000004 0.8992222222222223 0.031273437500000036 0.024041666666666697
0 0.497609375 0.9061111111111111 0.019227864583333344 0.050924768518518494
0 0.37623958333333335 0.9274074074074075 0.027623697916666738 0.02503761574074072
0 0.55625 0.8106481481481481 0.03333333333333333 0.0912037037037037
3 0.7799479166666666 0.8171296296296297 0.06328125 0.09537037037037037
0 0.8986979166666667 0.6856481481481481 0.03203125 0.032407407407407406
0 0.8263020833333333 0.6893518518518519 0.05677083333333333 0.03981481481481482
0 0.56484375 0.9481481481481482 0.050520833333333334 0.058333333333333334
0 0.7606770833333333 0.9546296296296296 0.06302083333333333 0.032407407407407406
0 0.9390625 0.961574074074074 0.0578125 0.03611111111111111
0 0.596875 0.700462962962963 0.04765625 0.04722222222222222
0 0.9833333333333333 0.9768518518518519 0.022916666666666665 0.04398148148148148
0 0.6833333333333333 0.7013888888888888 0.05130208333333333 0.06388888888888888
0 0.7453125 0.711574074074074 0.054947916666666666 0.05740740740740741
0 0.56328125 0.725462962962963 0.04296875 0.07175925925925926
0 0.8658854166666666 0.7560185185185185 0.057291666666666664 0.029166666666666667
0 0.6393229166666666 0.6787037037037037 0.03333333333333333 0.018055555555555554