0 0.08922395833333331 0.17541666666666667 0.01561848958333331 0.05469444444444449
0 0.22576041666666669 0.48270370370370375 0.03071809895833333 0.024965277777777652
2 0.14781249999999999 0.48798148148148146 0.019808593750000013 0.024037615740740682
2 0.16625520833333335 0.48960185185185184 0.016139322916666643 0.02967476851851845
0 0.208546875 0.48960185185185184 0.02241992187500005 0.02965219907407404
0 0.18480729166666668 0.4938055555555555 0.01350781250000009 0.028695601851851885
0 0.272328125 0.49512962962962964 0.030729817708333346 0.016684027777777735
0 0.190625 0.5037037037037037 0.025 0.009259259259259259
2 0.12421875 0.49953703703703706 0.0234375 0.017592592592592594
0 0.6654479166666666 0.04096296296296297 0.02861979166666669 0.03427777777777776
1 0.26951562500000004 0.8716388888888889 0.08494791666666662 0.13798379629629634