0 0.03150520833333334 0.1403703703703704 0.025559244791666675 0.021241898148148117
0 0.14471354166666667 0.28293518518518523 0.021356119791666708 0.05842824074074092
0 0.08350000000000003 0.29307407407407404 0.012996093750000052 0.04354166666666675
2 0.06848958333333334 0.3073148148148148 0.02136979166666665 0.022215277777777837
0 0.09600520833333336 0.31402777777777774 0.013545898437500033 0.029655092592592518
0 0.18960416666666666 0.328 0.01977018229166661 0.04350983796296288
0 0.21546875000000001 0.33201851851851855 0.020322916666666656 0.050878472222222026
0 0.05535937499999998 0.3331851851851852 0.02708105468750001 0.03148495370370378
2 0.09558333333333333 0.34065740740740735 0.022404296875000066 0.03516087962962952
0 0.06728124999999997 0.3426851851851852 0.021870768229166632 0.033302083333333496
0 0.0635677083333333 0.37092592592592594 0.01980533854166661 0.038891782407407365
0 0.007552083333333333 0.38796296296296295 0.015104166666666667 0.04814814814814815
0 0.017609374999999972 0.4156388888888889 0.019277343750000023 0.05375578703703691
2 0.7901041666666667 0.1486111111111111 0.26223958333333336 0.17314814814814813
2 0.06067708333333333 0.8291666666666667 0.12135416666666667 0.13796296296296295