0 0.032687499999999994 0.18714814814814815 0.01822233072916668 0.04351273148148146
0 0.3138020833333333 0.36018518518518516 0.0109375 0.016666666666666666
0 0.30243229166666663 0.5070092592592593 0.025508138020833234 0.032454282407407484
2 0.03667708333333334 0.5818425925925926 0.023954752604166664 0.05465625000000016
0 0.07921875000000002 0.6045277777777778 0.026076171874999984 0.0463483796296295
0 0.31354166666666666 0.6125 0.011458333333333333 0.030555555555555555
0 0.5587656249999999 0.38062962962962965 0.025518554687499893 0.02773032407407388
2 0.26875 0.9361111111111111 0.10104166666666667 0.1259259259259259
0 0.5309895833333333 0.7847222222222222 0.09166666666666666 0.043055555555555555
0 0.9739583333333334 0.7453703703703703 0.03333333333333333 0.011111111111111112
0 0.9299479166666667 0.7972222222222223 0.08567708333333333 0.0412037037037037
0 0.36640625 0.7532407407407408 0.07161458333333333 0.02638888888888889
0 0.9518229166666666 0.8740740740740741 0.09505208333333333 0.022222222222222223
1 0.88515625 0.9018518518518519 0.12213541666666666 0.034722222222222224
0 0.9877604166666667 0.9527777777777777 0.0234375 0.022222222222222223
0 0.7950520833333333 0.7615740740740741 0.09765625 0.033796296296296297