0 0.27211979166666667 0.02276851851851855 0.026563802083333362 0.023172453703703813
0 0.3300416666666666 0.03819444444444445 0.008887369791666681 0.05187037037037035
2 0.17159375000000002 0.04173148148148153 0.020307617187499953 0.04263946759259267
0 0.32525 0.04641666666666666 0.0327975260416667 0.02774768518518516
0 0.33719791666666665 0.07889814814814818 0.01616699218749993 0.03517418981481468
0 0.291234375 0.08480555555555558 0.02086914062500007 0.05740624999999998
0 0.2553697916666666 0.09843518518518514 0.029177734375000004 0.024939814814814765
2 0.3053385416666667 0.10876851851851854 0.01874283854166663 0.052829861111111195
0 0.3177447916666667 0.11437962962962961 0.029147135416666595 0.021322916666666615
0 0.10717187499999999 0.11811111111111106 0.020325520833333322 0.02694444444444436
2 0.21664583333333334 0.1566851851851852 0.02296874999999995 0.04538425925925914
0 0.23618229166666668 0.24525925925925926 0.016197265625000058 0.03338310185185168
2 0.15509895833333334 0.32132407407407404 0.023427083333333282 0.05008449074074069
0 0.3421041666666667 0.38737037037037036 0.01614420572916669 0.04539236111111117
0 0.8404739583333334 0.09461111111111112 0.03644531249999995 0.03330266203703705
0 0.9099791666666666 0.0959537037037037 0.03230208333333344 0.02878356481481482
0 0.8779166666666666 0.1509814814814815 0.016127604166666625 0.061175925925925974
0 0.8528541666666667 0.16374074074074071 0.025468098958333366 0.033269675925925904
0 0.8587604166666668 0.1966574074074074 0.010410807291666775 0.024974537037037007
0 0.8756041666666666 0.2076574074074074 0.022401367187500063 0.05553587962962962
0 0.8486875 0.2092037037037037 0.010947265624999977 0.04448263888888899
0 0.9155416666666667 0.22627777777777777 0.036985677083333356 0.03703009259259265
0 0.9399062499999999 0.28594444444444445 0.017171875000000014 0.06289467592592601
0 0.8023854166666666 0.31310185185185185 0.019791992187499947 0.01848437499999999
0 0.820671875 0.3288425925925926 0.014567708333333347 0.04074884259259256
0 0.9682083333333333 0.34396296296296297 0.032328776041666646 0.028596064814814783
0 0.79903125 0.3801666666666667 0.011472981770833357 0.03799826388888871
0 0.79296875 0.4125 0.013020833333333334 0.012037037037037037
2 0.8703177083333333 0.939425925925926 0.020809895833333297 0.04347106481481462