0 0.18479166666666663 0.1581296296296296 0.011975260416666699 0.0481608796296297
0 0.2839375 0.1960833333333333 0.020860026041666774 0.05372800925925926
0 0.3012135416666667 0.24099074074074073 0.018753906249999966 0.056504629629629606
0 0.319359375 0.24099074074074073 0.01877539062500008 0.047197916666666666
0 0.3256145833333333 0.3778518518518519 0.0124879557291667 0.04634432870370359
0 0.333859375 0.43525 0.017754557291666608 0.046390046296296235
0 0.29878645833333334 0.4366388888888889 0.030716796874999966 0.021343750000000192
0 0.32421875 0.44907407407407407 0.022395833333333334 0.03888888888888889
0 0.2947916666666667 0.4587962962962963 0.013541666666666667 0.019444444444444445
1 0.813390625 0.22144444444444447 0.07447688802083334 0.10556134259259262
0 0.16901041666666666 0.8171296296296297 0.14322916666666666 0.3638888888888889