0 0.25000520833333334 0.36930555555555566 0.012453124999999924 0.04448726851851851
0 0.3567708333333333 0.005555555555555556 0.022916666666666665 0.011111111111111112
0 0.20859375 0.002777777777777778 0.0234375 0.005555555555555556
0 0.31875 0.005092592592592593 0.029166666666666667 0.010185185185185186
0 0.41354166666666664 0.013425925925925926 0.022916666666666665 0.026851851851851852
0 0.4680052083333333 0.016268518518518564 0.016126627604166544 0.026898148148148105
0 0.3315677083333333 0.01889814814814812 0.027585611979166556 0.02315219907407427
0 0.14293750000000002 0.019648148148148175 0.032289713541666744 0.018508680555555657
0 0.3805625 0.021879629629629624 0.021876627604166525 0.04073842592592609
0 0.18530729166666665 0.022620370370370325 0.029679687500000065 0.015675925925925985
0 0.21799479166666663 0.02492592592592589 0.018227539062500023 0.03887557870370373
0 0.3501979166666667 0.03041666666666669 0.019273437500000056 0.03333738425925945
0 0.22904166666666667 0.037731481481481484 0.012514322916666742 0.037012731481481584
0 0.12408333333333334 0.040574074074074123 0.018232421874999953 0.04256018518518511
0 0.26740624999999996 0.04585185185185184 0.03124902343749992 0.019459490740740857
0 0.20390104166666667 0.047611111111111076 0.017203124999999986 0.025023726851851842
0 0.16244791666666666 0.05045370370370371 0.014608723958333413 0.03977546296296294
0 0.18469270833333334 0.06311111111111108 0.018229166666666668 0.03792939814814826
0 0.22104687499999998 0.06724999999999999 0.0296998697916667 0.021230324074073898
0 0.39846354166666664 0.0676481481481481 0.015604492187500086 0.03152719907407413
0 0.17448958333333334 0.07009259259259264 0.014570638020833353 0.030547453703703736
0 0.2448177083333333 0.07225925925925923 0.015653320312499965 0.03328703703703708
0 0.3053177083333333 0.07821296296296298 0.03385611979166659 0.023151620370370236
0 0.11665104166666668 0.07829629629629624 0.03122428385416664 0.030509259259259302
0 0.20069791666666667 0.0801851851851852 0.02187565104166668 0.024072916666666642
0 0.1747135416666667 0.10489814814814812 0.0172122395833334 0.043530092592592634
0 0.06577083333333332 0.10838888888888884 0.014594401041666672 0.04268287037037023
0 0.191859375 0.11106481481481485 0.02556119791666672 0.040688657407407326
0 0.09885416666666665 0.12119444444444444 0.024984700520833295 0.018543981481481404
0 0.23619791666666667 0.17843518518518522 0.018252929687499985 0.03519039351851853
0 0.31772395833333333 0.2150092592592593 0.014561197916666657 0.039819444444444546
2 0.04939583333333335 0.8665833333333333 0.01822591145833326 0.04253587962962965
0 0.7471145833333334 0.7505092592592593 0.018282552083333313 0.05471875000000005