0 0.220890625 0.04037037037037039 0.023990885416666666 0.051836805555555546
0 0.38237499999999996 0.06259259259259262 0.017735026041666775 0.055539351851851916
0 0.23947395833333332 0.13202777777777774 0.02031770833333333 0.024065393518518538
0 0.27411458333333333 0.1672037037037037 0.025009114583333294 0.0565775462962964
0 0.2787135416666667 0.1801666666666667 0.025030598958333292 0.034355324074074066
0 0.25171354166666665 0.19729629629629633 0.013546549479166715 0.05560300925925924
0 0.2644739583333333 0.20208333333333334 0.011988281249999962 0.04720254629629629
2 0.16289583333333332 0.2351018518518518 0.021360677083333356 0.05558333333333331
2 0.3901927083333333 0.254537037037037 0.020820638020833233 0.053731481481481456
0 0.4151927083333333 0.26442592592592595 0.014596028645833432 0.04532291666666647
0 0.5033177083333333 0.2695092592592593 0.03125032552083328 0.018565393518518596
0 0.5007135416666667 0.3048425925925926 0.017708658854166615 0.02871122685185191
0 0.21090625 0.3062314814814815 0.017763020833333285 0.048163194444444564
0 0.37560416666666663 0.30699999999999994 0.020846679687499994 0.04356481481481477
0 0.38732291666666663 0.3202777777777778 0.017213541666666644 0.04449768518518529
0 0.31588541666666664 0.3680555555555556 0.025520833333333333 0.041666666666666664
0 0.07341666666666669 0.7158148148148149 0.03328125000000002 0.018613425925926103
0 0.23620312499999999 0.732175925925926 0.026516276041666724 0.029611111111111126
0 0.19626562500000003 0.7372685185185185 0.023432942708333234 0.032388888888888905
0 0.21102604166666664 0.7661111111111111 0.015599609374999919 0.04912847222222215
0 0.2198802083333333 0.8965000000000001 0.0187373046874999 0.05648726851851844
0 0.06822916666666666 0.9861111111111112 0.028125 0.025925925925925925
0 0.8950520833333333 0.5300925925925926 0.18385416666666668 0.28055555555555556
0 0.6364583333333333 0.8555555555555555 0.19375 0.28703703703703703