0 0.28620833333333334 0.19066666666666668 0.017141927083333286 0.05006018518518513
0 0.18202083333333335 0.2655092592592593 0.02033756510416668 0.06112037037037036
0 0.23064062500000002 0.28834259259259254 0.0192753906250001 0.054686342592592564
2 0.5987552083333333 0.31087037037037035 0.03382031249999997 0.03705439814814811
0 0.27865104166666665 0.3128796296296296 0.02391276041666662 0.04264814814814831
0 0.229421875 0.32013888888888886 0.0234615885416666 0.04073148148148149
0 0.20564062500000002 0.3363333333333333 0.028643554687499892 0.023156828703703787
0 0.2561666666666667 0.3369537037037037 0.01926920572916669 0.03515682870370361
2 0.2961875 0.34574074074074074 0.018241210937499967 0.05465682870370356
2 0.26805729166666664 0.3483703703703704 0.024504557291666746 0.03242361111111104
2 0.6224479166666667 0.38879629629629625 0.03439192708333347 0.03521180555555572
0 0.7127604166666667 0.425462962962963 0.0203125 0.026851851851851852
0 0.6885416666666667 0.42592592592592593 0.030208333333333334 0.025925925925925925
0 0.4044270833333333 0.7381851851851852 0.023389973958333362 0.028721064814814772
0 0.6409166666666667 0.8168796296296297 0.022415364583333285 0.052784722222222163
0 0.8144843749999999 0.5790740740740741 0.029694661458333372 0.03060995370370363