0 0.06935416666666665 0.04037037037037039 0.017735026041666775 0.055539351851851916
2 0.07717187499999997 0.2323148148148148 0.020820638020833233 0.053731481481481456
0 0.10217187499999998 0.24220370370370375 0.014608723958333413 0.04527546296296279
0 0.190296875 0.24728703703703708 0.03125032552083328 0.018565393518518596
0 0.18769270833333335 0.2826203703703704 0.017708984375000014 0.02871875000000012
0 0.06258333333333331 0.28477777777777774 0.020860026041666774 0.043611111111111024
0 0.07430208333333331 0.2980555555555555 0.017200520833333264 0.04447106481481498
0 0.0078125 0.34675925925925927 0.015625 0.04351851851851852
0 0.7054635416666667 0.0658055555555556 0.012972656250000015 0.04268634259259253
0 0.7500885416666667 0.1121018518518519 0.018762695312500098 0.031435185185185226
0 0.6921770833333334 0.13910185185185187 0.01879947916666668 0.050939814814814695
0 0.5989583333333334 0.9592592592592593 0.01875 0.02962962962962963