0 0.00390625 0.35833333333333334 0.0078125 0.020370370370370372
0 0.09166666666666666 0.011574074074074073 0.019791666666666666 0.023148148148148147
0 0.21666666666666667 0.006944444444444444 0.029166666666666667 0.013888888888888888
0 0.17925 0.07890740740740743 0.011444986979166672 0.05278356481481473
0 0.07723437499999998 0.18490740740740744 0.027087890624999982 0.05185590277777776
0 0.20893749999999997 0.7579444444444445 0.015598958333333357 0.037866898148148156
0 0.5791666666666667 0.4787037037037037 0.08229166666666667 0.1037037037037037
0 0.9765625 0.38287037037037036 0.0296875 0.026851851851851852
0 0.9369791666666667 0.5087962962962963 0.07682291666666667 0.1
0 0.4315104166666667 0.40185185185185185 0.06432291666666666 0.06435185185185185
0 0.9567708333333333 0.6949074074074074 0.08515625 0.05324074074074074
1 0.896875 0.7620370370370371 0.10963541666666667 0.08472222222222223
0 0.9890625 0.8842592592592593 0.021354166666666667 0.05138888888888889
0 0.8161458333333333 0.42268518518518516 0.0875 0.08194444444444444