0 0.23984375 0.17955555555555558 0.027556640625000028 0.03339236111111103
0 0.23072395833333334 0.23726851851851852 0.0125244140625 0.045379629629629624
0 0.24339583333333337 0.2895740740740741 0.027085937499999938 0.02963831018518527
0 0.16379166666666667 0.3168888888888889 0.029636718750000075 0.01946064814814808
0 0.26180729166666666 0.3212129629629629 0.014037109374999919 0.03142592592592577
0 0.3006145833333333 0.3239814814814815 0.02185091145833328 0.018572916666666592
0 0.07245312500000001 0.3374074074074074 0.02397493489583334 0.04354571759259245
0 0.3313489583333334 0.3551574074074075 0.022905273437500047 0.045323495370370295
0 0.24435416666666665 0.36070370370370364 0.028151692708333443 0.03249999999999992
0 0.23897395833333335 0.39419444444444446 0.023432942708333234 0.03517013888888877
0 0.208328125 0.42521296296296296 0.028076171875 0.02313425925925938
0 0.23506770833333335 0.4347777777777777 0.018745442708333233 0.05268634259259249
0 0.8194322916666666 0.20793518518518522 0.031243489583333308 0.028796296296296424
2 0.10859375 0.5981481481481481 0.15651041666666668 0.1449074074074074
0 0.4588541666666667 0.9074074074074074 0.14973958333333334 0.07592592592592592
0 0.4388020833333333 0.524074074074074 0.08229166666666667 0.07916666666666666
1 0.755265625 0.6460462962962963 0.08123242187499997 0.05828356481481478