0 0.049192708333333356 0.06013888888888888 0.030782552083333314 0.03895486111111111
0 0.033739583333333316 0.16413888888888886 0.026572916666666658 0.03983912037037037
0 0.22293749999999998 0.35105555555555557 0.01976920572916659 0.03797916666666681
0 0.2032916666666667 0.351537037037037 0.01924348958333333 0.05270370370370356
0 0.25955208333333335 0.368574074074074 0.028115234375000023 0.024171296296296312
0 0.20678125 0.3882037037037037 0.020834309895833295 0.0240711805555556
0 0.17951562499999998 0.3922407407407407 0.025503580729166586 0.037028935185185005
0 0.3063541666666667 0.429537037037037 0.024979166666666684 0.025980324074074
0 0.12915625 0.450212962962963 0.03440006510416668 0.02685937500000006
0 0.07133333333333335 0.4554537037037037 0.014609374999999977 0.05187789351851856
0 0.011343749999999986 0.49496296296296294 0.017198567708333338 0.0343495370370369
0 0.17161458333333332 0.4981481481481482 0.021354166666666667 0.040740740740740744
0 0.8260625 0.5445185185185185 0.02602050781249995 0.03893692129629624
0 0.8553177083333333 0.5465277777777777 0.020823567708333237 0.04167650462962958
0 0.5627604166666667 0.55 0.005729166666666666 0.03888888888888889
0 0.95446875 0.6065462962962963 0.03591861979166661 0.029677083333333527
0 0.9877604166666667 0.612037037037037 0.0234375 0.046296296296296294
2 0.7688437499999999 0.7650185185185185 0.029190755208333384 0.03797453703703708