0 0.20165104166666664 0.43480555555555556 0.02915397135416657 0.031472222222222124
0 0.35618750000000005 0.5150370370370371 0.031771809895833295 0.028712384259259344
2 0.20163020833333334 0.5379999999999999 0.015593098958333348 0.03143171296296293
0 0.21329166666666666 0.5498518518518519 0.01295833333333339 0.029644675925925835
0 0.17323958333333334 0.5539537037037037 0.016164713541666605 0.047228587962962996
0 0.23748958333333334 0.5654351851851851 0.019837890624999945 0.04625925925925908
0 0.24575000000000002 0.5759351851851852 0.028132161458333253 0.037017939814814715
0 0.19558854166666664 0.6278888888888889 0.021875 0.037938657407407296
0 0.18908854166666664 0.6633796296296297 0.0354127604166667 0.023111111111111145
0 0.16195833333333334 0.6926666666666667 0.022873046874999994 0.022131944444444367
0 0.05266666666666667 0.7667037037037037 0.020865234374999986 0.05934606481481482
2 0.00546875 0.788425925925926 0.0109375 0.058333333333333334
0 0.20321354166666664 0.8080555555555556 0.017695638020833234 0.05000405092592591
0 0.6806354166666667 0.5641111111111111 0.030725911458333262 0.015748842592592557
0 0.29010416666666666 0.9824074074074074 0.025 0.03333333333333333