0 0.26953125 0.02824074074074074 0.016145833333333335 0.05648148148148148
2 0.2424322916666667 0.1940740740740741 0.020337890624999962 0.038881365740740685
0 0.2583229166666667 0.29066666666666674 0.02495052083333332 0.03894675925925926
0 0.2900625 0.33043518518518517 0.023934895833333414 0.036981481481481324
0 0.17158854166666668 0.3347962962962963 0.02450585937499999 0.04171469907407396
0 0.19546874999999997 0.3463703703703704 0.019783203124999933 0.03713194444444462
0 0.29921875 0.3773148148148148 0.0203125 0.028703703703703703
0 0.3015625 0.4148148148148148 0.015625 0.03148148148148148
0 0.47161458333333334 0.010185185185185186 0.020572916666666666 0.01990740740740741
0 0.7265625 0.09768518518518518 0.02265625 0.020833333333333332
0 0.62890625 0.10648148148148148 0.022135416666666668 0.033796296296296297
0 0.6671875 0.11481481481481481 0.025260416666666667 0.016666666666666666
0 0.7328125 0.12175925925925926 0.0296875 0.03009259259259259
0 0.6838541666666667 0.1310185185185185 0.01875 0.04675925925925926
0 0.82109375 0.14027777777777778 0.04635416666666667 0.014814814814814815
0 0.63359375 0.14305555555555555 0.014583333333333334 0.03564814814814815
0 0.7104166666666667 0.14907407407407408 0.029166666666666667 0.018518518518518517
0 0.43645833333333334 0.15092592592592594 0.037760416666666664 0.05324074074074074
0 0.6528645833333333 0.17592592592592593 0.021614583333333333 0.03425925925925926
0 0.7330729166666666 0.2199074074074074 0.01953125 0.02962962962962963
0 0.7578125 0.23842592592592593 0.015625 0.028703703703703703
0 0.7481770833333333 0.25462962962962965 0.016145833333333335 0.03009259259259259
0 0.4510416666666667 0.3314814814814815 0.03619791666666667 0.05185185185185185
0 0.4739583333333333 0.4134259259259259 0.029166666666666667 0.02638888888888889
0 0.69453125 0.05324074074074074 0.027604166666666666 0.029166666666666667
0 0.20129687500000001 0.9039351851851852 0.025496419270833334 0.03982407407407407