2 0.15015624999999996 0.07633333333333334 0.0291744791666666 0.049137731481481504
0 0.14147916666666666 0.1983888888888889 0.016175781250000063 0.0583541666666667
0 0.19765104166666667 0.22585185185185186 0.013045572916666732 0.024103587962962976
0 0.23541666666666666 0.25763888888888886 0.023982421874999934 0.04723206018518511
0 0.2653697916666667 0.30639814814814814 0.02443294270833339 0.03339004629629627
0 0.2441822916666667 0.3255277777777778 0.014066406249999967 0.041760416666666605
0 0.2598958333333333 0.37012962962962964 0.027130859374999972 0.018534722222222154
0 0.295234375 0.3715185185185185 0.018231770833333272 0.05831597222222226
0 0.2467916666666667 0.3926296296296296 0.011977213541666623 0.04448842592592604
0 0.26154687499999996 0.39558333333333334 0.0250126953125001 0.02685937500000006
0 0.045890625000000004 0.4157962962962962 0.01669986979166668 0.03157291666666677
0 0.27604687499999997 0.43076851851851855 0.026088541666666742 0.03427314814814803
0 0.22013541666666664 0.4931018518518518 0.014049479166666738 0.050970486111111137
0 0.06848958333333334 0.5625 0.021354166666666667 0.032407407407407406
2 0.8111145833333334 0.30392592592592593 0.028128255208333404 0.0768680555555555