0 0.014510416666666673 0.20824999999999996 0.01718815104166668 0.03894560185185183
2 0.041598958333333276 0.24728703703703708 0.016146158854166735 0.040787615740740815
0 0.390625 0.1449074074074074 0.06145833333333333 0.23425925925925925
0 0.49267187500000004 0.16687962962962966 0.1447701822916666 0.12127893518518523
0 0.8018072916666666 0.19319444444444442 0.06723502604166663 0.25557291666666665
3 0.6606770833333333 0.26666666666666666 0.0828125 0.2833333333333333
0 0.48515625 0.34629629629629627 0.13385416666666666 0.12407407407407407
0 0.371875 0.3675925925925926 0.023958333333333335 0.08148148148148149
0 0.21875 0.5212962962962963 0.06848958333333334 0.22407407407407406
0 0.029427083333333333 0.5680555555555555 0.058854166666666666 0.10648148148148148
0 0.3294270833333333 0.5819444444444445 0.06067708333333333 0.13842592592592592
0 0.08671875 0.711574074074074 0.0921875 0.20555555555555555
3 0.16822916666666668 0.749537037037037 0.07552083333333333 0.41064814814814815
0 0.026302083333333334 0.7810185185185186 0.048177083333333336 0.2851851851851852
0 0.29973958333333334 0.8157407407407408 0.11927083333333334 0.11805555555555555
0 0.12994791666666666 0.9625 0.05390625 0.07314814814814814
0 0.10989583333333333 0.4671296296296296 0.046875 0.11574074074074074
0 0.030729166666666665 0.9796296296296296 0.06145833333333333 0.040740740740740744
0 0.3190104166666667 0.9837962962962963 0.08098958333333334 0.030555555555555555
0 0.15807291666666667 0.47129629629629627 0.04453125 0.12314814814814815
0 0.2625 0.4930555555555556 0.05 0.1675925925925926
0 0.5762083333333334 0.6665833333333333 0.027078125000000005 0.03339004629629627