0 0.08723958333333333 0.1480648148148148 0.024455078125000067 0.044472800925926016
0 0.463421875 0.16072222222222227 0.013008463541666515 0.06213194444444462
0 0.06362499999999999 0.17151851851851851 0.024972656249999996 0.03242592592592591
0 0.12873437499999998 0.2141111111111111 0.017683593750000053 0.023130787037037078
0 0.13211979166666665 0.2310833333333334 0.0171751302083333 0.04532291666666647
0 0.10234375 0.2321666666666667 0.015056640625000029 0.03701967592592597
0 0.09643749999999998 0.2772222222222222 0.01355501302083333 0.03608391203703718
0 0.027682291666666654 0.2837037037037037 0.030180338541666765 0.021349537037037146
0 0.05589062499999997 0.2852407407407407 0.029173177083333356 0.02416550925925936
0 0.080203125 0.28787037037037033 0.019816080729166668 0.024100694444444605
0 0.11258333333333331 0.29157407407407404 0.01669270833333331 0.038835648148148036
0 0.06709375000000002 0.3059259259259259 0.021351562500000063 0.04164004629629613
0 0.12265625 0.3218148148148148 0.03181835937499997 0.03249768518518505
0 0.023166666666666676 0.32628703703703704 0.021304036458333304 0.0435694444444445
0 0.8783854166666667 0.8726851851851852 0.062239583333333334 0.08611111111111111