0 0.231765625 0.13449074074074074 0.013517578125000066 0.05278703703703703
2 0.23993229166666666 0.18232407407407406 0.029674479166666736 0.025953703703703677
0 0.2765625 0.19768518518518519 0.025 0.019444444444444445
0 0.24536458333333336 0.23332407407407407 0.023945963541666632 0.024118634259259284
0 0.25821875 0.23357407407407407 0.025498697916666656 0.01665509259259255
0 0.2799114583333333 0.23912037037037037 0.01509440104166669 0.042556712962963025
0 0.2519635416666667 0.2521296296296296 0.02710677083333337 0.024064814814814824
0 0.19105208333333337 0.2653333333333333 0.03072623697916666 0.021342013888888938
0 0.2646770833333333 0.26741666666666664 0.028622395833333415 0.017614583333333392
0 0.23880208333333333 0.28817592592592595 0.016121744791666733 0.043510995370370315
0 0.27058333333333334 0.29408333333333336 0.009833984374999953 0.044462962962963155
0 0.18783854166666666 0.3256666666666667 0.025492838541666767 0.037049768518518586
0 0.63340625 0.25361111111111106 0.028139322916666622 0.033361111111111084
0 0.2838541666666667 0.5986111111111111 0.010416666666666666 0.03796296296296296
0 0.22647916666666668 0.7242592592592593 0.011463216145833262 0.04262152777777778
0 0.21190104166666668 0.7271666666666666 0.009901692708333224 0.03609317129629633
0 0.19599479166666664 0.7457037037037038 0.021366861979166648 0.018527777777777768
0 0.22190624999999997 0.763287037037037 0.012527994791666686 0.04164525462962969
0 0.21407812499999998 0.7899814814814815 0.024991536458333265 0.02871238425925924
0 0.14236458333333335 0.7984166666666667 0.022383463541666634 0.017565393518518557
0 0.21873958333333335 0.837425925925926 0.028159505208333258 0.024915509259259203
0 0.26650520833333335 0.9642037037037038 0.0109498697916667 0.050871527777777856
0 0.5436562500000001 0.7372592592592593 0.030725911458333262 0.015748842592592557