0 0.18203125 0.010648148148148148 0.015104166666666667 0.021296296296296296
0 0.03409375000000002 0.11660185185185186 0.018281901041666635 0.042653935185185156
0 0.132546875 0.12431481481481481 0.03068098958333335 0.04354050925925932
0 0.062828125 0.14437962962962964 0.022410807291666758 0.042622685185185104
0 0.0067708333333333336 0.14953703703703702 0.013541666666666667 0.04351851851851852
0 0.431375 0.16474074074074074 0.030224609375 0.03894907407407402
0 0.0067708333333333336 0.17407407407407408 0.013541666666666667 0.04814814814814815
0 0.037046875 0.20548148148148154 0.012484700520833414 0.04632523148148148
0 0.26535416666666667 0.2120648148148148 0.023429036458333267 0.03521064814814823
0 0.1750625 0.21507407407407406 0.028640299479166607 0.02408680555555557
0 0.016036458333333316 0.21627777777777782 0.02553124999999999 0.056577546296296286
0 0.1549375 0.2541481481481482 0.028659505208333276 0.03059722222222229
0 0.007552083333333333 0.2712962962962963 0.015104166666666667 0.06851851851851852
0 0.31565104166666663 0.27672222222222226 0.029219401041666752 0.024157407407407332
0 0.12611458333333334 0.2786388888888888 0.012542968750000109 0.050032407407407484
0 0.17210937500000004 0.27930555555555553 0.028665039062500005 0.02499131944444457
0 0.4668854166666667 0.2901944444444444 0.03332682291666676 0.04727777777777794
0 0.24283333333333335 0.290324074074074 0.02866276041666668 0.025927083333333358
0 0.2889947916666666 0.3027222222222223 0.010939127604166762 0.029663194444444544
0 0.154703125 0.3030277777777778 0.01767513020833332 0.062041666666666766
0 0.19619270833333335 0.3086296296296297 0.02030598958333331 0.026863425925925968
0 0.26884375 0.31272222222222223 0.02553027343749991 0.02036574074074064
0 0.15558333333333335 0.3156111111111111 0.03229101562499999 0.02776157407407393
0 0.12696354166666665 0.3213888888888889 0.0145751953125 0.04447048611111115
0 0.29898437499999997 0.32751851851851854 0.022927408854166487 0.04076331018518515
0 0.266609375 0.33523148148148146 0.030195963541666634 0.022177662037037013
0 0.3929166666666667 0.33817592592592594 0.024996093750000153 0.056496527777777895
0 0.08514583333333334 0.3398796296296297 0.02963736979166664 0.016572916666666725
0 0.3666979166666666 0.3554629629629629 0.03123046875000005 0.024100694444444605
0 0.14708333333333332 0.3557037037037037 0.00781738281249993 0.05739120370370356
0 0.01690104166666669 0.3637962962962963 0.021407552083333316 0.048201388888888995
0 0.247265625 0.3693611111111111 0.02448209635416667 0.03705671296296297
0 0.13248437500000002 0.3750740740740741 0.01875651041666669 0.046336805555555596
0 0.16343749999999999 0.37809259259259265 0.024462890625 0.02961689814814829
0 0.21959895833333334 0.38007407407407406 0.02291861979166671 0.028687500000000067
0 0.26193229166666665 0.38122222222222224 0.03125716145833325 0.0342644675925926
0 0.13695312500000004 0.39337962962962963 0.009371419270833315 0.03701562500000006
0 0.5260416666666666 0.052314814814814814 0.0125 0.05092592592592592
0 0.553734375 0.15238888888888893 0.022891276041666585 0.04546643518518518
0 0.6594739583333333 0.22050925925925924 0.026567382812500047 0.03146354166666659
0 0.5709114583333333 0.22825925925925925 0.01044986979166668 0.02491203703703701
0 0.6351458333333333 0.22896296296296295 0.025520833333333333 0.012940393518518552
0 0.5859687499999999 0.2320648148148148 0.009377929687500005 0.03421759259259274
2 0.5540729166666668 0.23234259259259255 0.017690104166666623 0.025947916666666727
0 0.5406041666666667 0.2356574074074074 0.014540364583333344 0.04155555555555566
2 0.6042760416666667 0.23762037037037037 0.03177115885416673 0.034252314814814874
0 0.5285572916666667 0.2444537037037037 0.01665690104166669 0.051862847222222355
2 0.6331197916666668 0.2567777777777778 0.024489257812500043 0.043531249999999855
0 0.553875 0.2645925925925926 0.016170572916666733 0.03795486111111115
0 0.5703177083333333 0.2683333333333333 0.017702148437499923 0.041646990740740734
0 0.10729166666666666 0.9930555555555556 0.014583333333333334 0.012037037037037037
0 0.7405364583333333 0.7221388888888889 0.0307246093749999 0.02316666666666686