0 0.04088541666666667 0.016352636127917042 0.027556640625000028 0.03117005185825403
0 0.031765625000000006 0.0702247191011236 0.012548828125 0.042368193604148646
0 0.41298958333333335 0.091685393258427 0.01768033854166665 0.04844533275713069
0 0.044437500000000026 0.11904926534140019 0.027085937499999938 0.027665838375108116
0 0.06284895833333332 0.14858254105445115 0.014037109374999919 0.02933448573897997
0 0.10165624999999998 0.1511668107173725 0.0218629557291667 0.017311473638720695
0 0.13239062500000004 0.1802679343128782 0.022905273437500047 0.04230715211754531
0 0.045395833333333316 0.1854451166810717 0.028151692708333443 0.030337078651685313
0 0.04001562500000002 0.21670700086430425 0.023435221354166556 0.0328365384615384
0 0.01171875 0.24546240276577355 0.0234375 0.02247191011235955
0 0.03610937500000002 0.25458945548833184 0.018745442708333233 0.04917999135695755
0 0.7489479166666667 0.19236819360414864 0.09998893229166667 0.3310296024200518
0 0.6817239583333332 0.2952376836646499 0.2094114583333333 0.13747623163353506
0 0.7369791666666666 0.3941227312013829 0.17916666666666667 0.06914433880726016
0 0.5981770833333333 0.3690579083837511 0.0765625 0.11927398444252377
0 0.6497395833333334 0.7874503025064823 0.009871744791666732 0.029341508210890335
0 0.7248385416666667 0.8138029386343993 0.013009114583333314 0.045851879861711395
0 0.6798645833333334 0.8212964563526362 0.014580078124999929 0.03196305099394991
0 0.7713697916666666 0.8293604148660328 0.012457031250000009 0.052808988764045064