0 0.1435885416666667 0.2846574074074074 0.011967773437500048 0.050956018518518435
0 0.12171354166666669 0.2933425925925926 0.020343749999999973 0.047197916666666666
0 0.10180729166666667 0.35532407407407407 0.010972656250000056 0.04167824074074078
0 0.084828125 0.37892592592592594 0.019794921875000072 0.029626157407407542
0 0.16815625 0.41102777777777777 0.01718782552083328 0.03891724537037046
0 0.08377604166666668 0.42193518518518525 0.022899088541666758 0.024964120370370428
2 0.1952447916666666 0.45006481481481486 0.016146484375000134 0.040834490740740685
0 0.08701562500000003 0.4546203703703704 0.022896484375000033 0.02783159722222224
0 0.10540104166666667 0.4625 0.014076822916666624 0.03057523148148149
0 0.09011458333333332 0.4831666666666667 0.012514648437500024 0.03794386574074085
0 0.06067187500000001 0.5323055555555556 0.019319010416666654 0.05190393518518506
0 0.05772395833333335 0.6020555555555556 0.024991861979166665 0.02130208333333325
0 0.6440937499999999 0.3128796296296296 0.030715820312500006 0.03336168981481491