0 0.03411458333333333 0.005092592592592593 0.0265625 0.010185185185185186
0 0.10728125000000001 0.05422222222222217 0.027108072916666733 0.03245312500000005
0 0.090359375 0.1011388888888889 0.019221354166666652 0.05091203703703716
2 0.10094791666666669 0.15327777777777774 0.018235677083333356 0.05656944444444447
0 0.56171875 0.013425925925925926 0.0234375 0.026851851851851852
0 0.6329791666666668 0.05732407407407404 0.026534505208333434 0.037017361111111105
0 0.6958333333333333 0.08695370370370367 0.01974479166666659 0.024130787037037013
0 0.6309791666666666 0.1360185185185185 0.02346256510416668 0.033360532407407266
2 0.024911458333333355 0.7682777777777778 0.0182252604166667 0.04260879629629623
0 0.25124479166666674 0.863175925925926 0.03645507812500005 0.04538425925925914
0 0.7921250000000001 0.673675925925926 0.01614388020833341 0.04712847222222228