0 0.19283333333333333 0.21011111111111114 0.030224609375 0.03894907407407402
0 0.02681250000000001 0.25743518518518516 0.023429036458333267 0.03521064814814828
0 0.07710937499999998 0.3220925925925926 0.029193033854166828 0.024115740740740597
0 0.22834375000000004 0.33556481481481476 0.03332682291666676 0.04727777777777794
0 0.009375 0.33564814814814814 0.01875 0.026851851851851852
0 0.050453124999999946 0.3480925925925926 0.010939127604166762 0.029663194444444544
0 0.030302083333333306 0.3580925925925926 0.02553027343749991 0.02036574074074064
0 0.06044270833333331 0.37288888888888894 0.022927408854166487 0.04076331018518515
0 0.028067708333333326 0.3806018518518518 0.030195963541666634 0.022177662037037013
0 0.15437500000000004 0.38354629629629633 0.024996093750000153 0.056496527777777895
0 0.12815624999999997 0.4008333333333333 0.03123046875000005 0.024100694444444605
0 0.010677083333333334 0.41435185185185186 0.021354166666666667 0.03796296296296296
0 0.023390624999999984 0.42659259259259263 0.03126432291666662 0.03426967592592594
2 0.19035416666666669 0.7449814814814815 0.02651236979166664 0.03065162037037036
0 0.3023489583333333 0.776462962962963 0.029664713541666644 0.02689930555555575
0 0.09528125 0.9441851851851852 0.018777343749999946 0.02408043981481485