0 0.012838541666666654 0.04855555555555555 0.017216145833333366 0.05098842592592592
0 0.09618229166666664 0.1326574074074074 0.013046223958333414 0.04164351851851854
0 0.09887500000000002 0.17493518518518514 0.01510579427083331 0.04996990740740738
0 0.202453125 0.18573148148148141 0.01821875000000001 0.05371238425925929
0 0.04695833333333332 0.21025925925925928 0.012473307291666558 0.048244212962962954
2 0.10306770833333333 0.2823703703703704 0.023959960937499976 0.031459490740740684
0 0.11543229166666666 0.2851574074074074 0.015102213541666624 0.02954166666666664
0 0.06845312499999998 0.28537962962962965 0.019240885416666607 0.03984606481481486
2 0.07966145833333335 0.3020740740740741 0.024976562499999962 0.03338541666666675
2 0.04224479166666668 0.3131296296296296 0.026029296874999965 0.027758101851851843
0 0.17822395833333335 0.33046296296296296 0.02085546875000001 0.035239583333333255
0 0.13247395833333334 0.33308333333333334 0.017710286458333377 0.04631134259259271
0 0.009375 0.36157407407407405 0.01875 0.013888888888888888
0 0.09479166666666666 0.36203703703703705 0.020833333333333332 0.012962962962962963
0 0.6335885416666667 0.5539351851851851 0.0265380859375 0.03797222222222221