0 0.4013125 0.34421296296296294 0.027581380208333308 0.03334259259259258
0 0.36033333333333334 0.3798518518518519 0.02864257812499993 0.03612847222222218
0 0.3606770833333333 0.41380555555555554 0.01505729166666659 0.022277777777777938
0 0.4506197916666667 0.44126851851851856 0.023969726562499953 0.05097222222222218
0 0.20909375000000002 0.4678055555555556 0.017214192708333322 0.04537789351851858
0 0.20130208333333333 0.4962962962962963 0.0234375 0.044444444444444446
0 0.33151041666666664 0.5148148148148148 0.030729166666666665 0.007407407407407408
0 0.18932291666666667 0.6027777777777777 0.08229166666666667 0.07916666666666666
0 0.5864583333333333 0.5296296296296297 0.0296875 0.020370370370370372
0 0.5471354166666667 0.625462962962963 0.07682291666666667 0.0763888888888889
0 0.04192708333333333 0.5439814814814815 0.06432291666666666 0.049074074074074076
0 0.5666666666666667 0.7675925925925926 0.08515625 0.040740740740740744
1 0.5067708333333333 0.8185185185185185 0.10963541666666667 0.06435185185185185
0 0.5989583333333334 0.9120370370370371 0.021354166666666667 0.03935185185185185
0 0.42604166666666665 0.5597222222222222 0.0875 0.0625
0 0.8436614583333333 0.6320277777777777 0.021358072916666634 0.05183449074074068
0 0.8049427083333334 0.7523796296296297 0.025569661458333334 0.025093749999999942
2 0.8268541666666667 0.7703611111111112 0.01616373697916664 0.051881365740740856
0 0.8505416666666666 0.7832129629629629 0.011460937500000056 0.05004398148148139
0 0.7936562500000001 0.8428055555555556 0.023443359374999893 0.054643518518518404
0 0.7661354166666666 0.8585370370370371 0.02919205729166663 0.04167361111111105
0 0.7806354166666668 0.8878611111111111 0.02551822916666673 0.02224768518518511
0 0.8111927083333333 0.9045277777777778 0.019295247395833333 0.044418402777777734