0 0.24884895833333331 0.15720370370370368 0.03177994791666663 0.02965624999999995
0 0.19432812500000002 0.22833333333333336 0.023974609375 0.051844328703703646
0 0.3558125 0.2505555555555556 0.017735026041666775 0.055539351851851916
0 0.2129114583333333 0.31999074074074074 0.02031770833333333 0.024065393518518538
0 0.2475520833333333 0.35516666666666663 0.025009114583333294 0.0565775462962964
0 0.2521510416666667 0.36812962962962964 0.025030598958333292 0.034355324074074066
0 0.22526041666666666 0.37824074074074077 0.0140625 0.041666666666666664
0 0.23802083333333332 0.3824074074074074 0.0125 0.03333333333333333
0 0.22143229166666664 0.5740092592592593 0.025027994791666567 0.04635648148148143
0 0.2830729166666667 0.6903518518518519 0.024526692708333304 0.026946759259259438
0 0.2702291666666667 0.7176666666666667 0.02656054687499996 0.024026620370370178
0 0.3450625 0.7317037037037037 0.0213990885416667 0.043534722222222155
0 0.27751562500000004 0.8448055555555556 0.021356445312500107 0.052803240740740665