0 0.26108333333333333 0.15105555555555555 0.02081998697916667 0.0361035879629629
0 0.10979166666666665 0.17862037037037035 0.0213502604166667 0.03150925925925924
2 0.24891666666666665 0.1813425925925926 0.021861328124999937 0.020377893518518576
2 0.29159375 0.18591666666666665 0.02238867187500008 0.02403125000000012
0 0.31748437500000004 0.19094444444444447 0.020274739583333336 0.024093750000000008
0 0.2695625 0.19204629629629627 0.017196614583333294 0.05553819444444449
2 0.35376562500000003 0.19212037037037039 0.025516276041666685 0.023140624999999942
0 0.2356875 0.19852777777777775 0.015074869791666619 0.04349710648148154
0 0.3331302083333334 0.20021296296296298 0.019787434895833417 0.03242881944444439
0 0.11057291666666665 0.20052777777777783 0.020326171874999945 0.023241898148148088
0 0.250265625 0.21148148148148146 0.019258789062500035 0.030569444444444538
0 0.292703125 0.22324074074074077 0.02494466145833331 0.03334953703703718
2 0.228 0.23937037037037034 0.0161744791666667 0.038031250000000016
0 0.08244270833333331 0.2574629629629629 0.021884765624999976 0.05379513888888899
0 0.045546874999999994 0.28230555555555553 0.019325520833333283 0.0463483796296295
0 0.1970416666666667 0.29480555555555554 0.019796874999999995 0.05097685185185191
0 0.1701302083333333 0.3130092592592592 0.021382161458333233 0.03527430555555561
0 0.06325520833333335 0.3975648148148148 0.019297851562500027 0.06020891203703703
0 0.10807291666666667 0.5291666666666667 0.07473958333333333 0.1388888888888889
0 0.39401041666666664 0.55 0.14244791666666667 0.04259259259259259
0 0.271875 0.5875 0.05390625 0.13148148148148148
0 0.17760416666666667 0.6027777777777777 0.08828125 0.11805555555555555
0 0.0734375 0.46620370370370373 0.04192708333333333 0.032407407407407406
0 0.3859375 0.6166666666666667 0.12734375 0.07546296296296297
0 0.46458333333333335 0.6347222222222222 0.05807291666666667 0.1175925925925926
0 0.36953125 0.6976851851851852 0.11796875 0.058333333333333334
0 0.04739583333333333 0.7171296296296297 0.09453125 0.10925925925925926
0 0.4890625 0.7291666666666666 0.09973958333333334 0.0837962962962963
3 0.2265625 0.7435185185185185 0.16380208333333332 0.1050925925925926
0 0.12369791666666667 0.7537037037037037 0.103125 0.08333333333333333
0 0.39140625 0.799074074074074 0.08151041666666667 0.11898148148148148
0 0.4708333333333333 0.8138888888888889 0.0890625 0.13287037037037036
0 0.3377604166666667 0.8189814814814815 0.07083333333333333 0.13425925925925927
0 0.028645833333333332 0.8430555555555556 0.057291666666666664 0.11527777777777778
0 0.26848958333333334 0.8467592592592592 0.05807291666666667 0.15138888888888888
0 0.20286458333333332 0.8555555555555555 0.05651041666666667 0.12916666666666668
0 0.08958333333333333 0.8574074074074074 0.06822916666666666 0.1259259259259259
0 0.30520833333333336 0.4930555555555556 0.06536458333333334 0.08611111111111111
0 0.14479166666666668 0.8953703703703704 0.04635416666666667 0.12638888888888888
0 0.42265625 0.4962962962962963 0.12604166666666666 0.04814814814814815
0 0.34270833333333334 0.9277777777777778 0.13359375 0.06620370370370371
0 0.03125 0.9462962962962963 0.05 0.10555555555555556
0 0.16614583333333333 0.9819444444444444 0.06145833333333333 0.03518518518518519
0 0.21119791666666668 0.5064814814814815 0.05807291666666667 0.11296296296296296
0 0.021354166666666667 0.513425925925926 0.04244791666666667 0.12638888888888888
2 0.5847239583333333 0.6554722222222222 0.017162760416666718 0.040796296296296455