0 0.20961458333333335 0.04899074074074071 0.010963541666666642 0.048176504629629725
0 0.15240104166666668 0.07090740740740745 0.024495768229166673 0.04726967592592612
0 0.32057291666666665 0.08911111111111111 0.017139973958333363 0.03242476851851848
0 0.36849479166666665 0.10207407407407408 0.017141927083333286 0.02501736111111107
0 0.31171875 0.1195092592592593 0.02651497395833336 0.024167824074074015
0 0.39801562500000004 0.12213888888888887 0.028102213541666643 0.03512962962962947
2 0.12071354166666666 0.20792592592592588 0.022402018229166685 0.04356365740740734
0 0.21499999999999997 0.23369444444444443 0.0244752604166667 0.03798842592592585
0 0.009375 0.42314814814814816 0.01875 0.03518518518518519
0 0.7138020833333333 0.2310185185185185 0.14036458333333332 0.17314814814814813
0 0.0795208333333333 0.7454537037037037 0.06928287760416664 0.10276909722222224
0 0.9479270833333333 0.6607222222222222 0.030185872395833258 0.034211805555555364
0 0.8888020833333333 0.6616481481481482 0.02758040364583335 0.0249525462962961
2 0.9654635416666667 0.6739907407407407 0.025498046874999975 0.029574074074073912
2 0.9813489583333334 0.682324074074074 0.016678059895833285 0.05367534722222213
0 0.9877604166666667 0.9074074074074074 0.0234375 0.06666666666666667