0 0.9064453125 0.07630208333333334 0.042578125 0.15260416666666668
0 0.48429687499999996 0.11242187499999995 0.0782734375 0.084640625
0 0.9892578125 0.12265625 0.020703125 0.12864583333333332
0 0.6013828125 0.13123437500000001 0.04823046875000001 0.14424479166666668
0 0.6769101562500001 0.13555729166666666 0.10030078125 0.08315624999999999
0 0.9810546875 0.14166666666666666 0.037109375 0.09270833333333334
0 0.9435625 0.1644895833333333 0.048019531249999935 0.06347395833333333
0 0.4126953125 0.18984375 0.045703125 0.1265625
0 0.7182578125 0.20441145833333335 0.08140625000000004 0.17224479166666667
0 0.976171875 0.2328125 0.046875 0.10833333333333334
0 0.6005859375 0.28489583333333335 0.066796875 0.10833333333333334
0 0.5099609375 0.28671875 0.062109375 0.1046875
0 0.965625 0.30182291666666666 0.06796875 0.07447916666666667
1 0.792578125 0.30755208333333334 0.0796875 0.06302083333333333
1 0.8017578125 0.008333333333333333 0.102734375 0.016666666666666666
1 0.5521484375 0.03177083333333333 0.163671875 0.06354166666666666
1 0.5021484375 0.04921875 0.085546875 0.0984375
0 0.96328125 0.039322916666666666 0.065625 0.07864583333333333
0 0.39765625 0.039322916666666666 0.015625 0.07864583333333333
1 0.6861328125 0.050520833333333334 0.122265625 0.10104166666666667
1 0.84609375 0.07578125 0.07578125 0.1515625
2 0.1494140625 0.3572916666666667 0.005859375 0.03515625
0 0.00703125 0.5669270833333333 0.0046875 0.01484375
0 0.0263671875 0.5763020833333333 0.0087890625 0.030989583333333334
0 0.1669921875 0.5872395833333334 0.0091796875 0.030989583333333334
0 0.140625 0.6203125 0.007421875 0.0359375
2 0.1595703125 0.64453125 0.009375 0.03567708333333333
0 0.06015625 0.6682291666666667 0.011328125 0.017708333333333333
0 0.172265625 0.6716145833333333 0.008203125 0.028125
0 0.184375 0.69609375 0.0064453125 0.03854166666666667
0 0.1728515625 0.7010416666666667 0.01171875 0.028385416666666666
0 0.1958984375 0.7080729166666667 0.0099609375 0.02265625
0 0.1658203125 0.7130208333333333 0.00859375 0.023697916666666666
0 0.196875 0.7221354166666667 0.007421875 0.037760416666666664
0 0.157421875 0.7236979166666667 0.0064453125 0.029947916666666668
0 0.1333984375 0.7684895833333333 0.0099609375 0.02265625
0 0.217578125 0.7770833333333333 0.00859375 0.021614583333333333
0 0.1056640625 0.778125 0.009765625 0.021354166666666667
0 0.025 0.8466145833333333 0.0107421875 0.027604166666666666
0 0.0623046875 0.88203125 0.0087890625 0.034375
0 0.2931640625 0.9028645833333333 0.0125 0.021614583333333333
0 0.005859375 0.9291666666666667 0.01171875 0.027083333333333334
0 0.8861328125 0.46953125 0.0275390625 0.12526041666666668
0 0.6615234375 0.4859375 0.0458984375 0.10833333333333334
1 0.5921875 0.48932291666666666 0.0365234375 0.13177083333333334
0 0.40703125 0.3575520833333333 0.034375 0.0359375
0 0.8529296875 0.5135416666666667 0.03671875 0.12317708333333334
1 0.4525390625 0.5276041666666667 0.0640625 0.11380208333333333
0 0.405078125 0.5346354166666667 0.03046875 0.14010416666666667
1 0.54140625 0.5364583333333334 0.0755859375 0.062239583333333334
0 0.62890625 0.5455729166666666 0.0283203125 0.12291666666666666
0 0.6583984375 0.5622395833333333 0.0365234375 0.09609375
0 0.7357421875 0.36380208333333336 0.027734375 0.0484375
0 0.7314453125 0.5752604166666667 0.0466796875 0.12916666666666668
0 0.873046875 0.59375 0.0681640625 0.07057291666666667
0 0.59453125 0.5989583333333334 0.0677734375 0.05677083333333333
0 0.6892578125 0.6270833333333333 0.066015625 0.06458333333333334
0 0.4431640625 0.36953125 0.071875 0.05963541666666667
0 0.4935546875 0.6453125 0.026953125 0.13125
0 0.89375 0.64609375 0.0705078125 0.08020833333333334
0 0.569921875 0.64921875 0.06171875 0.04375
0 0.4333984375 0.6559895833333333 0.0650390625 0.0625
0 0.5248046875 0.6682291666666667 0.0396484375 0.13046875
0 0.6291015625 0.6841145833333333 0.042578125 0.08723958333333333
0 0.9400390625 0.6846354166666667 0.0404296875 0.109375
0 0.8322265625 0.7015625 0.05625 0.050520833333333334
0 0.9654296875 0.37786458333333334 0.039453125 0.0765625
0 0.6734375 0.7203125 0.0380859375 0.14166666666666666
0 0.511328125 0.37942708333333336 0.0576171875 0.0796875
0 0.5822265625 0.7388020833333333 0.041796875 0.08567708333333333
0 0.609375 0.37994791666666666 0.06328125 0.08072916666666667
0 0.3978515625 0.7557291666666667 0.016015625 0.13307291666666668
0 0.4486328125 0.7604166666666666 0.0755859375 0.06536458333333334
3 0.7091796875 0.76328125 0.0375 0.20807291666666666
0 0.538671875 0.7989583333333333 0.0654296875 0.075
0 0.8169921875 0.8049479166666667 0.0732421875 0.06171875
0 0.6443359375 0.8223958333333333 0.055078125 0.1
0 0.8802734375 0.8372395833333334 0.0640625 0.10807291666666667
0 0.7578125 0.8372395833333334 0.0361328125 0.13385416666666666
0 0.4244140625 0.8471354166666667 0.069140625 0.084375
1 0.559375 0.8533854166666667 0.0640625 0.12395833333333334
0 0.621875 0.8565104166666667 0.04453125 0.11979166666666667
0 0.808984375 0.89296875 0.0669921875 0.06614583333333333
0 0.5857421875 0.9221354166666667 0.0634765625 0.0796875
0 0.4462890625 0.92734375 0.075 0.08411458333333334
0 0.6818359375 0.9317708333333333 0.058984375 0.08411458333333334
0 0.7607421875 0.9330729166666667 0.06484375 0.06536458333333334
0 0.90625 0.4010416666666667 0.0435546875 0.12265625
0 0.6095703125 0.9557291666666666 0.059765625 0.0875
0 0.9896484375 0.9578125 0.019921875 0.08333333333333333
0 0.4076171875 0.9604166666666667 0.035546875 0.06666666666666667
0 0.6576171875 0.9770833333333333 0.0236328125 0.045572916666666664
0 0.7419921875 0.97734375 0.062890625 0.044270833333333336
0 0.8134765625 0.97734375 0.070703125 0.044270833333333336
0 0.584765625 0.9859375 0.0421875 0.027083333333333334
0 0.4931640625 0.98671875 0.037890625 0.025520833333333333
0 0.55 0.40677083333333336 0.03828125 0.11119791666666666
0 0.401171875 0.43333333333333335 0.02265625 0.10416666666666667
0 0.4548828125 0.4401041666666667 0.0455078125 0.08802083333333334
0 0.7876953125 0.4453125 0.05234375 0.09713541666666667
0 0.4923828125 0.45208333333333334 0.0748046875 0.050520833333333334
0 0.7388671875 0.45260416666666664 0.0525390625 0.10364583333333334
0 0.7037109375 0.45859375 0.053515625 0.09453125