0 0.47641666666666665 0.032972222222222236 0.017178059895833306 0.05369733796296293
0 0.16655729166666663 0.04810185185185184 0.030734049479166713 0.027810185185185157
0 0.2679635416666667 0.12386111111111109 0.0265384114583334 0.029641203703703746
0 0.23540625 0.13187962962962962 0.029141927083333265 0.01947511574074078
0 0.3769895833333334 0.1330648148148148 0.025519856770833252 0.03335127314814812
0 0.40525520833333334 0.14064814814814813 0.028103515625000006 0.033346643518518494
0 0.366859375 0.1558148148148148 0.02604882812499992 0.019416666666666693
0 0.37813541666666667 0.17152777777777778 0.030235026041666658 0.023171296296296277
0 0.25268229166666667 0.1758611111111111 0.02705598958333333 0.027837962962962908
0 0.42285937500000004 0.17639814814814814 0.016646809895833316 0.05095659722222216
0 0.40053645833333335 0.18391666666666667 0.017698567708333356 0.0564525462962963
2 0.3364114583333333 0.2189259259259259 0.028109700520833412 0.03424826388888886
0 0.2884479166666667 0.22725925925925922 0.013011393229166756 0.04351273148148138
0 0.30498437500000003 0.23768518518518517 0.010953776041666667 0.04446527777777771
0 0.319765625 0.2569166666666667 0.012490234375000023 0.04360763888888894
2 0.2796041666666667 0.26754629629629634 0.024995442708333235 0.031524884259259256
0 0.33965625 0.30384259259259255 0.02656770833333333 0.027853009259259216
0 0.09953645833333334 0.31350000000000006 0.024966796874999985 0.017687500000000175
0 0.3229270833333333 0.31860185185185186 0.018721354166666634 0.024054976851851963
0 0.4275104166666666 0.32083333333333336 0.022384114583333316 0.05087905092592606
0 0.29991666666666666 0.32084259259259257 0.022415364583333406 0.021250000000000043
0 0.3720364583333333 0.3256481481481482 0.02345507812500003 0.01947743055555554
0 0.2796458333333333 0.32822222222222225 0.02293164062500009 0.023169560185185126
0 0.340796875 0.328287037037037 0.024458984375000034 0.015812499999999882
0 0.38971875 0.33512962962962967 0.028678385416666667 0.020456018518518495
0 0.48431250000000003 0.33925925925925926 0.022393880208333408 0.04542476851851844
0 0.01531770833333333 0.3499074074074074 0.020827473958333353 0.042646990740740666
0 0.5388385416666667 0.35145370370370377 0.01610742187499999 0.02694444444444457
0 0.4024010416666667 0.3540833333333333 0.02756705729166657 0.023156250000000177
0 0.21377083333333335 0.35483333333333333 0.032289713541666744 0.018508680555555657
0 0.4513958333333334 0.35706481481481483 0.021876627604166525 0.04073842592592609
0 0.25614062499999996 0.3578055555555555 0.029683593750000032 0.015708333333333258
0 0.288828125 0.36011111111111105 0.01822591145833338 0.03886226851851836
0 0.4210312500000001 0.3656018518518519 0.019273437500000056 0.03333738425925945
0 0.299875 0.3729166666666667 0.012514322916666742 0.037012731481481584
0 0.19491666666666668 0.3757592592592593 0.01823079427083331 0.04257638888888875
0 0.3382395833333333 0.381037037037037 0.031248046874999956 0.01947453703703706
0 0.27473437500000003 0.38279629629629625 0.017203124999999986 0.025023726851851842
0 0.23328125 0.3856388888888889 0.014634114583333377 0.039736111111111076
0 0.25552604166666665 0.39829629629629626 0.018229166666666668 0.037946180555555716
0 0.29188020833333334 0.4024351851851852 0.0296998697916667 0.021230324074073898
0 0.469296875 0.40283333333333327 0.015604492187500086 0.03152719907407413
0 0.24532291666666667 0.4052777777777778 0.014557942708333372 0.030539351851851918
0 0.31565104166666663 0.4074444444444444 0.015681640624999934 0.03324074074074083
0 0.3761510416666667 0.4133981481481482 0.03385611979166659 0.023151620370370236
0 0.187484375 0.41348148148148145 0.031198567708333277 0.030462962962963046
0 0.27153125 0.4153703703703704 0.02187565104166668 0.024072916666666642
0 0.24554687500000003 0.4400833333333333 0.0172122395833334 0.043530092592592634
0 0.13660416666666667 0.443574074074074 0.014588867187500002 0.042637731481481415
0 0.26269270833333336 0.44625000000000004 0.02556119791666672 0.040688657407407326
0 0.042494791666666656 0.453287037037037 0.021372395833333318 0.05282233796296299
0 0.16968749999999996 0.45637962962962964 0.024984700520833295 0.018543981481481404
0 0.30703125 0.5018518518518519 0.019270833333333334 0.012962962962962963
0 0.681875 0.037592592592592615 0.027094075520833153 0.04999247685185179
0 0.65453125 0.2455925925925926 0.015082682291666672 0.030538194444444486
0 0.6836979166666667 0.26596296296296296 0.02657324218749982 0.03982291666666663
0 0.6796875 0.47824074074074074 0.017708333333333333 0.06018518518518518
0 0.58125 0.6222222222222222 0.05625 0.06111111111111111
0 0.2847239583333333 0.7566296296296297 0.0562382812500001 0.07126967592592587
0 0.3702708333333333 0.845 0.06039453125000011 0.06388715277777784
2 0.5333749999999999 0.8685462962962963 0.02396907552083339 0.08328587962962965
0 0.161265625 0.910212962962963 0.04425618489583331 0.06299247685185197
0 0.5583333333333333 0.9560185185185185 0.026041666666666668 0.08611111111111111