0 0.3481875 0.04394444444444445 0.014106770833333353 0.054699074074074074
0 0.16934375 0.28342592592592597 0.02605664062500009 0.019436921296296237
0 0.19713541666666667 0.2953703703703704 0.030729166666666665 0.007407407407407408
2 0.8013020833333333 0.04722222222222222 0.0796875 0.09444444444444444
0 0.37135416666666665 0.6953703703703704 0.09192708333333334 0.33055555555555555
3 0.19114583333333332 0.725925925925926 0.09348958333333333 0.5069444444444444
0 0.5123958333333333 0.3692407407407407 0.011971354166666733 0.04817361111111114
0 0.6115416666666665 0.4071944444444444 0.020846679687499994 0.05371585648148143
0 0.6288177083333333 0.4521018518518518 0.018751953125000043 0.056493055555555595
0 0.6469635416666667 0.4521018518518518 0.01877539062500008 0.047197916666666666
0 0.65321875 0.588962962962963 0.012475911458333282 0.0463923611111111
0 0.6614635416666667 0.6463611111111112 0.017731445312499972 0.04634317129629637
0 0.6263906250000001 0.64775 0.030704427083333385 0.02139120370370388
0 0.6516562499999999 0.6636481481481482 0.0218629557291667 0.04445254629629626
0 0.6223958333333334 0.6795462962962963 0.012547526041666639 0.036981481481481324
2 0.6511302083333333 0.7008333333333333 0.020846028645833434 0.053730324074074236
0 0.5927916666666666 0.7258333333333333 0.01876367187500006 0.02965625000000016
0 0.5729947916666667 0.7790648148148148 0.014611328124999901 0.05653240740740747
0 0.5545052083333334 0.7931018518518518 0.022367838541666765 0.03434837962962968
2 0.6215260416666666 0.8954074074074073 0.0270878906250001 0.04823379629629627