0 0.04613960867265997 0.030048076923076924 0.006874669487043892 0.005608974358974359
0 0.1897144368059228 0.07371794871794872 0.010179799048122686 0.009014423076923076
0 0.2242199894235854 0.0797275641025641 0.014806980433632998 0.005608974358974359
0 0.15111052353252247 0.10717147435897435 0.010840824960338445 0.0078125
0 0.201216287678477 0.10877403846153846 0.00819672131147541 0.007612179487179487
0 0.2611052353252247 0.11197916666666667 0.01573241671073506 0.005408653846153846
0 0.316234796404019 0.11398237179487179 0.0186409307244844 0.005809294871794872
0 0.2710206240084611 0.11518429487179487 0.01414595452141724 0.0078125
0 0.33553675304071917 0.11838942307692307 0.00978318350079323 0.009815705128205128
2 0.25449497620306716 0.11838942307692307 0.017979904812268643 0.007211538461538462
0 0.239555790586991 0.1187900641025641 0.01573241671073506 0.004607371794871795
0 0.2053146483342147 0.12379807692307693 0.008857747223691169 0.007411858974358974
0 0.024325753569539928 0.1362179487179487 0.009915388683236383 0.0078125
0 0.039000528820729775 0.14122596153846154 0.013484928609201481 0.010416666666666666
0 0.1757006874669487 0.16366185897435898 0.014806980433632998 0.008814102564102564
2 0.9071760973030143 0.1626241987179487 0.010019830777366468 0.024063000801282042
2 0.7600105764145955 0.18238782051282051 0.00898929138022215 0.015632011217948688
0 0.7175647805393971 0.19253605769230772 0.011367662612374423 0.01398187099358977
0 0.15402961396086726 0.6431129807692307 0.134080843469064 0.4010461738782051
0 0.7686409307244844 0.6262019230769231 0.010576414595452142 0.026041666666666668
0 0.8225806451612904 0.6282051282051282 0.004494976203067161 0.031850961538461536
0 0.789132734003173 0.6342147435897436 0.007403490216816499 0.024439102564102564
0 0.8040719196192491 0.6460336538461539 0.008064516129032258 0.038661858974358976
0 0.7794817556848228 0.6486378205128205 0.005817028027498678 0.03766025641025641
0 0.7739291380222104 0.6526442307692307 0.005420412480169222 0.031049679487179488
2 0.7632205182443151 0.7425881410256411 0.010576414595452142 0.040865384615384616