0 0.08793229166666669 0.11940740740740742 0.020308593750000034 0.042659722222222266
0 0.12586979166666665 0.2474722222222222 0.025546223958333412 0.028728009259259262
0 0.4078125 0.013888888888888888 0.015625 0.027777777777777776
1 0.121875 0.6013888888888889 0.19322916666666667 0.19768518518518519
0 0.31015625 0.6337962962962963 0.14270833333333333 0.2912037037037037
0 0.39088541666666665 0.6652777777777777 0.0171875 0.16296296296296298
0 0.25494791666666666 0.8740740740740741 0.165625 0.2199074074074074
0 0.04765625 0.8828703703703704 0.0953125 0.2310185185185185
0 0.32395833333333335 0.9490740740740741 0.08359375 0.10138888888888889
0 0.353125 0.399537037037037 0.0921875 0.1597222222222222
0 0.24895833333333334 0.44583333333333336 0.11380208333333333 0.2518518518518518
0 0.7365416666666665 0.6329444444444445 0.029139973958333225 0.04176157407407425
0 0.7697916666666667 0.6459074074074075 0.028077473958333363 0.034354166666666845
0 0.8204062499999999 0.6704444444444445 0.013529622395833366 0.02958217592592573
0 0.921984375 0.7164166666666667 0.02290657552083341 0.03334085648148154