0 0.33539583333333334 0.2168703703703704 0.028132812499999934 0.02318865740740745
0 0.35860416666666667 0.23244444444444445 0.025509440104166715 0.031466435185185174
2 0.11307291666666668 0.301925925925926 0.02399348958333333 0.048244212962962954
0 0.3915208333333334 0.3046851851851851 0.02447428385416662 0.048112268518518575
0 0.3883645833333333 0.365287037037037 0.02965755208333327 0.030576388888888924
0 0.3487395833333334 0.36570370370370375 0.020308593750000034 0.023148148148148147
0 0.36878645833333334 0.3738518518518518 0.024991210937499987 0.02410358796296308
0 0.45364583333333336 0.37726851851851856 0.011485677083333338 0.03517592592592594
0 0.3264791666666667 0.38366666666666666 0.023975911458333242 0.03800173611111122
0 0.35789062499999996 0.40428703703703706 0.01822949218749995 0.045331018518518715
2 0.018437500000000002 0.42166666666666663 0.01978906249999997 0.04354513888888905
0 0.23286458333333335 0.4315 0.023958007812500053 0.044497685185185085
0 0.3653645833333333 0.45694444444444443 0.0171875 0.023148148148148147
0 0.5864583333333333 0.08842592592592592 0.053125 0.17685185185185184
0 0.86328125 0.4060185185185185 0.10989583333333333 0.125
0 0.484375 0.9875 0.016666666666666666 0.023148148148148147
0 0.8248593750000001 0.6504074074074074 0.09271777343750003 0.21578993055555556
0 0.6066770833333334 0.7708888888888888 0.06768880208333335 0.23420833333333338
0 0.5697916666666667 0.8046296296296296 0.019791666666666666 0.18333333333333332
0 0.5950520833333334 0.9148148148148149 0.0703125 0.08888888888888889
0 0.5966145833333333 0.962037037037037 0.0578125 0.07407407407407407