0 0.20648958333333337 0.06937962962962964 0.018255533854166592 0.04262326388888893
0 0.3049427083333333 0.07709259259259259 0.030705078125000066 0.04352951388888892
0 0.11255208333333334 0.09082407407407406 0.016701171874999983 0.039798611111111076
0 0.23522395833333334 0.09715740740740741 0.02242578125000006 0.04265277777777772
0 0.17809895833333333 0.10271296296296296 0.01567903645833339 0.04265277777777772
0 0.179140625 0.12694444444444447 0.013595703125000054 0.04723842592592586
0 0.09553125000000001 0.15548148148148155 0.023954427083333306 0.05188078703703704
0 0.20944270833333334 0.15825925925925932 0.012484700520833414 0.04632523148148148
0 0.43775000000000003 0.16484259259259257 0.023420572916666653 0.03523611111111117
0 0.3474583333333333 0.16785185185185184 0.028634765624999996 0.02409953703703712
0 0.18843229166666664 0.1690555555555556 0.025526041666666662 0.056529513888888834
0 0.01488020833333333 0.19127777777777782 0.023456705729166673 0.030603587962962853
0 0.32733333333333337 0.20692592592592593 0.028659505208333276 0.03059722222222229
0 0.10091666666666667 0.21350000000000005 0.02761100260416664 0.060232638888889085
0 0.173328125 0.22368518518518524 0.02759440104166663 0.06749652777777779
0 0.29851041666666667 0.23141666666666663 0.012521484374999996 0.05001620370370385
0 0.34450520833333337 0.2320833333333333 0.028665039062500005 0.02499131944444457
0 0.41522916666666665 0.24310185185185182 0.028654296875000065 0.025926504629629747
0 0.46139062499999994 0.25550000000000006 0.010940755208333286 0.02969675925925925
0 0.3270989583333333 0.25580555555555556 0.017691731770833267 0.0620393518518519
0 0.3685885416666667 0.2614074074074075 0.02029947916666662 0.026874999999999875
0 0.4412395833333333 0.2655 0.02553027343749991 0.02036574074074064
0 0.32797916666666665 0.2683888888888889 0.03229101562499999 0.02776157407407393
0 0.299359375 0.27416666666666667 0.0145751953125 0.04447048611111115
0 0.46458333333333335 0.2800925925925926 0.009375 0.041666666666666664
0 0.43900520833333334 0.28800925925925924 0.030195963541666634 0.022177662037037013
0 0.08450520833333333 0.28895370370370377 0.023965494791666705 0.05374999999999996
0 0.25754166666666667 0.2926574074074075 0.02966243489583332 0.016619791666666592
0 0.31947916666666665 0.30848148148148147 0.00781738281249993 0.05739120370370356
0 0.18929687500000003 0.31657407407407406 0.02138085937499999 0.04817476851851868
0 0.41966145833333335 0.32213888888888886 0.02448209635416667 0.03705671296296297
0 0.30488020833333335 0.3278518518518519 0.018753255208333406 0.04631655092592605
0 0.3358333333333333 0.3308703703703704 0.024471028645833334 0.029623263888889067
0 0.3919947916666667 0.33285185185185184 0.02291861979166671 0.028687500000000067
0 0.434328125 0.334 0.03125716145833325 0.0342644675925926
0 0.11307291666666668 0.34480555555555553 0.021910156249999996 0.03986689814814802
0 0.30934895833333337 0.3461574074074074 0.009367838541666628 0.03699421296296287
2 0.06558333333333334 0.3705740740740741 0.020848307291666698 0.04908680555555562
0 0.038234375 0.371962962962963 0.021872070312500026 0.04259895833333337
0 0.009635416666666667 0.4134259259259259 0.019270833333333334 0.041666666666666664
0 0.40347916666666667 0.52025 0.025544921875000053 0.0481944444444444
0 0.8528645833333334 0.13703703703703704 0.015885416666666666 0.05555555555555555
0 0.9450520833333333 0.16574074074074074 0.03177083333333333 0.052314814814814814
0 0.9033854166666667 0.22824074074074074 0.03177083333333333 0.03564814814814815
0 0.8736979166666666 0.2388888888888889 0.037760416666666664 0.03888888888888889
0 0.9765625 0.24537037037037038 0.019270833333333334 0.033796296296296297
0 0.6403645833333333 0.32222222222222224 0.033854166666666664 0.05462962962962963
0 0.615625 0.40324074074074073 0.03697916666666667 0.04722222222222222
0 0.9010416666666666 0.4217592592592593 0.030989583333333334 0.050462962962962966
0 0.36875 0.9490740740740741 0.09791666666666667 0.1