0 0.11232812499999997 0.2761574074074074 0.009870442708333253 0.049093750000000005
2 0.12109375 0.2903518518518519 0.021377929687499984 0.05838136574074063
0 0.14410416666666664 0.3090277777777778 0.015092122395833367 0.046305555555555544
0 0.22206770833333328 0.3091759259259259 0.022916992187500065 0.048176504629629725
0 0.1911614583333333 0.3418888888888889 0.025998046874999996 0.03983217592592588
0 0.08758333333333332 0.3468240740740741 0.015611979166666737 0.06023206018518526
0 0.10833333333333334 0.3471388888888889 0.024976562499999962 0.03521296296296294
0 0.21399479166666666 0.36503703703703705 0.02656315104166668 0.023164351851851783
0 0.17119270833333336 0.3696666666666667 0.027592773437500048 0.03241550925925923
0 0.12734895833333332 0.37553703703703706 0.01193294270833339 0.056386574074073895
0 0.047296874999999974 0.4591574074074074 0.01719401041666669 0.04079282407407395
0 0.6864583333333333 0.37962962962962965 0.013541666666666667 0.03518518518518519
0 0.7297812499999999 0.4037777777777778 0.013517578124999948 0.029534722222222046
0 0.831359375 0.44975000000000004 0.02290657552083341 0.03334085648148154