0 0.18738541666666667 0.30193518518518514 0.022390299479166664 0.037954282407407426
2 0.11558854166666667 0.3101111111111111 0.019279296875000008 0.037096064814814735
0 0.41275520833333335 0.3972037037037037 0.012993489583333328 0.03884085648148138
0 0.38282812499999996 0.4206666666666667 0.009360351562499977 0.026888888888889066
0 0.42578125 0.42407407407407405 0.0067708333333333336 0.025925925925925925
0 0.394875 0.4306018518518518 0.024985677083333376 0.020471064814814696
0 0.36165625 0.4345 0.010928710937499985 0.0472471064814815
0 0.4061197916666667 0.45006481481481486 0.019789062499999944 0.03610474537037055
0 0.3609322916666667 0.4514814814814815 0.023984700520833256 0.04538599537037039
2 0.41318750000000004 0.4560092592592593 0.02131445312500008 0.03611111111111111
0 0.3728697916666667 0.4740370370370371 0.014586263020833339 0.03884548611111111
0 0.29616145833333335 0.7149537037037037 0.03699316406249989 0.06575694444444438
2 0.08647395833333332 0.794287037037037 0.04898763020833332 0.05004629629629636
2 0.167625 0.7971851851851852 0.05415722656250003 0.04449652777777776
0 0.0171875 0.8074074074074075 0.034375 0.06111111111111111
0 0.23584895833333336 0.8614444444444445 0.02758854166666668 0.04914236111111113
2 0.38619791666666664 0.5532407407407407 0.043229166666666666 0.06759259259259259
0 0.6355989583333332 0.5686018518518517 0.017707356770833252 0.05276909722222224
2 0.9583020833333333 0.6888055555555556 0.022861979166666657 0.053759259259259416
0 0.6118958333333334 0.7108703703703704 0.01301920572916669 0.022213541666666583
0 0.6238802083333332 0.7310925925925926 0.02239453125000009 0.04347106481481462
0 0.5819427083333333 0.7525277777777778 0.027088541666666664 0.038903935185185305
0 0.5610208333333333 0.7542314814814816 0.02809830729166656 0.02675810185185191
0 0.9196666666666666 0.7636388888888889 0.03281933593749997 0.03519270833333339
2 0.9586510416666666 0.7730555555555555 0.017170898437499933 0.05187847222222238
0 0.9360729166666667 0.7752129629629629 0.030214843750000143 0.03797048611111117