0 0.09244791666666667 0.004629629629629629 0.0265625 0.009259259259259259
0 0.17369791666666667 0.009722222222222222 0.015104166666666667 0.019444444444444445
0 0.24889062499999995 0.0878796296296296 0.027604492187500065 0.04632465277777787
2 0.4807864583333333 0.08957407407407408 0.02602473958333344 0.0592679398148149
0 0.13098958333333333 0.1213703703703704 0.015080403645833348 0.04069328703703684
0 0.48434375 0.17953703703703702 0.034347330729166715 0.033359953703703864
2 0.21598958333333335 0.20931481481481476 0.03383203124999999 0.027869212962963064
0 0.18255729166666665 0.25452777777777774 0.015126953125000024 0.05648784722222205
0 0.18237499999999998 0.9279907407407407 0.023985026041666777 0.04168171296296308
0 0.20026041666666666 0.9293796296296296 0.02556835937499997 0.035201388888888824
0 0.9014375 0.7798425925925926 0.024465494791666487 0.03427314814814803