0 0.011197916666666667 0.01990740740740741 0.021354166666666667 0.03981481481481482
2 0.14500520833333333 0.10921296296296301 0.01618098958333327 0.037097222222222274
0 0.34299479166666663 0.11997222222222227 0.025541015625000087 0.021343750000000192
0 0.17571875 0.12360185185185187 0.024473307291666777 0.021339699074074073
0 0.1590677083333333 0.1275648148148148 0.014048828124999939 0.037941550925925986
2 0.13747916666666668 0.14041666666666663 0.016651692708333363 0.031513888888888966
0 0.31087500000000007 0.14775000000000005 0.027602213541666743 0.03250115740740735
2 0.171203125 0.16524074074074077 0.016682942708333332 0.041763888888888906
0 0.13422395833333337 0.1653518518518519 0.024489583333333325 0.020372106481481626
0 0.198359375 0.1783055555555556 0.029690104166666606 0.041759259259259385
0 0.12675520833333334 0.19146296296296295 0.027584960937499996 0.025928819444444404
0 0.03357291666666669 0.2039166666666667 0.023463541666666643 0.04908101851851846
0 0.07837500000000001 0.22521296296296298 0.029712890624999964 0.036118055555555494
0 0.22423437499999999 0.27612962962962967 0.014018229166666648 0.04538194444444449
2 0.35260416666666666 0.5962962962962963 0.17109375 0.1699074074074074
0 0.49895833333333334 0.600462962962963 0.01875 0.030555555555555555
0 0.688984375 0.6073425925925926 0.02760546874999991 0.031541666666666614
0 0.5581510416666667 0.6246203703703703 0.021368164062499893 0.048138888888888794
0 0.6426302083333333 0.65625 0.025518880208333292 0.04261226851851853
0 0.598265625 0.702388888888889 0.02966210937499992 0.025094907407407583
0 0.6720625000000001 0.7040833333333333 0.02499934895833332 0.045398726851851944
0 0.5634479166666667 0.7175092592592592 0.02551822916666673 0.03706539351851861
0 0.6049427083333333 0.7307870370370371 0.028669921874999935 0.032398148148148155
0 0.6462708333333335 0.740037037037037 0.015106770833333272 0.030572916666666623
0 0.7017500000000001 0.7449722222222223 0.021875 0.028750578703703778
2 0.6763125 0.7463611111111111 0.02556640625000005 0.029723379629629572
0 0.6020833333333333 0.7520740740740741 0.020785807291666694 0.023130787037037078
0 0.6088541666666667 0.7684351851851852 0.023982421874999934 0.03145370370370373
0 0.5828958333333333 0.8477407407407407 0.016639973958333224 0.05083449074074064
0 0.5974791666666666 0.8488148148148148 0.020846679687499994 0.05000636574074077