0 0.0625 0.003703703703703704 0.013541666666666667 0.007407407407407408
0 0.009114583333333334 0.012962962962962963 0.018229166666666668 0.025925925925925925
0 0.01863541666666665 0.013203703703703695 0.025498697916666656 0.01665509259259255
0 0.04010416666666667 0.020370370370370372 0.015625 0.040740740740740744
0 0.06832291666666664 0.025527777777777823 0.022940755208333385 0.02490625000000006
0 0.013020833333333334 0.03194444444444444 0.026041666666666668 0.025
0 0.025093749999999974 0.047046296296296246 0.028634114583333432 0.0176035879629631
0 0.0036458333333333334 0.06759259259259259 0.007291666666666667 0.044444444444444446
0 0.03099999999999999 0.07371296296296298 0.009864908854166642 0.0444537037037037
0 0.499734375 0.23247222222222227 0.012972656250000015 0.04268634259259253
0 0.5443593750000001 0.2787685185185186 0.01877539062500008 0.031388888888888765
0 0.856125 0.3011388888888889 0.024465494791666487 0.03427314814814803
0 0.4864479166666667 0.30576851851851855 0.01879947916666668 0.050939814814814695
0 0.5165520833333334 0.5482314814814814 0.023449218750000018 0.03794444444444436
0 0.6782083333333333 0.5721481481481481 0.029140625000000024 0.027718749999999976
0 0.7371614583333332 0.6381851851851852 0.02291406250000006 0.04168402777777774
2 0.7108541666666668 0.6715277777777777 0.017726562500000043 0.051872685185185216
0 0.7417604166666666 0.6820185185185186 0.016654622395833367 0.037915509259259066
0 0.8432499999999999 0.6847962962962963 0.010458984375000095 0.043423611111110934
0 0.7849947916666667 0.6886481481481481 0.017686197916666656 0.044427083333333374
0 0.6860208333333333 0.6980555555555555 0.015598958333333357 0.023164351851851995
0 0.7836041666666667 0.7613148148148149 0.018251627604166744 0.05463657407407402
0 0.6759479166666668 0.7863240740740741 0.027607096354166673 0.024993055555555616
0 0.6306354166666668 0.7869351851851851 0.027600911458333263 0.035210648148148074
0 0.667703125 0.818574074074074 0.017660156250000014 0.05176157407407421
0 0.6380937499999999 0.838324074074074 0.03022265624999996 0.04164120370370378
0 0.5002604166666667 0.9935185185185185 0.027604166666666666 0.011111111111111112