0 0.4580052083333333 0.47856481481481494 0.024999674479166602 0.029651041666666766
0 0.14401041666666667 0.49537037037037035 0.021354166666666667 0.007407407407407408
0 0.38646874999999997 0.07151851851851852 0.017686197916666656 0.045379050925926014
0 0.22758854166666667 0.07753703703703704 0.02919238281250003 0.037045717592592675
2 0.3572135416666667 0.0966759259259259 0.018227213541666624 0.026907407407407567
0 0.31744791666666666 0.10053703703703708 0.014014973958333362 0.030460648148147973
0 0.025213541666666665 0.10330555555555561 0.02499414062500002 0.0380567129629629
0 0.3395885416666667 0.10424074074074077 0.01349544270833339 0.034164351851851675
0 0.46052604166666666 0.11287037037037034 0.016656575520833408 0.03891608796296282
0 0.305203125 0.13277777777777774 0.019815755208333268 0.03613831018518504
0 0.33446354166666664 0.1386388888888889 0.03126302083333326 0.025933449074074133
0 0.13903645833333333 0.1486666666666666 0.014529296874999946 0.06583217592592602
0 0.27907291666666667 0.22304629629629627 0.029690429687500006 0.025951388888888812
0 0.2493802083333333 0.22582407407407407 0.02031966145833337 0.050050925925925985
0 0.35026562499999997 0.22952777777777778 0.01619270833333341 0.05745833333333339
0 0.17749479166666665 0.2674814814814815 0.02240559895833331 0.025975694444444267
0 0.3754427083333333 0.3896851851851852 0.014064453125000043 0.05930439814814829
0 0.19285937499999997 0.4035740740740741 0.021879557291666647 0.05002256944444462
0 0.6677083333333333 0.08796296296296297 0.09869791666666666 0.13796296296296295
0 0.9505208333333334 0.13240740740740742 0.08567708333333333 0.1300925925925926
1 0.76875 0.21666666666666667 0.07786458333333333 0.18703703703703703
0 0.9247395833333333 0.2861111111111111 0.10182291666666667 0.1162037037037037
0 0.68203125 0.2912037037037037 0.0625 0.13564814814814816
0 0.5479166666666667 0.32314814814814813 0.06432291666666666 0.1412037037037037
0 0.7080729166666667 0.3851851851851852 0.1109375 0.09583333333333334
1 0.728125 0.46944444444444444 0.06979166666666667 0.05925925925925926
0 0.89921875 0.48518518518518516 0.065625 0.02824074074074074
0 0.3064427083333333 0.5696111111111112 0.024991536458333387 0.035193287037037
0 0.31987499999999996 0.6233055555555557 0.011973958333333338 0.051820023148148084
0 0.286421875 0.6538611111111112 0.018729492187499967 0.037043402777777706
0 0.3019322916666667 0.6604444444444444 0.013026041666666661 0.040702546296296306
0 0.3298333333333333 0.6924351851851851 0.027078125000000005 0.022189814814814843
0 0.2948125 0.7160925925925926 0.017716796875000065 0.0416788194444444