0 0.10938020833333333 0.17109259259259257 0.027037109375000055 0.04350462962962964
0 0.07317708333333334 0.3076481481481481 0.03278906249999996 0.026862268518518535
0 0.010416666666666666 0.34074074074074073 0.020833333333333332 0.05
0 0.11806249999999997 0.3659722222222222 0.019246744791666614 0.04724074074074072
0 0.08758854166666664 0.40176851851851847 0.015651041666666643 0.05561111111111127
0 0.12566145833333334 0.4106388888888889 0.01510677083333339 0.03600462962962962
0 0.20794791666666665 0.4116481481481482 0.0213626302083334 0.03247106481481494
2 0.18994270833333335 0.42567592592592596 0.02970572916666665 0.03148379629629635
0 0.10572916666666667 0.43594444444444447 0.034389648437500024 0.014808449074074252
0 0.11298437499999997 0.45725000000000005 0.013518229166666748 0.03518287037037053
0 0.09356249999999999 0.46494444444444444 0.015638671875000062 0.05464236111111097
0 0.18473958333333335 0.4654351851851852 0.024466471354166686 0.025032407407407482
0 0.14991666666666667 0.5085 0.027098307291666755 0.04260648148148157
0 0.20688020833333334 0.6415555555555555 0.03332324218750002 0.027802083333333442
0 0.7021666666666666 0.40331481481481485 0.029139973958333225 0.026946759259259438
0 0.8635416666666667 0.7319444444444444 0.025 0.06388888888888888
0 0.9880208333333333 0.7305555555555555 0.022916666666666665 0.03888888888888889
0 0.8460833333333333 0.8396666666666666 0.020338867187499925 0.04626446759259253
0 0.8681875 0.8475833333333334 0.03335416666666677 0.021282986111111138
0 0.6024635416666667 0.8724722222222222 0.048970052083333354 0.05833275462962962
0 0.8838802083333334 0.8741203703703704 0.012473958333333358 0.029616898148148187
0 0.9005989583333334 0.9095092592592593 0.032802083333333225 0.018555555555555523
0 0.8662239583333334 0.9109537037037037 0.024988281250000098 0.03697106481481474