0 0.23672916666666666 0.04992592592592594 0.017164713541666644 0.050030092592592515
0 0.13254166666666667 0.12476851851851851 0.02033756510416668 0.06112037037037036
0 0.18116145833333336 0.14760185185185182 0.019273111979166774 0.0546579861111112
0 0.229171875 0.17213888888888887 0.02391276041666662 0.04264814814814831
0 0.17994270833333334 0.17939814814814814 0.0234615885416666 0.04073148148148149
0 0.15616145833333336 0.1955925925925926 0.028641276041666566 0.023165509259259216
0 0.20668750000000002 0.19621296296296292 0.01926920572916669 0.03515682870370361
2 0.2467083333333333 0.205 0.018241210937499967 0.05465682870370356
2 0.21857812499999998 0.20762962962962964 0.024504557291666746 0.03242361111111104
0 0.50390625 0.4199074074074074 0.0078125 0.026851851851851852
0 0.7708437499999999 0.7959074074074074 0.030185872395833258 0.034211805555555364
0 0.71171875 0.7968333333333334 0.02758040364583335 0.0249525462962961
2 0.7883802083333333 0.8091759259259259 0.025509440104166715 0.029601851851851876
2 0.804265625 0.8175092592592592 0.016689453125000024 0.053646990740740766