0 0.19384374999999998 0.04775000000000005 0.0125123697916667 0.052825231481481674
0 0.25461458333333337 0.07090740740740745 0.0171875 0.02310069444444425
0 0.190890625 0.0742962962962963 0.027581380208333308 0.02871180555555552
0 0.23178125 0.08988888888888892 0.0167115885416667 0.04249768518518501
0 0.1573802083333333 0.09019444444444441 0.014557942708333252 0.04901851851851836
0 0.06560937500000001 0.09821296296296302 0.023984049479166696 0.0444907407407407
0 0.18932812499999999 0.10022222222222223 0.01306705729166661 0.0453530092592593
0 0.09903645833333333 0.11564814814814812 0.016695312500000035 0.05931250000000011
0 0.10632812499999998 0.11997222222222227 0.025013997395833223 0.03060185185185181
0 0.3726927083333333 0.21562962962962962 0.02027343749999986 0.051901620370370195
0 0.7298541666666668 0.14250925925925922 0.027080729166666727 0.03336168981481491
0 0.862 0.9084074074074074 0.013520833333333352 0.04810069444444425