0 0.011708333333333343 0.2510092592592592 0.021391276041666647 0.040761574074074006
2 0.11571874999999997 0.33649999999999997 0.014559244791666615 0.041608796296296297
2 0.084375 0.3446666666666667 0.017732096354166654 0.05463831018518527
2 0.1412447916666667 0.36025000000000007 0.02601888020833331 0.03527893518518513
0 0.11233333333333331 0.3810833333333334 0.019246744791666614 0.026945601851851794
0 0.09279687499999997 0.41040740740740744 0.016654296874999967 0.039806712962962995
2 0.1076458333333333 0.41225 0.016133789062500032 0.03797048611111117
2 0.1193645833333333 0.4347777777777777 0.023970703125000034 0.04171238425925931
2 0.3107083333333333 0.5116203703703703 0.03074869791666662 0.03985937500000002
0 0.2768489583333333 0.5225740740740741 0.027644531249999934 0.049123842592592414
0 0.7327239583333333 0.17368518518518522 0.02655729166666667 0.0399097222222224