0 0.16374999999999998 0.2647962962962963 0.031765950520833405 0.0240896990740741
0 0.13904166666666667 0.2658611111111111 0.017190755208333287 0.027859953703703814
0 0.11818749999999997 0.2848425925925926 0.0229121093749999 0.03609143518518518
0 0.13609374999999999 0.2915648148148148 0.02606770833333331 0.024034722222222415
0 0.09063020833333332 0.29913888888888895 0.024980468750000047 0.03332175925925922
0 0.09520312499999999 0.317287037037037 0.019786458333333336 0.045349537037037216
0 0.04364583333333331 0.3344722222222222 0.017191731770833368 0.05278530092592598
2 0.7316041666666666 0.09637037037037041 0.028622395833333415 0.018613425925926103
2 0.7059895833333333 0.1219814814814815 0.013044270833333371 0.05185995370370367
2 0.5807135416666667 0.17922222222222217 0.018698567708333277 0.04723726851851864
0 0.9229531249999999 0.2417129629629629 0.02606119791666662 0.05004513888888882
2 0.3763020833333333 0.7555555555555555 0.06614583333333333 0.15925925925925927
2 0.7778645833333333 0.769888888888889 0.1275885416666667 0.32864988425925923