0 0.01015625 0.034722222222222224 0.0203125 0.025
0 0.059989583333333305 0.040666666666666684 0.028115234375000023 0.04256307870370369
0 0.0033854166666666668 0.13333333333333333 0.0067708333333333336 0.025925925925925925
0 0.024723958333333348 0.13357407407407407 0.018204101562499984 0.03608680555555566
0 0.14490104166666667 0.14636111111111116 0.02396874999999999 0.02587847222222203
2 0.007171874999999991 0.14935185185185182 0.014067057291666648 0.03796527777777783
0 0.17754166666666674 0.16626851851851857 0.021353190104166704 0.06393518518518514
0 0.04609895833333333 0.20407407407407405 0.029710611979166638 0.03428587962962979
0 0.07509895833333337 0.24094444444444446 0.02188671875000002 0.07685821759259262
0 0.5950520833333334 0.18796296296296297 0.03046875 0.12129629629629629
3 0.79921875 0.1962962962962963 0.05755208333333333 0.12731481481481483
0 0.9075520833333334 0.02175925925925926 0.029166666666666667 0.04351851851851852
0 0.84140625 0.02638888888888889 0.0515625 0.052314814814814814
0 0.6028645833333334 0.37083333333333335 0.04609375 0.07777777777777778
0 0.7815104166666667 0.37962962962962965 0.05755208333333333 0.04351851851851852
0 0.94453125 0.38842592592592595 0.05286458333333333 0.047685185185185185
0 0.6317708333333333 0.041666666666666664 0.04348958333333333 0.06296296296296296
0 0.9848958333333333 0.4101851851851852 0.020833333333333332 0.05740740740740741
0 0.7109375 0.04259259259259259 0.046875 0.08518518518518518
0 0.7674479166666667 0.056018518518518516 0.05026041666666667 0.0763888888888889
0 0.6013020833333333 0.07453703703703704 0.039322916666666666 0.09583333333333334
0 0.8776041666666666 0.11527777777777778 0.052083333333333336 0.03888888888888889
0 0.6705729166666666 0.012037037037037037 0.03046875 0.024074074074074074
0 0.01796875 0.5462962962962963 0.0359375 0.13333333333333333
0 0.16205208333333332 0.5655092592592592 0.048929687499999965 0.09261111111111109
0 0.15928125 0.611037037037037 0.10780664062499999 0.08142245370370368
0 0.09953645833333334 0.6533055555555556 0.03439127604166667 0.12134259259259254
0 0.08218229166666667 0.7397314814814815 0.049474283854166676 0.13886111111111113
0 0.6763020833333333 0.8356481481481481 0.14322916666666666 0.32685185185185184