0 0.37665104166666663 0.09915740740740739 0.029141927083333387 0.030538194444444382
0 0.20839583333333334 0.1335648148148148 0.021906901041666652 0.0453900462962963
0 0.181046875 0.14869444444444443 0.02138736979166668 0.04627777777777769
0 0.09301041666666666 0.16412037037037036 0.018265625000000025 0.03983449074074075
2 0.3446666666666667 0.17462962962962966 0.014044921874999972 0.04534722222222219
0 0.44852604166666665 0.217287037037037 0.015664062500000023 0.049093750000000005
0 0.340703125 0.23482407407407407 0.029692708333333328 0.024999421296296388
0 0.36775520833333336 0.24024074074074078 0.01045572916666669 0.02693981481481484
0 0.4042135416666667 0.24531481481481487 0.012518880208333272 0.02590972222222229
0 0.38108854166666667 0.2491111111111111 0.010930989583333309 0.027869212962963064
0 0.4466927083333333 0.25195370370370374 0.02446777343749993 0.038900462962963005
0 0.4171666666666667 0.2698333333333333 0.02501855468749999 0.03608391203703718
0 0.3946510416666667 0.27240740740740743 0.015110677083333357 0.02960763888888883
0 0.3803229166666667 0.27972222222222226 0.014572591145833277 0.04255902777777789
0 0.35967708333333337 0.3174351851851852 0.015151692708333423 0.042556712962963025
0 0.29559375 0.33158333333333334 0.030758463541666715 0.021291087962962956
0 0.35449479166666664 0.35101851851851856 0.010972656249999938 0.055590277777777905
0 0.4125052083333333 0.40914814814814815 0.02087955729166661 0.03708680555555538
0 0.11280729166666666 0.4886203703703704 0.009913736979166702 0.012958333333333232
0 0.1236041666666667 0.7672037037037037 0.031247070312499996 0.023196180555555446
0 0.5046875 0.7342592592592593 0.009375 0.024074074074074074