0 0.12769791666666663 0.3705925925925926 0.013529622395833366 0.03982407407407407
2 0.17675000000000002 0.4005277777777778 0.02499934895833332 0.03620486111111105
2 0.09184375000000002 0.4070092592592593 0.0171748046874999 0.030602430555555633
2 0.017708333333333333 0.4152777777777778 0.01875 0.026851851851851852
0 0.12395833333333334 0.41712962962962963 0.011458333333333333 0.023148148148148147
0 0.7440104166666667 0.07037037037037037 0.05625 0.05648148148148148
0 0.690625 0.2712962962962963 0.06848958333333334 0.03981481481481482
0 0.9377604166666667 0.05185185185185185 0.06171875 0.046296296296296294
0 0.0640625 0.7430555555555556 0.04348958333333333 0.05277777777777778
0 0.24609375 0.7597222222222222 0.03723958333333333 0.11018518518518519
0 0.061197916666666664 0.4666666666666667 0.012239583333333333 0.043055555555555555
0 0.38359375 0.8740740740740741 0.058854166666666666 0.07592592592592592
0 0.6446145833333332 0.9227592592592593 0.024465820312500004 0.03986226851851871