2 0.12274999999999997 0.2965185185185185 0.018241536458333367 0.04723090277777786
0 0.08159374999999998 0.3060833333333334 0.01511718749999993 0.03986168981481489
2 0.15235416666666665 0.307787037037037 0.023415364583333324 0.041694444444444416
0 0.10078125 0.3272222222222222 0.008877604166666704 0.036138888888888866
0 0.08923437500000002 0.3455925925925926 0.012503906249999967 0.03609375000000004
0 0.10599479166666666 0.3685833333333334 0.011956054687500028 0.03888078703703686
2 0.11684895833333335 0.36949999999999994 0.019789062500000062 0.05379513888888899
2 0.3125 0.44305555555555554 0.03125 0.012037037037037037
0 0.05329687500000002 0.7473055555555554 0.0229121093749999 0.047204861111111045
0 0.07691145833333331 0.8610277777777777 0.016120442708333252 0.024130787037037013
0 0.055635416666666694 0.8894166666666667 0.03177376302083334 0.032454282407407484
0 0.04434895833333332 0.9255277777777778 0.027097005208333396 0.023194444444444403
0 0.9823854166666666 0.9708981481481483 0.012524739583333281 0.05287268518518536
0 0.9794270833333333 0.9907407407407407 0.027604166666666666 0.016666666666666666
0 0.94609375 0.9935185185185185 0.015104166666666667 0.011111111111111112