2 0.24270833333333333 0.009722222222222222 0.017708333333333333 0.019444444444444445
2 0.2538854166666667 0.014203703703703734 0.012031901041666633 0.020391203703703526
2 0.21710416666666668 0.015833333333333355 0.0151123046875 0.02962557870370351
0 0.19437500000000002 0.022694444444444437 0.013524414062500038 0.0379346064814816
0 0.17029687500000001 0.03250925925925927 0.015102864583333304 0.037059606481481655
0 0.3171197916666666 0.041268518518518565 0.01822851562499987 0.039721064814814876
0 0.5308958333333333 0.1403518518518519 0.034372395833333395 0.023196180555555446
2 0.18288541666666666 0.5896111111111111 0.12084765624999996 0.1166793981481482
0 0.6849843750000001 0.6951296296296297 0.023945638020833233 0.03147222222222223
0 0.7138020833333333 0.7033055555555556 0.020335937500000036 0.01949131944444452
0 0.5112604166666667 0.715037037037037 0.015087890625 0.02500810185185182
0 0.7278697916666667 0.7181296296296297 0.01610026041666662 0.03971990740740723