0 0.3524583333333334 0.0635277777777778 0.017168619791666846 0.053690972222222154
0 0.04259895833333331 0.0786574074074074 0.030738932291666642 0.027842592592592637
0 0.14400520833333333 0.15441666666666665 0.02651432291666668 0.029652777777777757
0 0.11144791666666667 0.16243518518518518 0.029117187499999985 0.01950578703703701
0 0.25303125000000004 0.16362037037037036 0.025519856770833252 0.03335127314814812
0 0.281296875 0.1712037037037037 0.028103515625000006 0.033346643518518494
0 0.24290104166666668 0.18637037037037035 0.02604882812499992 0.019416666666666693
0 0.25417708333333333 0.20208333333333334 0.030235026041666658 0.023171296296296277
0 0.12872395833333333 0.20641666666666666 0.027069661458333272 0.027807870370370292
0 0.2986979166666667 0.20462962962962963 0.0171875 0.04814814814814815
0 0.27682291666666664 0.2074074074074074 0.018229166666666668 0.04259259259259259
0 0.7927083333333333 0.6069444444444444 0.05 0.22777777777777777