0 0.05175520833333334 0.309212962962963 0.022384765624999994 0.032412037037037135
0 0.037124999999999984 0.31906481481481486 0.013542317708333347 0.03518171296296289
0 0.0036458333333333334 0.3416666666666667 0.007291666666666667 0.037037037037037035
0 0.01978125000000001 0.3519166666666667 0.023921223958333352 0.032405092592592756
0 0.031614583333333356 0.35936111111111113 0.018752278645833325 0.04351157407407413
0 0.5599010416666667 0.12755555555555556 0.01462955729166661 0.051872685185185216
0 0.62996875 0.22060185185185185 0.024436197916666676 0.021314814814814797
0 0.5317760416666667 0.26735185185185184 0.018726888020833363 0.024082754629629714
0 0.511375 0.27676851851851847 0.01614388020833329 0.033304976851851756
0 0.5547812499999999 0.2787777777777778 0.011446289062500033 0.03513773148148129
0 0.8867708333333333 0.32845370370370375 0.024513671874999924 0.05001504629629641
0 0.9655208333333333 0.34681481481481474 0.0317623697916666 0.025091435185185286
0 0.44704166666666667 0.35916666666666663 0.026035807291666775 0.035131944444444334
0 0.94425 0.36811111111111106 0.032265299479166745 0.02865798611111106
0 0.22116666666666665 0.7284444444444444 0.1421875 0.16572337962962963