0 0.037593749999999974 0.21875925925925926 0.013517578124999948 0.060206018518518555
0 0.08456250000000001 0.305787037037037 0.02291796874999991 0.02316666666666665
2 0.34823437499999993 0.3193611111111111 0.022378906250000104 0.05743518518518516
0 0.04002604166666668 0.3241481481481482 0.02656152343749992 0.027825231481481676
0 0.06338020833333337 0.3602592592592593 0.028634440104166714 0.02958217592592573
0 0.016755208333333313 0.36148148148148146 0.017733723958333412 0.03987037037037053
0 0.36264583333333333 0.4060833333333334 0.03853059895833321 0.02694444444444457
0 0.7227447916666667 0.4928240740740741 0.024503906249999947 0.03609143518518518
0 0.6861979166666666 0.5116481481481482 0.014015624999999924 0.017496527777777788
0 0.661890625 0.5192037037037037 0.023435221354166556 0.025934606481481565
0 0.6881979166666667 0.53325 0.016664713541666622 0.033304976851851756
0 0.7407187499999999 0.5363333333333333 0.0125120442708333 0.050934027777777745
0 0.6682291666666667 0.5388055555555555 0.012451822916666681 0.04438773148148151
0 0.7153645833333333 0.5578703703703703 0.024479166666666666 0.021296296296296296