0 0.126804 0.11614933333333331 0.020782250000000023 0.025062666666666702
0 0.099 0.19480533333333333 0.025181999999999972 0.015472666666666676
0 0.048856 0.214 0.019211250000000017 0.028272333333333274
0 0.13347199999999998 0.2284 0.01478149999999996 0.027210666666666657
0 0.11006799999999999 0.24901866666666664 0.012009999999999946 0.03201599999999999
0 0.139308 0.254128 0.011601000000000021 0.020769333333333393
0 0.202504 0.25470933333333334 0.016403249999999935 0.018684999999999976
2 0.188676 0.2627893333333333 0.022827999999999928 0.01813600000000006
0 0.124 0.26870400000000005 0.026411250000000018 0.008529666666666769
0 0.129572 0.280976 0.010382000000000061 0.020265333333333427
0 0.114656 0.285408 0.01200525000000007 0.03147033333333323
0 0.18468 0.28569066666666665 0.018790250000000015 0.01441866666666671
0 0.15793600000000002 0.310496 0.020805749999999987 0.0245373333333333
0 0.537852 0.23010666666666668 0.013992500000000019 0.020788999999999943
0 0.535296 0.34060799999999997 0.022409249999999974 0.009083666666666613
2 0.3596 0.6936 0.009 0.03493333333333333
0 0.08 0.7016 0.0132 0.0304
2 0.2262 0.7224 0.0082 0.02266666666666667
0 0.1878 0.7370666666666666 0.0104 0.020266666666666665
0 0.1566 0.7994666666666667 0.0132 0.0216
0 0.293 0.8213333333333334 0.011 0.03626666666666667
2 0.09 0.8477333333333333 0.0122 0.03573333333333333
2 0.8822 0.6936 0.0106 0.03493333333333333
0 0.5538 0.7016 0.0154 0.0304
2 0.7256 0.7224 0.0096 0.02266666666666667
0 0.6804 0.7370666666666666 0.012 0.020266666666666665
0 0.6438 0.7994666666666667 0.0154 0.0216
0 0.804 0.8213333333333334 0.013 0.03626666666666667
2 0.5656 0.8477333333333333 0.0144 0.03573333333333333