0 0.06253125 0.06385185185185185 0.015644531250000013 0.042627314814814826
0 0.09283333333333334 0.10922222222222223 0.0229248046875 0.04818171296296301
0 0.2893072916666667 0.143787037037037 0.010885416666666713 0.05095370370370368
0 0.32056250000000003 0.19315740740740742 0.027554036458333306 0.03887615740740734
0 0.10533333333333333 0.19532407407407407 0.0166748046875 0.05373611111111108
0 0.018427083333333337 0.24037962962962964 0.024998046875000002 0.051837962962962975
0 0.1833854166666667 0.24423148148148147 0.023924479166666637 0.03891319444444445
0 0.35249479166666664 0.327462962962963 0.023982421874999934 0.03705092592592591
0 0.3232135416666667 0.3287962962962963 0.023428059895833422 0.033369791666666725
0 0.3784895833333334 0.33787962962962964 0.022927408854166723 0.04812962962962954
0 0.3768229166666667 0.3435185185185185 0.03380924479166663 0.038881944444444504
0 0.278359375 0.3587962962962963 0.02241276041666668 0.03428993055555549
0 0.19713541666666667 0.37041666666666667 0.02344335937500001 0.020401620370370317
0 0.3256354166666667 0.38520370370370366 0.023952473958333324 0.03144791666666667
0 0.3661510416666667 0.387675925925926 0.02494466145833331 0.04259837962962955
0 0.10909375 0.4033703703703704 0.020297526041666666 0.03793576388888882
0 0.27447916666666666 0.4039351851851852 0.014542968750000067 0.02961689814814808
0 0.4106510416666667 0.4116944444444444 0.028621744791666733 0.02873726851851841
0 0.367140625 0.4209907407407407 0.023434244791666597 0.035189236111111306
0 0.3233958333333333 0.4279537037037038 0.016651041666666682 0.045379629629629624
0 0.3444010416666667 0.4304907407407407 0.0203248697916667 0.042559606481481285
0 0.10136979166666667 0.43646296296296294 0.009889973958333324 0.02320254629629622
0 0.40097916666666666 0.44091666666666673 0.013562174479166699 0.044436342592592624
0 0.19527083333333334 0.4425925925925926 0.01877376302083338 0.04264583333333323
0 0.040567708333333334 0.44359259259259265 0.016149739583333343 0.04434722222222241
0 0.367734375 0.4492962962962963 0.018802083333333285 0.029593750000000058
0 0.4545885416666666 0.45901851851851855 0.02395572916666661 0.030561342592592508
0 0.415640625 0.465 0.011480468750000009 0.027807870370370396
0 0.39824479166666665 0.4659166666666667 0.010917317708333367 0.03243402777777773
0 0.43057812500000003 0.4692222222222222 0.012523437500000038 0.05552314814814828
0 0.3779166666666667 0.47394444444444445 0.03070605468749991 0.023159143518518444
0 0.47265625 0.48657407407407405 0.013020833333333334 0.04722222222222222
0 0.39428124999999997 0.49141666666666667 0.03023632812500002 0.027798611111111145
0 0.303640625 0.49303703703703705 0.012442708333333267 0.021252314814814696
0 0.18584375 0.4949814814814815 0.017172526041666636 0.050834490740740854
0 0.325671875 0.49522222222222223 0.018247395833333256 0.025954861111111113
0 0.15818229166666667 0.5010370370370371 0.021882161458333313 0.04353067129629646
0 0.34709375 0.5032407407407408 0.01720638020833327 0.024930555555555515
0 0.4438541666666667 0.5035185185185185 0.01668066406250001 0.022220486111111177
0 0.36515625 0.5088703703703704 0.02551171874999992 0.02507060185185171
0 0.4144114583333333 0.5145092592592592 0.015619466145833271 0.030568865740740716
0 0.25993750000000004 0.5178981481481482 0.018794921875000033 0.028771990740740546
0 0.2894947916666667 0.5212037037037037 0.02289518229166667 0.03699652777777773
0 0.2730520833333333 0.5245833333333333 0.016147460937499976 0.03430671296296295
0 0.38857291666666666 0.5246481481481482 0.021875 0.03052546296296294
0 0.3680104166666667 0.5301388888888888 0.01875520833333333 0.03975925925925931
0 0.45213020833333334 0.5362685185185185 0.02809440104166671 0.035232638888889084
0 0.3365520833333333 0.5395740740740741 0.01455078125 0.024119212962962894
0 0.389765625 0.5446481481481482 0.019284505208333396 0.025947337962962905
0 0.40651041666666665 0.5476851851851852 0.0265625 0.021296296296296296
0 0.34817708333333336 0.5458333333333333 0.015104166666666667 0.025
0 0.23619791666666667 0.5458333333333333 0.0265625 0.025
0 0.6224791666666666 0.09961111111111115 0.029152994791666605 0.030603587962962853
2 0.5268802083333334 0.5900462962962963 0.027620768229166672 0.039824652777777726
2 0.7638958333333332 0.6511481481481481 0.018253906249999948 0.04723958333333329
0 0.7227395833333332 0.660712962962963 0.01513020833333331 0.03990856481481476
2 0.7935 0.6624166666666667 0.023415364583333324 0.041694444444444416
0 0.7419270833333333 0.6818518518518518 0.008901041666666743 0.036166666666666826
0 0.7303802083333333 0.7002222222222222 0.012503906249999967 0.03609375000000004
0 0.747140625 0.723212962962963 0.01193294270833339 0.038872685185185045
2 0.7579947916666666 0.7241296296296296 0.019789062500000062 0.05379513888888899
2 0.9535052083333333 0.8100833333333333 0.0307379557291668 0.035210648148148074
2 0.48489583333333336 0.887962962962963 0.010416666666666666 0.05