0 0.757421875 0.11639439906651108 0.0306640625 0.03938156359393232
0 0.7611328125 0.15140023337222872 0.02734375 0.06534422403733955
0 0.819140625 0.16831971995332556 0.0390625 0.04288214702450408
0 0.730859375 0.17123687281213534 0.015234375 0.06096849474912486
0 0.8087890625 0.1971995332555426 0.019921875 0.05105017502917153
0 0.78984375 0.23512252042007 0.0322265625 0.0382147024504084
0 0.771875 0.24299883313885648 0.0220703125 0.060093348891481914
0 0.7970703125 0.3135939323220537 0.028125 0.030338389731621937
0 0.774609375 0.3217619603267211 0.0234375 0.038506417736289385
0 0.7646484375 0.34655775962660446 0.0099609375 0.04813302217036173
0 0.739453125 0.3485997666277713 0.0126953125 0.04929988331388565
0 0.7625 0.3719369894982497 0.0205078125 0.0382147024504084
0 0.7923828125 0.3984830805134189 0.0322265625 0.021295215869311553
0 0.762890625 0.41569428238039674 0.02734375 0.03763127187864644
0 0.6736328125 0.5945157526254375 0.020703125 0.024504084014002333
0 0.683984375 0.6207701283547258 0.017578125 0.022753792298716453
0 0.6818359375 0.6382730455075846 0.007421875 0.022170361726954493
2 0.54823828125 0.8565169194865812 0.014164062499999996 0.031971995332555396