0 0.22178645833333335 0.04992592592592589 0.02655729166666667 0.03894675925925926
0 0.29349479166666664 0.09298148148148144 0.031794270833333374 0.024971064814814814
0 0.29575520833333335 0.12414814814814819 0.02656054687499996 0.03323842592592575
0 0.32779166666666665 0.1418888888888889 0.02083203125000009 0.04350115740740745
0 0.34810416666666666 0.14466666666666667 0.019792317708333347 0.04723032407407404
0 0.2857708333333333 0.16195370370370368 0.014037760416666718 0.05179629629629614
0 0.25677083333333334 0.36500000000000005 0.014559570312500015 0.05463425925925936
2 0.5261302083333333 0.39404629629629634 0.01872460937499992 0.045464120370370315
2 0.07509374999999997 0.5434351851851852 0.0249879557291667 0.040769097222222314
0 0.04505729166666666 0.5704351851851852 0.02755729166666659 0.029724537037037212
2 0.7411458333333333 0.9773148148148149 0.115625 0.04351851851851852