0 0.186375 0.1382314814814815 0.021352539062500023 0.0509398148148148
0 0.06152604166666666 0.28882407407407407 0.01772363281249992 0.05558622685185189
0 0.19470833333333334 0.3247777777777778 0.029684244791666595 0.025947916666666727
0 0.16023958333333332 0.3415925925925926 0.019284179687499996 0.05373321759259261
0 0.21883854166666664 0.36783333333333335 0.026054036458333367 0.03424826388888886
0 0.31145833333333334 0.4009259259259259 0.01875 0.03518518518518519
0 0.23046875 0.4083333333333333 0.0203125 0.020370370370370372
1 0.6104166666666667 0.1736111111111111 0.2708333333333333 0.12175925925925926
0 0.87421875 0.1935185185185185 0.2 0.17962962962962964
0 0.9869791666666666 0.21296296296296297 0.02421875 0.10046296296296296
0 0.796875 0.3416666666666667 0.23203125 0.13564814814814816
0 0.5065104166666666 0.3472222222222222 0.13359375 0.1425925925925926
0 0.8932291666666666 0.38796296296296295 0.1171875 0.0625
0 0.934375 0.04953703703703704 0.13020833333333334 0.09907407407407408
0 0.78828125 0.07824074074074074 0.159375 0.15601851851851853
0 0.34140625 0.7446759259259259 0.012996744791666733 0.02684201388888899
0 0.07703645833333335 0.8134907407407408 0.02135091145833333 0.02134317129629637
0 0.6510364583333333 0.6570185185185186 0.02916438802083334 0.030603009259259455