0 0.1505989583333333 0.299 0.02915266927083344 0.029659722222222143
0 0.20998437499999997 0.336962962962963 0.018723958333333356 0.042650462962962966
0 0.23732812499999997 0.370287037037037 0.0140501302083333 0.053732060185185275
0 0.17994270833333334 0.37322222222222223 0.02338932291666668 0.03157754629629629
0 0.13531770833333331 0.3778518518518519 0.018232747395833353 0.055603009259259456
0 0.2002239583333333 0.40051851851851844 0.02027148437500005 0.023217592592592633
0 0.22294270833333332 0.4065 0.020311197916666638 0.025903356481481517
0 0.19228125 0.42233333333333334 0.022384440104166594 0.021299189814814774
0 0.29019791666666667 0.42892592592592593 0.0312617187499999 0.026860532407407493
0 0.20044270833333336 0.4347407407407407 0.027101888020833444 0.026907407407407356
0 0.17838020833333335 0.4573148148148148 0.018204752604166666 0.024101273148148004
0 0.29905729166666667 0.45855555555555555 0.030231770833333373 0.023164351851851783
0 0.754859375 0.2546944444444445 0.02500227864583344 0.027825231481481676
0 0.7841145833333333 0.273675925925926 0.017234375000000076 0.023241898148148088
0 0.8455 0.29867592592592596 0.016666341145833385 0.04161979166666659
0 0.7030260416666666 0.30206481481481484 0.025527343750000025 0.036127314814814744
0 0.28602083333333334 0.8607222222222223 0.015611979166666737 0.03791493055555566
0 0.8224791666666665 0.8971388888888888 0.02498697916666674 0.033304976851851756