1 0.6541666666666667 0.38657407407407407 0.06171875 0.08703703703703704
0 0.10181770833333334 0.8860277777777777 0.028621419270833334 0.03521354166666676
0 0.48671875 0.5990740740740741 0.019791666666666666 0.018055555555555554
0 0.734375 0.6791666666666667 0.022135416666666668 0.01898148148148148
0 0.6393229166666666 0.6865740740740741 0.021354166666666667 0.030555555555555555
0 0.6765625 0.6944444444444444 0.024739583333333332 0.015277777777777777
0 0.740625 0.700925925925926 0.02890625 0.027314814814814816
0 0.69296875 0.7092592592592593 0.018229166666666668 0.04259259259259259
0 0.8260416666666667 0.7175925925925926 0.04505208333333333 0.013425925925925926
0 0.6440104166666667 0.7203703703703703 0.0140625 0.032407407407407406
0 0.71875 0.725925925925926 0.028125 0.01712962962962963
0 0.45260416666666664 0.7273148148148149 0.03671875 0.04861111111111111
0 0.6627604166666666 0.750462962962963 0.020833333333333332 0.03148148148148148
0 0.740625 0.7902777777777777 0.01875 0.026851851851851852
0 0.7645833333333333 0.8069444444444445 0.015104166666666667 0.02638888888888889
0 0.75546875 0.8217592592592593 0.015625 0.027314814814814816
0 0.4666666666666667 0.8921296296296296 0.03515625 0.04722222222222222
0 0.48880208333333336 0.9666666666666667 0.028385416666666666 0.024074074074074074
0 0.7033854166666667 0.638425925925926 0.0265625 0.026851851851851852