0 0.2188125 0.1408425925925926 0.025015950520833385 0.04721585648148146
0 0.28175520833333334 0.20981481481481484 0.02088411458333326 0.04998495370370369
0 0.11280729166666666 0.24207407407407408 0.021389973958333346 0.043456018518518526
0 0.16125 0.32893518518518516 0.022429687500000028 0.05094560185185186
0 0.36370833333333336 0.3715277777777778 0.02549414062499989 0.02409490740740744
2 0.240953125 0.40624074074074074 0.01613085937499991 0.04815682870370379
0 0.36202083333333335 0.4421481481481481 0.01874381510416671 0.02504513888888882
0 0.3894947916666667 0.44565740740740734 0.008356119791666691 0.030532407407407324
0 0.3978072916666667 0.4517314814814815 0.0098997395833333 0.03241898148148152
0 0.4101354166666667 0.46012037037037035 0.012995117187499971 0.050017939814814893
0 0.3181979166666667 0.4633055555555556 0.026022135416666713 0.02493287037037038
0 0.3510260416666667 0.4640648148148149 0.02290787760416665 0.020385416666666784
0 0.3708958333333333 0.46644444444444444 0.012529947916666728 0.04163310185185175
0 0.3394375 0.4854722222222222 0.02446940104166669 0.021305555555555546
0 0.3228229166666667 0.5344722222222222 0.022390625000000004 0.034244212962962844
2 0.75703125 0.3425925925925926 0.10026041666666667 0.2601851851851852