0 0.13828125 0.02175925925925926 0.027604166666666666 0.04351851851851852
0 0.19428125 0.2770740740740741 0.01766406249999998 0.04538773148148144
0 0.03540104166666668 0.2830925925925926 0.02919238281250003 0.037045717592592675
2 0.16502604166666668 0.30223148148148143 0.018227213541666624 0.026907407407407567
0 0.12526041666666668 0.30609259259259264 0.014038736979166681 0.030508101851851658
0 0.14740104166666665 0.30979629629629635 0.013518554687500028 0.034211805555555364
0 0.2683385416666667 0.3184259259259259 0.016656575520833408 0.03891608796296282
0 0.11301562500000001 0.3383333333333333 0.019839843749999985 0.03616550925925918
0 0.14227604166666666 0.34419444444444447 0.03126302083333326 0.025933449074074133
0 0.08688541666666669 0.42860185185185184 0.029690429687500006 0.025951388888888812
0 0.05719270833333331 0.4313796296296296 0.02031966145833337 0.050050925925925985
0 0.15807812499999999 0.4350833333333333 0.01616927083333337 0.057432870370370294
0 0.6870624999999999 0.11843518518518516 0.032264322916666664 0.029574074074073912
0 0.7901041666666667 0.9722222222222222 0.06041666666666667 0.053703703703703705