0 0.27318749999999997 0.16783333333333333 0.02964322916666665 0.03794097222222216
0 0.14799479166666665 0.18125925925925926 0.024972005208333432 0.0499780092592592
0 0.2905520833333333 0.1874351851851852 0.022395182291666652 0.037902777777777834
0 0.2230885416666667 0.2480648148148148 0.021878906249999965 0.025983796296296297
0 0.20685937499999998 0.26118518518518524 0.02809960937499992 0.02397800925925927
0 0.21276041666666667 0.29991666666666666 0.029664062499999963 0.033361111111111084
0 0.3102604166666667 0.3124166666666666 0.010916015625000004 0.028646990740740765
0 0.05370833333333334 0.32337037037037036 0.023990234374999985 0.03983101851851845
0 0.24540624999999996 0.3253796296296296 0.017696289062500033 0.062008680555555466
0 0.31833333333333336 0.34373148148148147 0.01771940104166679 0.050933449074074134
0 0.12819791666666666 0.4048333333333334 0.018779296874999928 0.04353240740740729
0 0.168484375 0.40623148148148147 0.024430338541666666 0.029614583333333215
0 0.1844583333333333 0.4224351851851852 0.016639973958333224 0.03609722222222234
0 0.16205729166666666 0.43600925925925926 0.013514322916666661 0.05735416666666656
0 0.19678645833333336 0.43600925925925926 0.015106445312500109 0.05002546296296289
0 0.4166666666666667 0.019444444444444445 0.013541666666666667 0.03888888888888889
0 0.5186666666666667 0.07229629629629633 0.023435872395833356 0.04634432870370365
2 0.525265625 0.15639814814814812 0.01818294270833339 0.031424768518518546
2 0.4913177083333334 0.16936111111111107 0.0260377604166667 0.03512962962962947
0 0.540890625 0.1758333333333333 0.017233723958333277 0.04079513888888881
0 0.4642291666666667 0.19574074074074072 0.012993489583333328 0.04912847222222215