0 0.05493229166666668 0.16971296296296293 0.010885416666666713 0.05095370370370368
0 0.08618750000000001 0.21908333333333335 0.027554036458333306 0.03887615740740734
0 0.27770312500000005 0.24285185185185182 0.027094401041666584 0.04908680555555562
0 0.11811979166666665 0.3533888888888889 0.023982421874999934 0.03705092592592591
0 0.2876875 0.35412037037037036 0.026568359374999892 0.04353356481481483
0 0.08883854166666669 0.3547222222222222 0.023428059895833422 0.033369791666666725
0 0.14411458333333335 0.3638055555555556 0.022938151041666664 0.04811111111111104
0 0.14244791666666667 0.36944444444444446 0.03380924479166663 0.038881944444444504
0 0.2686145833333333 0.3755833333333333 0.023427734375000023 0.04902430555555552
0 0.04398437500000003 0.38472222222222224 0.02241276041666668 0.03428993055555549
0 0.2946770833333333 0.40465740740740735 0.016694661458333353 0.04809606481481473
0 0.09126041666666668 0.4111296296296296 0.023946614583333314 0.03141435185185186
0 0.13177604166666665 0.4136018518518519 0.02494466145833331 0.04259837962962955
0 0.04010416666666667 0.42986111111111114 0.0145631510416667 0.029623263888888855
0 0.5528645833333333 0.43657407407407406 0.013020833333333334 0.06388888888888888
0 0.1762760416666667 0.4376203703703704 0.028633789062500033 0.028720486111111162
0 0.13276562499999997 0.44691666666666663 0.023430989583333308 0.03519328703703722
0 0.08902083333333331 0.4538796296296297 0.016651041666666682 0.045379629629629624
0 0.11002604166666667 0.45641666666666664 0.0203248697916667 0.042559606481481285
0 0.16660416666666666 0.46684259259259264 0.013582682291666615 0.04442824074074081
0 0.13335937499999997 0.4752222222222222 0.018802083333333285 0.029593750000000058
0 0.22021354166666665 0.48494444444444446 0.023953125000000006 0.030567129629629673
0 0.18126562499999999 0.490925925925926 0.011480468750000009 0.027807870370370396
0 0.16386979166666665 0.49184259259259266 0.010927408854166624 0.03242071759259257
0 0.196203125 0.4951481481481481 0.012523437500000038 0.05552314814814828
0 0.14354166666666668 0.4998703703703704 0.030682942708333272 0.02317013888888895
0 0.319390625 0.5043796296296297 0.023939453124999944 0.028734953703703756
0 0.23899479166666668 0.5122592592592593 0.013548502604166757 0.046303819444444505
0 0.15990625 0.5173425925925926 0.030222330729166677 0.027788194444444463
0 0.06926562500000001 0.518962962962963 0.012442708333333267 0.021252314814814696
0 0.09129687499999999 0.5211481481481481 0.018238281249999964 0.02594039351851852
0 0.11271874999999998 0.5291666666666667 0.017196940104166576 0.02496527777777786
0 0.2094791666666667 0.5294444444444444 0.016694661458333353 0.022218750000000134
0 0.13078125000000002 0.5347962962962963 0.025516276041666567 0.02503530092592575
0 0.2998958333333333 0.5401481481481482 0.028640950520833285 0.030596064814814857
0 0.18003645833333332 0.5404351851851852 0.015613932291666662 0.030582175925926085
0 0.025562500000000023 0.5438240740740741 0.01877246093749999 0.02873784722222223
0 0.05511979166666669 0.5471296296296296 0.02289518229166667 0.03699652777777773
0 0.03867708333333333 0.5505092592592592 0.01614908854166662 0.03435416666666663
0 0.15419791666666663 0.5505740740740741 0.021875 0.03052546296296294
0 0.265703125 0.5508518518518518 0.017703125000000004 0.03890104166666682
0 0.1336354166666667 0.5560648148148147 0.018752604166666607 0.039787037037037065
0 0.21775520833333334 0.5621944444444444 0.02809440104166671 0.035232638888889084
0 0.10217708333333331 0.5655 0.014567057291666666 0.024096643518518486
0 0.155390625 0.5705740740740741 0.019298177083333336 0.02596874999999988
0 0.17191145833333335 0.5750092592592593 0.026025390625 0.024065972222222256
0 0.11398437500000001 0.5797222222222222 0.01456933593750011 0.040759837962962855
0 0.007552083333333333 0.5796296296296296 0.015104166666666667 0.040740740740740744
0 0.2767135416666667 0.5869074074074074 0.02763606770833323 0.02499884259259257
0 0.21835416666666668 0.5962777777777778 0.028116536458333268 0.027798611111111145
0 0.14830208333333333 0.5978981481481481 0.02498730468750002 0.02222916666666661
0 0.16545833333333332 0.6027592592592593 0.023440104166666604 0.04437384259259253
0 0.12214583333333333 0.605574074074074 0.008839843749999925 0.03708506944444455
0 0.0046875 0.6111111111111112 0.009375 0.03888888888888889
2 0.22291666666666668 0.6185185185185185 0.029166666666666667 0.040740740740740744
0 0.14401041666666667 0.6212962962962963 0.013020833333333334 0.03518518518518519
0 0.128125 0.6263888888888889 0.025 0.025
0 0.11302083333333333 0.6282407407407408 0.011458333333333333 0.021296296296296296
0 0.7926770833333333 0.1807314814814815 0.039607096354166656 0.024065393518518538
0 0.7380937499999999 0.20664814814814816 0.013583984374999976 0.05001504629629631
0 0.7874114583333333 0.21446296296296297 0.03282356770833334 0.043520833333333384
0 0.7556302083333333 0.2519166666666667 0.031263020833333384 0.031569444444444365
0 0.735953125 0.26662037037037034 0.033341471354166666 0.03520486111111101
0 0.8227760416666666 0.26672222222222225 0.037509765624999976 0.03151388888888886
0 0.6735572916666667 0.28132407407407406 0.01717610677083338 0.046302662037036965
0 0.7676666666666667 0.29264814814814816 0.032290364583333425 0.027687500000000028
0 0.7429010416666666 0.3070462962962963 0.02347526041666666 0.04544675925925924
0 0.8216145833333334 0.025925925925925925 0.024479166666666666 0.05185185185185185
0 0.7466562499999999 0.33317592592592593 0.029166341145833385 0.016672453703703724
0 0.7907083333333332 0.3409907407407407 0.03332226562499999 0.035144675925925885
0 0.7790729166666668 0.36053703703703704 0.030197265624999994 0.02687615740740741
0 0.7141927083333334 0.534074074074074 0.010926757812499943 0.0370393518518519
0 0.7499583333333334 0.6031018518518518 0.011459309895833414 0.02591435185185181
0 0.06484375 0.6518518518518519 0.018229166666666668 0.024074074074074074
0 0.039578125000000006 0.6517592592592593 0.027034505208333334 0.020425925925926087
0 0.10938020833333333 0.7640925925925927 0.0333102213541667 0.026858217592592628
0 0.7127604166666667 0.8356481481481481 0.07395833333333333 0.1685185185185185