0 0.0125 0.07314814814814814 0.025 0.02962962962962963
0 0.04055208333333328 0.09574999999999997 0.015614257812500002 0.049046296296296324
0 0.6304739583333333 0.18772222222222223 0.01505794270833339 0.02779513888888885
0 0.5961822916666667 0.19250925925925924 0.009887044270833319 0.022232638888888694
0 0.6368124999999999 0.19883333333333333 0.02028841145833328 0.04627777777777779
0 0.5919270833333333 0.2239907407407407 0.01091373697916668 0.049972222222222244
0 0.602515625 0.22460185185185189 0.014064453125000043 0.03050868055555548
0 0.6079010416666667 0.26086111111111115 0.02190104166666664 0.03334837962962975
2 0.6584322916666667 0.3097777777777777 0.01873860677083338 0.047267361111111045
0 0.07005208333333333 0.6481481481481481 0.13541666666666666 0.14629629629629629
0 0.32734375 0.6666666666666666 0.134375 0.1375
3 0.17526041666666667 0.7592592592592593 0.08359375 0.4236111111111111
0 0.21875 0.524074074074074 0.09739583333333333 0.08888888888888889
0 0.03359375 0.9324074074074075 0.0671875 0.13333333333333333
0 0.09244791666666667 0.9416666666666667 0.0609375 0.11574074074074074
0 0.6728489583333332 0.7128796296296296 0.02343815104166674 0.040796296296296455
0 0.5424427083333333 0.7338611111111112 0.024527994791666667 0.0343530092592592
0 0.5658854166666667 0.7347870370370371 0.016122395833333296 0.0472690972222223
0 0.5629322916666666 0.7735185185185185 0.0255253906250001 0.034313657407407334