0 0.17316666666666666 0.2250833333333333 0.021391276041666647 0.040761574074074006
2 0.2771770833333333 0.31057407407407406 0.014559244791666615 0.041608796296296297
2 0.24583333333333332 0.31874074074074077 0.017732096354166654 0.05463831018518527
2 0.302703125 0.3343240740740741 0.026030273437500046 0.03523206018518526
0 0.27379166666666666 0.3551574074074075 0.019246744791666614 0.026945601851851794
0 0.2542552083333333 0.3844814814814815 0.016654296874999967 0.039806712962962995
2 0.26910416666666664 0.3863240740740741 0.016121744791666615 0.03797800925925938
2 0.28082291666666664 0.4088518518518518 0.023970703125000034 0.04171238425925931
2 0.8023541666666667 0.1668888888888889 0.0182740885416667 0.05464583333333327
0 0.7194375000000001 0.17768518518518517 0.02916927083333327 0.03150925925925924
0 0.85184375 0.1844814814814815 0.014041015624999886 0.04350983796296288
2 0.8709427083333333 0.19250925925925924 0.020813151041666818 0.05364814814814799
0 0.5396406250000001 0.2153333333333333 0.018766927083333346 0.05837905092592598
0 0.715625 0.21673148148148152 0.017660156250000014 0.036943287037037094
0 0.7381041666666666 0.25561111111111107 0.019804687499999928 0.04819328703703697
0 0.9504687500000001 0.3148611111111111 0.01510644531249999 0.05930381944444447
0 0.09244791666666667 0.6865740740740741 0.03958333333333333 0.09814814814814815
0 0.15338541666666666 0.7578703703703704 0.02734375 0.13055555555555556