0 0.29330208333333335 0.020305555555555563 0.023929036458333403 0.02968981481481476
0 0.2722864583333333 0.034648148148148164 0.02031738281250005 0.030585648148148067
0 0.355546875 0.04406481481481479 0.021368164062499893 0.048138888888888794
0 0.43307291666666664 0.07546296296296297 0.011979166666666667 0.04351851851851852
0 0.3956614583333333 0.12183333333333338 0.0296748046874999 0.025047453703703898
0 0.36084375 0.13695370370370366 0.02551822916666673 0.03706539351851861
0 0.40233854166666666 0.1502314814814815 0.02869401041666665 0.032388888888888905
0 0.4375 0.15925925925925927 0.003125 0.03148148148148148
0 0.39947916666666666 0.17151851851851851 0.020809570312500015 0.023139467592592507
0 0.40625 0.1878796296296296 0.023982421874999934 0.03145370370370373
0 0.20969270833333334 0.2650277777777778 0.024446614583333335 0.02316203703703692
0 0.38029166666666664 0.26718518518518514 0.016653320312500004 0.05088020833333328
0 0.394875 0.2682592592592593 0.020846679687499994 0.05000636574074077
0 0.44947916666666665 0.4310185185185185 0.019791666666666666 0.03425925925925926