0 0.042239583333333344 0.07696296296296297 0.013524414062500038 0.043513888888888894
0 0.012026041666666654 0.2883611111111111 0.0239762369791667 0.04354861111111103
0 0.34219791666666666 0.3088796296296296 0.014561197916666657 0.05739872685185187
0 0.321015625 0.31675 0.021877604166666606 0.041649305555555495
0 0.46105208333333336 0.3213796296296296 0.02606054687499982 0.050908564814814754
0 0.24765625 0.39127777777777784 0.030681640625000027 0.02879976851851851
0 0.28515625 0.4096388888888889 0.021377929687499984 0.03799131944444454
0 0.013416666666666662 0.43756481481481485 0.021361328125000037 0.0546765046296297
2 0.251125 0.44513888888888886 0.031277343750000006 0.035166666666666686
0 0.31328645833333335 0.4489907407407407 0.027627278645833305 0.029657407407407382
0 0.29071874999999997 0.4523796296296297 0.01872526041666672 0.028797453703703645
0 0.03008333333333333 0.47768518518518516 0.019284505208333337 0.04635069444444437
0 0.24982291666666664 0.5022222222222222 0.020325846354166663 0.026879050925925782
0 0.22890104166666667 0.5233611111111112 0.0202880859375 0.039806712962962995
0 0.25858854166666667 0.5301481481481481 0.01619401041666665 0.02879513888888899
0 0.18627083333333333 0.5505185185185185 0.02968066406249991 0.03607928240740745
0 0.26484375 0.5505185185185185 0.029664062499999963 0.030509837962962912
2 0.13619791666666667 0.6439814814814815 0.018229166666666668 0.028703703703703703
0 0.2402760416666667 0.7960648148148148 0.029164062500000063 0.02963888888888888
0 0.7229166666666667 0.7388888888888889 0.06666666666666667 0.1537037037037037