0 0.0060546875 0.5046875 0.012109375 0.009375
0 0.13195312499999998 0.11238541666666665 0.015237304687499975 0.03229915364583332
0 0.24987890625000003 0.207515625 0.008967285156249982 0.02867968749999997
0 0.23347265625000002 0.21240104166666668 0.01524609374999999 0.02655566406249997
0 0.21854296875 0.247265625 0.008216308593750022 0.023440755208333285
0 0.20580859375 0.26054166666666667 0.014846191406250053 0.016664713541666744
0 0.2683046875 0.2785989583333333 0.01289111328125001 0.021906901041666652
0 0.20501953125 0.28473437500000004 0.01718090820312499 0.014052408854166743
2 0.28862109374999995 0.30055729166666667 0.0121098632812501 0.022969401041666632
0 0.20744921875000003 0.3031197916666667 0.017172363281250026 0.01565527343750001
0 0.22123828125 0.30755208333333334 0.01055224609374994 0.01719303385416661
0 0.12303515625000001 0.31045312500000005 0.014882324218750043 0.02401041666666674
0 0.2097734375 0.31917708333333333 0.009396972656250035 0.021332682291666672
0 0.09028125000000001 0.3322395833333333 0.014074218749999989 0.018233398437500034
0 0.18769140625 0.3468177083333333 0.01448925781249999 0.029195963541666595
0 0.13605859374999998 0.349421875 0.012502929687499975 0.028139648437500022
0 0.18548046875000002 0.38605208333333335 0.018743896484375 0.011982421874999953
0 0.644921875 0.25677083333333334 0.11015625 0.15
0 0.97734375 0.47760416666666666 0.04453125 0.06354166666666666
2 0.8905664062499999 0.09354166666666668 0.12577661132812495 0.1265836588541666
0 0.27551562500000004 0.7770364583333332 0.021873046875000045 0.016682942708333332
2 0.7002656249999999 0.750125 0.01369042968749996 0.026572265624999977
0 0.6693984374999999 0.7555052083333335 0.011347656249999982 0.0224485677083333
2 0.72246875 0.7564635416666666 0.017561523437499994 0.023453124999999984
0 0.6837890625 0.7673958333333334 0.006658203125000028 0.020328124999999985
0 0.67512890625 0.7777291666666667 0.009377929687499975 0.020302734375000023
0 0.68769921875 0.7906614583333335 0.008949707031250042 0.021865885416666585
2 0.69583984375 0.7911770833333333 0.014842773437500068 0.030234049479166695
2 0.84247265625 0.8395260416666666 0.023060058593750023 0.019820312500000034