0 0.0020833333333333333 0.07407407407407407 0.004166666666666667 0.05185185185185185
0 0.26015625 0.2135277777777778 0.026610026041666637 0.051839120370370306
0 0.4989635416666667 0.1727685185185185 0.016712890624999942 0.05553819444444438
0 0.5182291666666666 0.2601851851851852 0.016666666666666666 0.016666666666666666
0 0.2421875 0.5884259259259259 0.03125 0.16574074074074074
0 0.29453125 0.7805555555555556 0.044270833333333336 0.14907407407407408
0 0.209375 0.9078703703703703 0.027864583333333335 0.10231481481481482
0 0.32005208333333335 0.9527777777777777 0.041666666666666664 0.015277777777777777
0 0.08151041666666667 0.3439814814814815 0.05625 0.07314814814814814
0 0.13619791666666667 0.3578703703703704 0.02734375 0.09444444444444444
2 0.8216302083333333 0.5868148148148148 0.12708593750000005 0.16668055555555547