0 0.25423958333333335 0.029249999999999977 0.019777018229166644 0.04443576388888891
0 0.4215885416666667 0.12987962962962962 0.017214192708333322 0.04169560185185185
0 0.36413541666666666 0.13357407407407407 0.028125 0.03335879629629643
0 0.06870833333333333 0.1536111111111111 0.029684244791666686 0.0481759259259259
0 0.4253958333333333 0.16149999999999995 0.013522135416666714 0.028800925925925733
0 0.35617708333333337 0.16393518518518516 0.015585286458333413 0.02314120370370376
0 0.2636145833333333 0.16503703703703704 0.015639648437500025 0.04908217592592589
0 0.35625 0.17902777777777779 0.00834407552083339 0.04073437500000018
0 0.341875 0.1983055555555555 0.013533854166666614 0.044450231481481604
0 0.351 0.21803703703703706 0.011490234374999986 0.045266203703703746
0 0.13694791666666667 0.2730462962962963 0.02609765624999998 0.050050925925925985
0 0.34375 0.288787037037037 0.020785807291666694 0.04449537037037043
0 0.01644270833333333 0.29988888888888887 0.019290039062500004 0.03706249999999992
0 0.3862864583333333 0.3145555555555556 0.02762890624999995 0.02408564814814819
0 0.08103645833333332 0.3423240740740741 0.015122070312500036 0.04630150462962964
2 0.34453125 0.36712962962962964 0.025520833333333333 0.023148148148148147
0 0.11076562499999998 0.9023703703703703 0.02449218749999993 0.03245370370370366
0 0.04868750000000001 0.9164166666666667 0.0140872395833334 0.04073263888888892
0 0.4274791666666667 0.928611111111111 0.022402994791666467 0.0333067129629628
0 0.8054791666666666 0.6655092592592593 0.027581380208333308 0.03334259259259258
0 0.7645000000000001 0.7011481481481482 0.02864420572916669 0.03611979166666675
0 0.76484375 0.7351018518518518 0.01508072916666663 0.022249999999999975
0 0.8547864583333333 0.7625648148148149 0.023969726562499953 0.05097222222222218
0 0.6132604166666666 0.7891018518518519 0.017240885416666647 0.04538541666666678
0 0.6052708333333333 0.8194999999999999 0.02294856770833332 0.04823842592592579
0 0.7355885416666667 0.8434166666666667 0.03020605468749989 0.020396412037037077
0 0.6783697916666667 0.8573055555555555 0.020337890624999962 0.04446990740740733
0 0.74296875 0.8744351851851851 0.023389973958333362 0.0398657407407408