0 0.4429739583333333 0.19313888888888886 0.012975260416666618 0.05368634259259253
0 0.4627604166666667 0.29583333333333334 0.013020833333333334 0.04537037037037037
2 0.36640104166666665 0.3153425925925926 0.01818098958333335 0.04916782407407402
0 0.44228124999999996 0.3301666666666667 0.013529622395833366 0.03606365740740721
0 0.33601041666666664 0.3465185185185185 0.01980598958333329 0.0527858796296296
2 0.361453125 0.3776851851851852 0.019767252604166667 0.05928587962962979
0 0.8307291666666666 0.013888888888888888 0.020833333333333332 0.027777777777777776
0 0.8103333333333335 0.04528703703703701 0.024475911458333263 0.033277777777777615
0 0.8202291666666668 0.055472222222222194 0.01926920572916669 0.049972222222222244
0 0.6550989583333333 0.10607407407407403 0.018220052083333372 0.04731249999999987
0 0.627859375 0.6796944444444445 0.012972656250000015 0.04268634259259253
0 0.672484375 0.7259907407407408 0.01877539062500008 0.031388888888888765
0 0.98425 0.7483611111111111 0.024472330729166696 0.034266203703703646
0 0.6145729166666667 0.7529907407407408 0.01879947916666668 0.050939814814814695