0 0.24011458333333333 0.026148148148148156 0.017686197916666656 0.045379050925926014
0 0.08123437500000001 0.03216666666666668 0.02921809895833339 0.03705439814814811
2 0.21085937500000002 0.05130555555555553 0.018227213541666624 0.026907407407407567
0 0.17109375 0.055166666666666704 0.014038736979166681 0.030508101851851658
0 0.19323437499999999 0.058870370370370406 0.01349544270833339 0.034164351851851675
0 0.31417187500000004 0.06749999999999998 0.016656575520833408 0.03891608796296282
0 0.15884895833333335 0.08740740740740739 0.019839843749999985 0.03616550925925918
0 0.18810937499999997 0.09326851851851854 0.03126302083333326 0.025933449074074133
0 0.13271875000000002 0.1776759259259259 0.029690429687500006 0.025951388888888812
0 0.10302604166666664 0.1804537037037037 0.020316080729166686 0.05002546296296289
0 0.20391145833333332 0.1841574074074074 0.01619270833333341 0.05745833333333339
0 0.03114062499999998 0.22211111111111112 0.02240559895833331 0.025975694444444267
0 0.22916666666666666 0.3212962962962963 0.014583333333333334 0.014814814814814815
0 0.55625 0.30462962962962964 0.06041666666666667 0.04814814814814815
0 0.12163020833333332 0.7968240740740741 0.03695735677083339 0.07689872685185192
0 0.5467083333333332 0.7250833333333333 0.01408723958333328 0.054612268518518456
0 0.56615625 0.8267685185185185 0.020810872395833256 0.044472800925926016
2 0.8589114583333333 0.8335555555555556 0.03331673177083327 0.032416087962963046
2 0.5978437500000001 0.8613333333333334 0.019271158854166616 0.05834143518518515
0 0.5417604166666666 0.8695185185185186 0.016654622395833367 0.0462488425925924
0 0.58378125 0.8742962962962963 0.013020182291666653 0.05464583333333327
0 0.45580729166666667 0.9028425925925926 0.026069661458333233 0.0352777777777779
0 0.96109375 0.9275277777777778 0.01353776041666658 0.051858796296296236
0 0.9828854166666667 0.9583888888888888 0.027098307291666637 0.05004513888888882
0 0.44244791666666666 0.9731481481481481 0.005729166666666666 0.04259259259259259