0 0.03342708333333331 0.4619537037037037 0.016641927083333386 0.02586921296296299
0 0.01814062500000002 0.4789259259259259 0.02031445312500004 0.02499131944444436
0 0.002864583333333333 0.48194444444444445 0.005729166666666666 0.023148148148148147
2 0.57890625 0.28564814814814815 0.16276041666666666 0.11527777777777778
2 0.12083333333333333 0.7856481481481481 0.07317708333333334 0.11527777777777778
0 0.7453125 0.6074074074074074 0.11953125 0.05185185185185185
0 0.6859375 0.6884259259259259 0.12421875 0.05694444444444444
0 0.47708333333333336 0.7055555555555556 0.08125 0.07407407407407407
0 0.8270833333333333 0.7101851851851851 0.10729166666666666 0.047685185185185185
0 0.5346354166666667 0.7865740740740741 0.08776041666666666 0.05092592592592592
0 0.6416666666666667 0.5643518518518519 0.09505208333333333 0.05092592592592592