0 0.407640625 0.06720370370370374 0.024491861979166765 0.041618634259259366
0 0.40121875 0.10732407407407404 0.024998372395833357 0.020398148148148124
0 0.42795833333333333 0.11720370370370374 0.016121744791666615 0.034164351851851675
0 0.3870677083333333 0.11812962962962967 0.010391276041666586 0.02860879629629612
0 0.40963541666666664 0.13108333333333338 0.015127604166666704 0.038009259259259215
0 0.20622395833333332 0.14728703703703708 0.018722981770833334 0.03523148148148144
2 0.29642708333333334 0.16070370370370365 0.01665234375000004 0.05652719907407412
0 0.39783333333333337 0.16781481481481483 0.027600911458333263 0.03239120370370377
0 0.3586770833333333 0.2580740740740741 0.015090820312500005 0.053709490740740655
0 0.7345572916666666 0.1301666666666667 0.021873046874999958 0.03065046296296314
0 0.7178854166666667 0.16087037037037039 0.013540039062500024 0.02776909722222214
0 0.6938385416666667 0.17337037037037037 0.027070638020833235 0.030546874999999914
0 0.6891510416666667 0.19404629629629636 0.01768229166666669 0.03786921296296302
0 0.99296875 0.2152777777777778 0.013020833333333334 0.025
0 0.895578125 0.6203981481481481 0.023496093749999978 0.03526620370370368
0 0.9211302083333334 0.6364074074074073 0.0119511718750001 0.05000231481481476
0 0.9359531249999999 0.6461944444444444 0.01978580729166666 0.03611574074074074
0 0.9389322916666667 0.6852685185185184 0.022914388020833343 0.02961805555555562
0 0.8403541666666666 0.7066203703703704 0.02239453124999997 0.04817361111111114
0 0.9515989583333334 0.7163796296296296 0.01662630208333328 0.04159606481481485
0 0.9270937499999999 0.8296203703703704 0.01976822916666663 0.04445717592592599