0 0.07273958333333332 0.030925925925925905 0.020325846354166663 0.026879050925925782
0 0.05181770833333334 0.052064814814814835 0.0202880859375 0.039806712962962995
0 0.08150520833333334 0.0588518518518518 0.016169921874999934 0.028749421296296346
0 0.012239583333333333 0.07962962962962963 0.024479166666666666 0.037037037037037035
0 0.08776041666666666 0.07922222222222217 0.029640624999999924 0.03046412037037027
0 0.9234583333333333 0.10934259259259257 0.02808268229166657 0.08239004629629623
0 0.7599895833333332 0.7539259259259259 0.013517578124999948 0.03983333333333332
2 0.8090416666666668 0.7838611111111111 0.02499967447916672 0.036157986111111186
2 0.7241354166666667 0.7903425925925927 0.01716210937499992 0.030649305555555496
2 0.6499895833333333 0.8100925925925926 0.017759114583333256 0.04820254629629622
0 0.7562552083333334 0.8139537037037038 0.011435221354166695 0.050046296296296255
0 0.8900416666666667 0.8326203703703704 0.030727213541666742 0.026866898148148265
0 0.9231250000000001 0.8418796296296297 0.026045572916666516 0.04168171296296308
0 0.9581927083333334 0.9301388888888888 0.03228776041666682 0.03234259259259265