0 0.07060500000000001 0.29295043731778425 0.025980000000000017 0.01577915451895042
0 0.607745 0.3411486880466473 0.012476875000000064 0.026851676384839696
0 0.6505850000000001 0.3703032069970846 0.01802437500000008 0.019766763848396422
0 0.94988 0.3843906705539359 0.023493437500000026 0.021578717201166144
0 0.59499 0.3873061224489796 0.018047500000000015 0.032078717201166104
0 0.1245 0.7965014577259475 0.11525 0.25918367346938775
0 0.778045 0.6926472303206996 0.13750125000000002 0.09561042274052482
0 0.9565 0.7591836734693878 0.086 0.09096209912536443
0 0.6921999999999999 0.7645481049562682 0.11948187499999995 0.10727113702623894
0 0.5274500000000001 0.8443906705539359 0.13504624999999998 0.12123688046647223
0 0.3891 0.8798542274052479 0.08549406249999998 0.11196610787172007
0 0.336 0.5956268221574345 0.112 0.09154518950437318
0 0.556765 0.6123206997084548 0.10547374999999999 0.08277587463556847