0 0.05755208333333333 0.006944444444444444 0.0265625 0.013888888888888888
0 0.33255208333333336 0.12121296296296294 0.024430989583333347 0.044501157407407385
0 0.3089375 0.14466666666666667 0.024972656249999996 0.03242592592592591
0 0.374046875 0.18725925925925926 0.017695963541666634 0.023139467592592507
0 0.37743229166666664 0.20423148148148154 0.0171751302083333 0.04532291666666647
0 0.34765625 0.2053148148148148 0.015080403645833348 0.037028356481481395
0 0.34175 0.25037037037037035 0.01355501302083333 0.03608391203703718
0 0.2729947916666667 0.25685185185185183 0.030194335937500108 0.021322916666666827
0 0.30120312499999996 0.25838888888888883 0.029169921874999952 0.024119791666666716
0 0.32551562500000003 0.2610185185185185 0.019840494791666666 0.024127314814814924
0 0.3578958333333333 0.2647222222222222 0.01667968749999993 0.03886226851851836
0 0.31240625000000005 0.27907407407407403 0.021348958333333338 0.04161342592592582
0 0.36796875 0.2949629629629629 0.031794596354166656 0.03245254629629623
0 0.26847916666666666 0.2994351851851852 0.021329101562499987 0.043543981481481406
0 0.22107812500000001 0.31610185185185186 0.028593750000000046 0.02134722222222228
0 0.13104166666666667 0.3221111111111111 0.02555533854166665 0.05375462962962969
0 0.13818750000000002 0.8884907407407407 0.031244140625000107 0.021390046296296237
0 0.9234322916666666 0.5131944444444444 0.013493489583333348 0.05279629629629628
2 0.9315989583333334 0.5610277777777778 0.029674479166666736 0.025953703703703677
0 0.9688229166666666 0.5768055555555556 0.026022135416666595 0.018548611111111137
0 0.9932291666666667 0.5898148148148148 0.0125 0.03333333333333333
0 0.93703125 0.6120277777777778 0.023945963541666632 0.024118634259259284
0 0.9498854166666667 0.6122777777777778 0.025509765624999996 0.016660879629629713
0 0.971578125 0.617824074074074 0.015099283854166737 0.04257465277777791
0 0.99375 0.625 0.011458333333333333 0.025925925925925925
0 0.5821510416666666 0.6276851851851851 0.022414062499999998 0.04449768518518529
0 0.9436302083333333 0.6308333333333332 0.027095052083333352 0.024069444444444345
0 0.8827187500000001 0.644037037037037 0.030723307291666776 0.021387731481481584
0 0.9563437499999999 0.6461203703703703 0.028634114583333432 0.0176035879629631
0 0.93046875 0.6668796296296297 0.016121744791666733 0.043510995370370315
0 0.9622499999999999 0.672787037037037 0.009833984374999953 0.044462962962963155
0 0.8795052083333333 0.7043703703703704 0.025492838541666767 0.037049768518518586