0 0.34661458333333334 0.1522685185185185 0.014110026041666638 0.047287037037037086
0 0.19867708333333337 0.27123148148148146 0.018281901041666635 0.042653935185185156
0 0.2971302083333333 0.27894444444444444 0.030705078125000066 0.04352951388888892
0 0.10473958333333334 0.2926759259259259 0.016701171874999983 0.039798611111111076
0 0.22741145833333334 0.29900925925925925 0.02242578125000006 0.04265277777777772
0 0.17028645833333333 0.30456481481481484 0.015652018229166665 0.042622685185185104
0 0.171328125 0.3287962962962963 0.013595703125000054 0.04723842592592586
0 0.08771875000000001 0.3573333333333334 0.023954427083333306 0.05188078703703704
0 0.20163020833333334 0.36011111111111116 0.01246940104166671 0.04635416666666667
0 0.42993750000000003 0.36669444444444443 0.023429036458333267 0.03521064814814828
0 0.3396458333333333 0.3697037037037037 0.028634765624999996 0.024099537037037173
0 0.18061979166666664 0.37090740740740746 0.02553124999999999 0.056577546296296286
0 0.009635416666666667 0.39351851851851855 0.019270833333333334 0.03148148148148148
0 0.31952083333333337 0.4087777777777778 0.028652669270833306 0.030576388888888924
0 0.09310416666666667 0.4153518518518519 0.02761783854166667 0.06028009259259277
0 0.165515625 0.4255370370370371 0.02759440104166663 0.06749652777777779
0 0.480234375 0.4313518518518519 0.029219401041666752 0.024157407407407332
0 0.29069791666666667 0.4332685185185185 0.012521484374999996 0.05001620370370385
0 0.33669270833333337 0.43393518518518515 0.028684244791666678 0.024982638888888933
0 0.40741666666666665 0.4449537037037037 0.028654296875000065 0.025926504629629747
0 0.45357812499999994 0.4573518518518519 0.010939127604166762 0.029663194444444544
0 0.3192864583333333 0.4576574074074074 0.01767513020833332 0.062041666666666766
0 0.3607760416666667 0.4632592592592593 0.02029947916666662 0.026874999999999875
0 0.4334270833333333 0.46735185185185185 0.02553027343749991 0.02036574074074064
0 0.32016666666666665 0.47024074074074074 0.03229036458333331 0.027745370370370295
0 0.291546875 0.47601851851851856 0.0145751953125 0.04447048611111115
0 0.46356770833333333 0.48214814814814816 0.022927408854166487 0.04076331018518515
0 0.43119270833333334 0.4898611111111111 0.030195963541666634 0.022177662037037013
0 0.07669270833333333 0.4908055555555556 0.023972656250000016 0.053796296296296425
0 0.55703125 0.4925925925925926 0.024479166666666666 0.05740740740740741
0 0.24972916666666667 0.4945092592592593 0.02963736979166664 0.016572916666666725
0 0.5312812499999999 0.5100925925925925 0.031210937500000095 0.024127314814814924
0 0.31166666666666665 0.5103333333333333 0.00781738281249993 0.05739120370370356
0 0.18148437500000003 0.518425925925926 0.02138085937499999 0.04817476851851868
0 0.41184895833333335 0.5239907407407407 0.024485026041666677 0.037076388888888694
0 0.29706770833333335 0.5297037037037038 0.01875651041666669 0.046336805555555596
0 0.3280208333333333 0.5327222222222222 0.024471028645833334 0.029623263888889067
0 0.3841822916666667 0.5347037037037037 0.02291861979166671 0.028687500000000067
0 0.426515625 0.5358518518518519 0.03125716145833325 0.0342644675925926
0 0.10526041666666668 0.5466574074074074 0.021910156249999996 0.03986689814814802
0 0.30153645833333337 0.5480092592592593 0.009367838541666628 0.03699421296296287
2 0.05777083333333334 0.572425925925926 0.020840820312500046 0.04908043981481485
0 0.030421874999999998 0.5738148148148149 0.02186914062500002 0.04260532407407414
0 0.005729166666666666 0.6152777777777778 0.011458333333333333 0.041666666666666664
0 0.09383333333333331 0.9056296296296297 0.015611979166666737 0.036989004629629736