0 0.6979114583333333 0.40362037037037035 0.0249759114583334 0.03145312499999991
0 0.06101562499999999 0.7326296296296296 0.02605533854166673 0.0379716435185186
0 0.37395833333333334 0.5597222222222222 0.10130208333333333 0.18055555555555555
0 0.8552083333333333 0.5703703703703704 0.1 0.20185185185185187
0 0.4875 0.6296296296296297 0.14557291666666666 0.0837962962962963
0 0.8309895833333333 0.7060185185185185 0.09088541666666666 0.24537037037037038
0 0.9302083333333333 0.7462962962962963 0.09036458333333333 0.22453703703703703
3 0.7466145833333333 0.7560185185185185 0.06510416666666667 0.35
0 0.3924479166666667 0.8069444444444445 0.06953125 0.2375
0 0.6161458333333333 0.8587962962962963 0.17135416666666667 0.1087962962962963
0 0.490625 0.5138888888888888 0.16692708333333334 0.08888888888888889
0 0.9138020833333333 0.9199074074074074 0.17213541666666668 0.1087962962962963
0 0.63125 0.9532407407407407 0.13802083333333334 0.09166666666666666
0 0.80234375 0.9773148148148149 0.08125 0.04398148148148148
0 0.9481770833333333 0.5444444444444444 0.10234375 0.15
0 0.6111979166666667 0.5444444444444444 0.14270833333333333 0.14953703703703702