0 0.3 0.023148148148148147 0.017708333333333333 0.046296296296296294
0 0.39375 0.14716666666666667 0.014536458333333257 0.05932291666666669
0 0.44801041666666663 0.2962962962962963 0.02135481770833335 0.04814699074074071
0 0.4233541666666667 0.2989537037037037 0.015100911458333262 0.04353182870370368
0 0.3634479166666667 0.30054629629629626 0.02448209635416667 0.04813946759259261
0 0.432796875 0.3288333333333333 0.009371093750000033 0.05186921296296292
0 0.3649270833333333 0.40302777777777776 0.021349283854166737 0.043515625000000044
0 0.414140625 0.4059259259259259 0.02607421875 0.01396875000000006
0 0.44510937500000003 0.42253703703703704 0.0317594401041666 0.02038831018518526
2 0.3873333333333333 0.429712962962963 0.016136067708333358 0.040648148148148024
0 0.3965208333333334 0.44580555555555557 0.01931054687499992 0.024936342592592677
0 0.42231250000000004 0.44620370370370366 0.012507812500000052 0.03242824074074056
0 0.4060625 0.45472222222222225 0.01821256510416672 0.040781828703703865
0 0.47494270833333335 0.46530555555555553 0.011463216145833262 0.0509508101851852
0 0.42332291666666666 0.46825925925925926 0.02602604166666668 0.03704282407407399
0 0.3670104166666667 0.4746296296296296 0.027617187499999928 0.028738425925926053
0 0.41866145833333335 0.4945925925925926 0.02704557291666667 0.03514699074074075
0 0.385703125 0.5190185185185184 0.01404361979166661 0.045336226851851846
0 0.36583854166666663 0.52475 0.019260742187499957 0.050957175925925975
0 0.29851041666666667 0.5298333333333334 0.014612630208333262 0.050938657407407474
0 0.4890625 0.5828703703703704 0.020833333333333332 0.05092592592592592
0 0.04369270833333332 0.6048240740740741 0.02760221354166668 0.06019039351851853
0 0.3515625 0.6439814814814815 0.028125 0.010185185185185186
0 0.8670989583333333 0.21750925925925924 0.018227213541666624 0.027806134259259353
0 0.7759427083333333 0.27120370370370367 0.0255130208333334 0.024128472222222145
0 0.30625 0.6583333333333333 0.01875 0.016666666666666666
0 0.15078125 0.6694444444444444 0.013020833333333334 0.03888888888888889
2 0.20671354166666667 0.7360740740740741 0.023961588541666738 0.03143749999999988
0 0.21907812499999998 0.7388611111111112 0.015102213541666624 0.02954166666666664
0 0.1720989583333333 0.7390833333333333 0.019240885416666607 0.03984606481481486
2 0.18330729166666668 0.7557777777777778 0.02498828124999998 0.033359375000000045
2 0.145890625 0.7668333333333333 0.026035481770833376 0.027767939814814704
0 0.2818697916666667 0.7841666666666667 0.02085546875000001 0.035239583333333255
0 0.2361197916666667 0.786787037037037 0.017710286458333377 0.04631134259259271
0 0.10928125000000002 0.8230462962962963 0.025514973958333444 0.027831018518518626
0 0.1983541666666667 0.8236666666666667 0.020311197916666756 0.028749421296296346
0 0.14157812500000003 0.9383148148148148 0.015101562500000061 0.056505787037037146