0 0.31302083333333336 0.02175925925925926 0.0125 0.04351851851851852
0 0.14159375000000002 0.08033333333333333 0.015103515624999985 0.05002083333333337
0 0.08863020833333331 0.09900000000000002 0.026067057291666747 0.04820717592592585
0 0.06215625000000002 0.11103703703703705 0.03020507812499993 0.02413310185185177
2 0.024994791666666672 0.137425925925926 0.022966145833333347 0.052835648148148145
0 0.08976041666666669 0.2144166666666667 0.02291829427083331 0.023195601851852047
0 0.10521354166666666 0.23649074074074072 0.018704427083333287 0.026796296296296138
0 0.07700000000000001 0.27937962962962964 0.010935872395833357 0.037044560185185246
0 0.035671875000000006 0.28046296296296297 0.013045247395833333 0.02965625000000016
0 0.03185416666666665 0.31239814814814815 0.03330729166666669 0.017645833333333444
0 0.03515625 0.3792129629629629 0.0234134114583334 0.04541493055555558
0 0.19333333333333336 0.4460277777777778 0.016688151041666544 0.05926851851851851
2 0.503390625 0.4596388888888889 0.015081054687500029 0.03978645833333324
0 0.14530729166666667 0.8712129629629629 0.0249759114583334 0.03145312499999991
0 0.8048906250000001 0.782787037037037 0.019793294270833192 0.05650925925925923
0 0.6160572916666667 0.8047037037037037 0.0130253906250001 0.04805324074074056
0 0.6976666666666667 0.823212962962963 0.028690755208333366 0.04083333333333346
0 0.7955104166666668 0.8371018518518519 0.028123046875000075 0.03898148148148161
2 0.9677552083333333 0.8426481481481481 0.02503515624999982 0.0686099537037038
2 0.99375 0.8611111111111112 0.011458333333333333 0.05