0 0.30372916666666666 0.13975 0.032278320312500004 0.027807870370370292
0 0.3294270833333333 0.1406666666666667 0.02341373697916668 0.05188136574074075
0 0.3365520833333333 0.27325 0.017716145833333384 0.027770833333333394
0 0.36447916666666663 0.2749259259259259 0.011977864583333305 0.026870370370370565
2 0.35258333333333336 0.2792685185185185 0.0155885416666667 0.047282407407407245
2 0.39720833333333333 0.2841018518518519 0.017178385416666588 0.053689814814814725
0 0.37424999999999997 0.28471296296296295 0.020302083333333342 0.05455555555555562
2 0.33629687500000005 0.2976203703703703 0.01664388020833331 0.051846064814814685
2 0.31336458333333334 0.37983333333333336 0.019244140624999892 0.06019791666666673
0 0.7291822916666667 0.35600000000000004 0.04477766927083333 0.1601707175925926
0 0.232640625 0.5418981481481482 0.027616536458333365 0.03795370370370371
0 0.23472916666666663 0.5727500000000001 0.014050455729166699 0.023195023148148225
0 0.20877083333333335 0.5810925925925926 0.015102539062500024 0.034211805555555364
0 0.22778125000000002 0.5962129629629629 0.018753255208333406 0.040685185185185026
0 0.16015104166666666 0.613175925925926 0.027653645833333348 0.026866898148148265
0 0.1859375 0.623675925925926 0.01664290364583335 0.037916087962962884
1 0.9888020833333333 0.7939814814814815 0.021354166666666667 0.11944444444444445