0 0.27665104166666665 0.32832407407407405 0.029141276041666588 0.03146296296296287
0 0.3516458333333333 0.6733796296296296 0.01143164062499989 0.050944444444444424
0 0.3703958333333333 0.7167407407407408 0.023971679687499994 0.046248263888888995
0 0.42527604166666666 0.742212962962963 0.010962565104166681 0.021276620370370362
0 0.417109375 0.7588333333333332 0.01147981770833333 0.02320717592592595
0 0.37739062500000004 0.7611666666666667 0.02238118489583331 0.02965567129629634
0 0.44679687500000004 0.7702777777777777 0.014061848958333319 0.04817534722222208
0 0.3857552083333333 0.7723425925925926 0.024489257812500043 0.03151273148148132
0 0.39409374999999996 0.7766944444444445 0.029165364583333422 0.027793402777777802
0 0.42468229166666666 0.7863240740740741 0.021352864583333422 0.03334780092592592
0 0.33853645833333335 0.7966666666666666 0.03432682291666668 0.021349537037037146
0 0.3980052083333333 0.8063796296296296 0.027586588541666755 0.02399305555555568
0 0.35719791666666667 0.8360092592592593 0.019273437499999938 0.042618634259259304
0 0.392015625 0.8363425925925926 0.015616210937499986 0.04260648148148136
0 0.3076302083333333 0.8654814814814815 0.014048502604166775 0.051858217592592626