0 0.17776041666666664 0.3073518518518519 0.019795898437500032 0.037005787037037094
0 0.340546875 0.34175 0.013019856770833253 0.04906539351851854
0 0.7549479166666667 0.10972222222222222 0.03177083333333333 0.03981481481481482
0 0.96796875 0.16805555555555557 0.04114583333333333 0.06342592592592593
0 0.8088541666666667 0.19722222222222222 0.12265625 0.05
0 0.6658854166666667 0.22546296296296298 0.11901041666666666 0.06574074074074074
0 0.6768229166666667 0.05185185185185185 0.05703125 0.04953703703703704
0 0.2972604166666667 0.5499259259259259 0.024476562499999945 0.03521296296296299
0 0.32916666666666666 0.6057962962962963 0.022930013020833327 0.05000925925925925
0 0.4205520833333333 0.6529814814814815 0.020278645833333307 0.05921064814814814
0 0.32721354166666666 0.6592962962962963 0.019797526041666676 0.04817361111111114
2 0.21339062500000003 0.8759259259259259 0.030728841145833265 0.046304398148148115
0 0.5270833333333333 0.7935185185185185 0.134375 0.18333333333333332