0 0.15026562499999999 0.2699907407407407 0.017141927083333286 0.04813078703703697
2 0.47089062499999995 0.3866388888888889 0.02602473958333344 0.04726967592592612
0 0.19523958333333333 0.4128796296296296 0.0296875 0.022249999999999975
0 0.08671354166666667 0.44265740740740744 0.024503580729166665 0.03152777777777774
0 0.47774479166666667 0.4628703703703704 0.01561328124999998 0.04079398148148159
0 0.028109375000000013 0.4818518518518518 0.030259114583333257 0.03246064814814826
0 0.5366927083333334 0.4878611111111111 0.03599153645833321 0.035238425925926034
0 0.4664635416666666 0.4951203703703704 0.030712239583333436 0.02593287037037031
0 0.9934895833333334 0.29907407407407405 0.011979166666666667 0.046296296296296294
0 0.21692708333333333 0.8300925925925926 0.030989583333333334 0.028703703703703703
0 0.5098958333333333 0.8388888888888889 0.0265625 0.01898148148148148
0 0.45234375 0.8578703703703704 0.028125 0.01898148148148148
0 0.06145833333333333 0.8592592592592593 0.03359375 0.02175925925925926
0 0.34713541666666664 0.8638888888888889 0.033854166666666664 0.028703703703703703
0 0.29010416666666666 0.8685185185185185 0.036458333333333336 0.01898148148148148
0 0.25859375 0.8726851851851852 0.034895833333333334 0.03009259259259259
0 0.22682291666666668 0.6435185185185185 0.0390625 0.023148148148148147
2 0.5724010416666666 0.702388888888889 0.013518554687500028 0.03050752314814826