0 0.11753645833333332 0.11228703703703702 0.02553352864583343 0.028715856481481433
0 0.23926041666666673 0.22585185185185186 0.0364596354166667 0.029659143518518533
0 0.25844791666666667 0.2988425925925926 0.015606119791666847 0.05187037037037035
0 0.07521874999999997 0.3441851851851852 0.018209635416666595 0.03706018518518527
2 0.22878645833333333 0.3559444444444444 0.011971354166666733 0.02874999999999996
0 0.005208333333333333 0.35833333333333334 0.010416666666666666 0.04259259259259259
0 0.20748437499999994 0.3665833333333333 0.0125003255208334 0.040712962962962986
2 0.08210416666666666 0.3727407407407407 0.022378906249999986 0.04815972222222226
0 0.09754166666666665 0.37601851851851853 0.019307291666666632 0.05001620370370385
2 0.11749479166666668 0.38080555555555556 0.02026888020833333 0.04630208333333325
0 0.10747395833333334 0.4146481481481482 0.028666666666666767 0.024074074074074074
0 0.023958333333333335 0.7875 0.04791666666666667 0.10185185185185185
3 0.34453125 0.7949074074074074 0.09036458333333333 0.10694444444444444
0 0.51484375 0.6481481481481481 0.04635416666666667 0.037037037037037035
0 0.4109375 0.6518518518518519 0.08098958333333334 0.04398148148148148
0 0.03619791666666667 0.9421296296296297 0.07239583333333334 0.06527777777777778
0 0.31692708333333336 0.9490740740740741 0.09036458333333333 0.03657407407407407
0 0.57265625 0.9569444444444445 0.08307291666666666 0.04027777777777778
0 0.08203125 0.6643518518518519 0.06822916666666666 0.05277777777777778
0 0.6359375 0.9740740740740741 0.03307291666666667 0.049074074074074076
0 0.20598958333333334 0.6657407407407407 0.0734375 0.07175925925925926
0 0.2947916666666667 0.6768518518518518 0.07864583333333333 0.06435185185185185
0 0.03411458333333333 0.6925925925925925 0.06171875 0.08055555555555556
0 0.4674479166666667 0.7268518518518519 0.08203125 0.03287037037037037
0 0.14270833333333333 0.6402777777777777 0.04895833333333333 0.021296296296296296
0 0.77421875 0.6826388888888889 0.02338932291666668 0.025018518518518502