2 0.6294322916666667 0.11241666666666664 0.017854166666666654 0.04491666666666666
0 0.029947916666666668 0.5171296296296296 0.023177083333333334 0.0375
0 0.3106770833333333 0.5296296296296297 0.0234375 0.04259259259259259
2 0.3059895833333333 0.4083333333333333 0.02578125 0.03611111111111111
0 0.1265625 0.5958333333333333 0.019791666666666666 0.043055555555555555
2 0.22213541666666667 0.5981481481481481 0.015625 0.04722222222222222
0 0.43255208333333334 0.638425925925926 0.02578125 0.033796296296296297
0 0.3177083333333333 0.6430555555555556 0.024479166666666666 0.04722222222222222
0 0.35651041666666666 0.6759259259259259 0.028385416666666666 0.03518518518518519
0 0.1578125 0.6787037037037037 0.02421875 0.03148148148148148
2 0.4822916666666667 0.6893518518518519 0.020572916666666666 0.04259259259259259
0 0.22786458333333334 0.6930555555555555 0.01875 0.049074074074074076
0 0.4557291666666667 0.7226851851851852 0.01484375 0.05694444444444444
0 0.3067708333333333 0.7509259259259259 0.026041666666666668 0.028703703703703703
0 0.48385416666666664 0.7935185185185185 0.024479166666666666 0.038425925925925926
0 0.4427083333333333 0.8064814814814815 0.02734375 0.04212962962962963
0 0.40651041666666665 0.8486111111111111 0.025 0.031018518518518518
0 0.21328125 0.8800925925925925 0.0203125 0.025925925925925925
0 0.4278645833333333 0.8814814814814815 0.021354166666666667 0.02962962962962963
0 0.25625 0.9638888888888889 0.023177083333333334 0.03194444444444444
0 0.38307291666666665 0.9648148148148148 0.019010416666666665 0.03657407407407407
0 0.41458333333333336 0.9717592592592592 0.027864583333333335 0.03888888888888889
0 0.2708333333333333 0.46111111111111114 0.0140625 0.032407407407407406
2 0.47890625 0.475 0.025 0.03564814814814815
0 0.4010416666666667 0.4842592592592593 0.020572916666666666 0.031018518518518518
0 0.25625 0.4949074074074074 0.0265625 0.03194444444444444
0 0.43802083333333336 0.5041666666666667 0.010677083333333334 0.040740740740740744
2 0.84609375 0.7823148148148148 0.019937499999999986 0.05413888888888892