0 0.06822916666666666 0.010185185185185186 0.020833333333333332 0.020370370370370372
0 0.23385416666666667 0.008333333333333333 0.014583333333333334 0.016666666666666666
0 0.060744791666666666 0.03368518518518518 0.00989290364583333 0.02317534722222208
0 0.15464583333333334 0.03981481481481482 0.01877376302083338 0.04264583333333323
0 0.004166666666666667 0.0412037037037037 0.008333333333333333 0.04537037037037037
0 0.26301562500000003 0.09025925925925928 0.012442708333333267 0.021252314814814696
0 0.14521875 0.09220370370370375 0.017172526041666636 0.050834490740740854
0 0.11755729166666666 0.09825925925925927 0.021882161458333313 0.04353067129629646
0 0.21931250000000002 0.11512037037037041 0.018772460937499957 0.02873784722222223
0 0.2488697916666667 0.1184259259259259 0.022905924479166728 0.03701678240740728
0 0.23242708333333334 0.12180555555555551 0.01614908854166662 0.03435416666666663
0 0.195734375 0.15131481481481476 0.026017578125000006 0.039725694444444605
0 0.009755208333333336 0.17088888888888884 0.019279947916666672 0.03986053240740746
0 0.15813541666666667 0.18061111111111106 0.01820605468750003 0.05002256944444441
0 0.19284375 0.1827314814814815 0.020296875000000013 0.03801388888888895
0 0.13835937499999998 0.21075000000000002 0.01819335937499999 0.05099421296296277
0 0.23706249999999998 0.2363796296296296 0.023444010416666692 0.041680555555555436
0 0.03901041666666667 0.24094444444444446 0.020310221354166647 0.05463541666666658
0 0.13685416666666667 0.3795 0.017200520833333323 0.03893402777777792
0 0.149703125 0.4011018518518519 0.012495442708333294 0.04907696759259255
0 0.038921874999999995 0.41545370370370377 0.017204427083333317 0.04259837962962955
0 0.6446145833333332 0.05732407407407404 0.030715820312500006 0.03336168981481491
0 0.24505208333333334 0.5337962962962963 0.015104166666666667 0.049074074074074076
0 0.176484375 0.600851851851852 0.029679036458333384 0.025008101851851924
0 0.10820833333333332 0.6036296296296297 0.018232421874999953 0.03796759259259264
0 0.2643229166666667 0.6087962962962963 0.009895833333333333 0.06574074074074074
0 0.25290624999999994 0.6097222222222223 0.011457031249999972 0.05833159722222224
0 0.16485937499999997 0.6112777777777777 0.027616210937499965 0.04076388888888892
0 0.10264583333333335 0.6544814814814816 0.019808593750000013 0.04628935185185191
0 0.242125 0.6666666666666666 0.015644205729166673 0.05180613425925921
2 0.13594270833333333 0.6710648148148148 0.022892578125000066 0.026836226851851826
0 0.1551822916666667 0.6718148148148148 0.029185546875000058 0.030553819444444512
0 0.1842916666666667 0.6914537037037037 0.0182252604166667 0.030605324074074108
0 0.14135416666666664 0.700324074074074 0.017714518229166625 0.03237615740740757
2 0.23758854166666665 0.7156203703703704 0.019831380208333253 0.042590277777777935
0 0.16989062500000002 0.7337685185185185 0.014063802083333361 0.05097916666666657
0 0.17427083333333335 0.7754166666666668 0.015103841145833385 0.036116319444444454
0 0.03540104166666668 0.808537037037037 0.013577473958333286 0.05649421296296303
0 0.08479687499999997 0.8162499999999999 0.020315755208333286 0.04541550925925919
0 0.7234375 0.5986111111111111 0.07838541666666667 0.13842592592592592