0 0.7886458333333334 0.3522314814814815 0.024130208333333295 0.019888888888888907
0 0.6611145833333334 0.39852777777777776 0.023932291666666692 0.03566666666666665
0 0.6065052083333333 0.40624074074074074 0.028255208333333334 0.03135185185185187
0 0.1868854166666667 0.6906574074074073 0.026520833333333313 0.0356388888888889
2 0.6846354166666667 0.6805555555555556 0.04401041666666667 0.04212962962962963
0 0.5153645833333333 0.6995370370370371 0.026041666666666668 0.0375
0 0.8411458333333334 0.700462962962963 0.022916666666666665 0.024074074074074074
0 0.7677083333333333 0.7018518518518518 0.025260416666666667 0.04027777777777778
0 0.81015625 0.7277777777777777 0.04114583333333333 0.040740740740740744
2 0.5236979166666667 0.5416666666666666 0.037760416666666664 0.044444444444444446
2 0.3690104166666667 0.7638888888888888 0.029427083333333333 0.04537037037037037
0 0.4161458333333333 0.8402777777777778 0.024479166666666666 0.03425925925925926
2 0.8434895833333333 0.8490740740740741 0.03984375 0.052314814814814814
2 0.6143229166666667 0.8652777777777778 0.03333333333333333 0.0412037037037037
2 0.4791666666666667 0.9032407407407408 0.057291666666666664 0.05740740740740741
0 0.40625 0.9217592592592593 0.043229166666666666 0.03194444444444444
2 0.6294270833333333 0.9666666666666667 0.034895833333333334 0.060648148148148145
0 0.7841145833333333 0.9703703703703703 0.03723958333333333 0.03518518518518519
0 0.33541666666666664 0.5703703703703704 0.032552083333333336 0.04027777777777778
0 0.62421875 0.5824074074074074 0.01953125 0.03009259259259259
0 0.8736979166666666 0.6078703703703704 0.0328125 0.046296296296296294
2 0.5841145833333333 0.6527777777777778 0.0578125 0.05185185185185185