2 0.769796875 0.24467592592592594 0.018374999999999985 0.045222222222222254
2 0.4025208333333333 0.7369537037037037 0.018203125000000025 0.04213888888888888
0 0.9425572916666667 0.6936851851851853 0.036249999999999956 0.032842592592592604
0 0.98 0.7500555555555555 0.016000000000000014 0.06162962962962963
0 0.9549375 0.7628148148148147 0.025098958333333362 0.03282407407407406
0 0.9608437500000001 0.7957314814814814 0.010322916666666633 0.02459259259259257
0 0.9776874999999999 0.8067314814814814 0.02248437500000004 0.05524074074074071
0 0.9507708333333333 0.8082777777777779 0.011015625000000048 0.04475000000000001
0 0.9044687499999999 0.9121759259259259 0.019796874999999995 0.01797222222222219
0 0.9227552083333334 0.9279166666666666 0.014458333333333328 0.0408055555555556
0 0.9011145833333333 0.9792407407407406 0.011692708333333357 0.03852777777777779