0 0.11164400000000001 0.20352129574085182 0.010425500000000011 0.02820935812837431
0 0.14978400000000003 0.2592981403719256 0.01638000000000002 0.03180038992201561
0 0.009763999999999998 0.27779244151169763 0.014395999999999982 0.038454559088182426
0 0.06863599999999999 0.3139832033593281 0.015613499999999976 0.027012972405518955
0 0.086908 0.32017996400719856 0.019205000000000017 0.039597705458908276
2 0.252564 0.32030593881223757 0.012413499999999932 0.024014697060587897
0 0.40462 0.3272765446910618 0.01963099999999995 0.013858728254349246
0 0.276152 0.329628074385123 0.018795500000000083 0.013825359928014397
0 0.263364 0.3321955608878224 0.010789499999999952 0.024581208758248388
2 0.246784 0.3405218956208758 0.01279425000000001 0.02040641871625684
0 0.13638000000000003 0.3406718656268746 0.011240999999999985 0.033628524295140926
0 0.37995200000000007 0.34527294541091785 0.021198500000000058 0.021056538692261508
2 0.2726 0.3509298140371926 0.0132 0.016796640671865627
0 0.2444 0.35452909418116374 0.0192 0.009598080383923215
0 0.2936 0.35542891421715656 0.0232 0.007798440311937612
0 0.813476 0.038650269946010805 0.009182499999999982 0.03303239352129571
0 0.796676 0.04427714457108579 0.015611999999999989 0.030586007798440278
0 0.781388 0.08443311337732454 0.008413500000000022 0.026998350329933994
0 0.7683479999999999 0.09972405518896221 0.015201249999999982 0.019195035992801483
0 0.8323440000000001 0.1205218956208758 0.01320024999999996 0.025213332333533352
0 0.76754 0.12758848230353934 0.01758650000000007 0.01617351529694065
2 0.8531479999999999 0.14581283743251353 0.01240025000000005 0.026425089982003647
0 0.770028 0.14876424715056988 0.017584500000000027 0.018031268746250762
0 0.784148 0.15386922615476906 0.010805499999999938 0.019802414517096516
0 0.683588 0.15721055788842234 0.015239500000000043 0.027654469106178844
0 0.772408 0.16725854829034195 0.009622500000000036 0.024570335932813443
0 0.650048 0.18230353929214155 0.014424000000000069 0.021005548890221895
0 0.749796 0.19909418116376723 0.014836999999999989 0.0336270245950809
0 0.696924 0.20209358128374325 0.01280599999999995 0.0324272645470905
0 0.747532 0.24428314337132576 0.0191875 0.01380473905218959
0 0.0234 0.5086982603479304 0.0468 0.2975404919016197
0 0.5258 0.6730653869226155 0.1676 0.21595680863827235
3 0.2976 0.764247150569886 0.328 0.47030593881223753
0 0.749208 0.6278284343131373 0.011165999999999985 0.03718131373725251
0 0.7329399999999999 0.6329274145170966 0.016801999999999952 0.026983353329334093
0 0.8404880000000001 0.6359268146370726 0.02000725000000002 0.03298777744451111
0 0.6766 0.6812117576484703 0.023581750000000012 0.01862739952009591
0 0.7054 0.693107378524295 0.01641824999999999 0.024613452309538153
2 0.679264 0.7161067786442712 0.024021000000000004 0.022783443311337744
0 0.727004 0.7186022795440911 0.02121774999999998 0.01921415716856627
0 0.709672 0.7207978404319137 0.014390499999999974 0.018626649670066036
0 0.678264 0.7530893821235753 0.015620500000000084 0.017431763647270497
0 0.662196 0.7667846430713857 0.0155625 0.025784343131373767
0 0.684996 0.7711817636472705 0.01243699999999999 0.018655518896220823
0 0.6294559999999999 0.784379124175165 0.022789499999999952 0.023354079184163223
0 0.6898 0.784379124175165 0.02276399999999994 0.01973680263947204