0 0.19349999999999998 0.03727777777777777 0.029665364583333322 0.03795196759259256
0 0.06830729166666666 0.050703703703703695 0.024986002604166776 0.0499890046296296
0 0.21086458333333333 0.056879629629629634 0.022395507812500052 0.03793287037037045
0 0.1434010416666667 0.11750925925925923 0.021876953125000043 0.025954861111111113
0 0.127171875 0.13062962962962968 0.02809960937499992 0.02397800925925927
0 0.13307291666666668 0.16936111111111107 0.029640624999999924 0.03338888888888905
0 0.23057291666666668 0.18186111111111108 0.010916015625000004 0.028646990740740765
0 0.16571874999999997 0.19482407407407404 0.017696289062500033 0.062008680555555466
0 0.23864583333333336 0.21317592592592594 0.01773046875000001 0.05094097222222234
0 0.04851041666666666 0.2742777777777778 0.018764648437500024 0.043525462962962905
0 0.08879687500000001 0.27567592592592594 0.024430338541666666 0.029614583333333215
0 0.10477083333333331 0.29187962962962966 0.016653320312500004 0.03610416666666673
0 0.08236979166666665 0.30545370370370367 0.013514322916666661 0.05735416666666656
0 0.11709895833333335 0.30545370370370367 0.015108723958333433 0.050050925925925985
0 0.8617239583333334 0.12489814814814813 0.030722981770833258 0.09257523148148147
0 0.9611302083333334 0.1353148148148148 0.04949674479166669 0.06667824074074073
0 0.819015625 0.13887962962962963 0.024460937500000075 0.10741666666666666
0 0.529578125 0.14824074074074073 0.049491210937499995 0.0667025462962963
0 0.6273697916666666 0.17650000000000002 0.04736783854166671 0.08607638888888887
0 0.9310677083333334 0.18846296296296292 0.03386067708333336 0.09169560185185185
0 0.5711458333333332 0.19125 0.06300520833333335 0.058335648148148095
0 0.5036458333333333 0.19212962962962962 0.028125 0.08425925925925926
0 0.8644895833333334 0.2199907407407407 0.031760742187499955 0.0991082175925926
0 0.965625 0.24063888888888887 0.052114257812499905 0.039803819444444416
0 0.4973958333333333 0.2564814814814815 0.015625 0.05185185185185185
0 0.9444687500000001 0.3383148148148148 0.019785481770833377 0.1009508101851852
0 0.8951510416666667 0.38701851851851854 0.04011458333333332 0.06844675925925928
0 0.9036458333333334 0.4740740740740741 0.020833333333333332 0.05
0 0.57734375 0.4787037037037037 0.059895833333333336 0.040740740740740744
0 0.8309583333333334 0.038009259259259257 0.05158984375 0.05182638888888889
0 0.5528645833333333 0.04490740740740741 0.034895833333333334 0.08981481481481482
0 0.00625 0.5398148148148149 0.0125 0.025925925925925925
0 0.019442708333333353 0.6155 0.02395605468749989 0.025934606481481565
0 0.04279687499999998 0.633712962962963 0.015612304687499901 0.045342013888888796
0 0.058598958333333326 0.6369537037037036 0.022372721354166694 0.04441608796296287
0 0.03411458333333333 0.7136388888888889 0.014086588541666601 0.03702893518518522
0 0.7049479166666667 0.5083333333333333 0.0234375 0.016666666666666666
0 0.7496510416666666 0.5599444444444445 0.02395605468749989 0.025934606481481565
0 0.7730052083333334 0.5781574074074074 0.015612304687499901 0.045342013888888796
0 0.7888072916666666 0.5813981481481482 0.022372721354166694 0.04441608796296287
0 0.7643229166666666 0.6580833333333334 0.014086588541666601 0.03702893518518522