2 0.28070833333333334 0.07435185185185181 0.013527994791666723 0.047280092592592596
2 0.31292708333333336 0.0882592592592593 0.021356119791666708 0.03979803240740757
0 0.263609375 0.10137962962962964 0.01146809895833331 0.02317013888888895
0 0.2452083333333333 0.10677777777777782 0.019268880208333408 0.027776620370370344
2 0.27041145833333335 0.1099351851851852 0.021841796874999986 0.03431712962962963
2 0.24746354166666668 0.1301666666666667 0.023978515624999967 0.03606423611111104
0 0.18327083333333333 0.1333240740740741 0.018781901041666653 0.053725694444444506
0 0.26541145833333335 0.16783333333333333 0.009917317708333328 0.052793981481481414
2 0.4661458333333333 0.23564814814814813 0.026041666666666668 0.041666666666666664
0 0.7390625 0.08194444444444444 0.05755208333333333 0.06574074074074074
0 0.6846354166666667 0.31574074074074077 0.06979166666666667 0.046296296296296294
0 0.9364583333333333 0.060648148148148145 0.06276041666666667 0.053703703703703705
0 0.007552083333333333 0.9050925925925926 0.015104166666666667 0.03611111111111111
0 0.7955677083333333 0.6536203703703704 0.03068098958333335 0.029686342592592566