0 0.166921875 0.046851851851851874 0.025559244791666675 0.021241898148148117
0 0.016552083333333318 0.17430555555555555 0.018218098958333328 0.036129629629629616
0 0.28013020833333335 0.1894166666666667 0.021355143229166748 0.05838078703703723
0 0.2189166666666667 0.19955555555555554 0.012996093750000052 0.04354166666666675
2 0.20390625 0.21379629629629626 0.0213619791666666 0.022218749999999923
0 0.23142187500000003 0.22050925925925924 0.013545898437500033 0.029655092592592518
0 0.3250208333333333 0.23448148148148149 0.019770182291666553 0.04350983796296288
0 0.35088541666666667 0.23850000000000005 0.02033333333333355 0.050831018518518345
0 0.19077604166666665 0.2396666666666667 0.02708105468750001 0.03148495370370378
2 0.23099999999999998 0.24713888888888885 0.02241276041666668 0.03513657407407406
0 0.20269791666666664 0.24916666666666668 0.021870768229166632 0.033302083333333496
0 0.013421874999999991 0.2543796296296296 0.015115885416666686 0.05001504629629641
0 0.19898437499999996 0.27740740740740744 0.01981901041666667 0.038894675925926055
0 0.14173958333333334 0.2946574074074074 0.01668098958333329 0.04722916666666661
0 0.11639062500000001 0.3145555555555556 0.02140559895833339 0.04445833333333322
0 0.15302604166666664 0.32212037037037033 0.01927408854166662 0.05372974537037041
0 0.5582447916666666 0.11442592592592596 0.02239355468749989 0.03801041666666686
0 0.5725677083333333 0.14374074074074075 0.018754557291666765 0.03609259259259261
0 0.5479999999999999 0.15223148148148144 0.02497395833333336 0.028646990740740765
0 0.6834375 0.1567037037037037 0.014561848958333398 0.047204861111111156
0 0.5805520833333333 0.1796944444444445 0.027617187499999928 0.033379629629629586
0 0.16162500000000002 0.689425925925926 0.031247070312499996 0.023196180555555446
1 0.813390625 0.838212962962963 0.07396712239583335 0.13516550925925924