2 0.3854166666666667 0.3013888888888889 0.011458333333333333 0.05277777777777778
0 0.5198385416666667 0.34221296296296294 0.019756510416666668 0.042574074074073986
0 0.5934895833333333 0.37453703703703706 0.0234375 0.008333333333333333
0 0.5786458333333333 0.3712962962962963 0.019791666666666666 0.014814814814814815
0 0.6356822916666667 0.5977685185185184 0.017164713541666644 0.04813946759259261
2 0.9563072916666666 0.7144166666666667 0.02600781249999997 0.047317129629629806
0 0.6806562500000001 0.7406574074074074 0.0296875 0.022277777777777938
0 0.5721302083333334 0.7704351851851853 0.024503580729166665 0.03152777777777774
0 0.9631614583333333 0.7906481481481481 0.015619140624999991 0.04076736111111127
0 0.5135260416666667 0.8096296296296296 0.030259114583333257 0.03246064814814826
0 0.9518802083333333 0.8228981481481482 0.03069531249999997 0.025939814814814697