0 0.1313125 0.2528796296296296 0.02503190104166665 0.04720949074074067
0 0.19425520833333335 0.3218518518518519 0.02088411458333326 0.04998495370370369
0 0.025307291666666655 0.3541111111111111 0.021389973958333346 0.043456018518518526
0 0.07375000000000001 0.4409722222222222 0.02241276041666668 0.050935763888888895
0 0.27620833333333333 0.48356481481481484 0.02549414062499989 0.02409490740740744
2 0.153453125 0.5182777777777778 0.016115885416666604 0.04816550925925922
0 0.2745208333333334 0.5541851851851851 0.0187376302083333 0.025090277777777642
0 0.30182291666666666 0.5550925925925926 0.008854166666666666 0.026851851851851852
0 0.3104166666666667 0.5578703703703703 0.010416666666666666 0.021296296296296296
0 0.3223958333333333 0.5574074074074075 0.013541666666666667 0.022222222222222223
0 0.23046875 0.5652777777777778 0.0265625 0.006481481481481481
0 0.28359375 0.562962962962963 0.013020833333333334 0.011111111111111112
0 0.9515052083333334 0.4698148148148148 0.02760677083333315 0.03616435185185196
0 0.26865625000000004 0.710712962962963 0.013026692708333225 0.03620486111111105
0 0.27525520833333333 0.7394166666666667 0.016194661458333332 0.04546296296296309
0 0.317796875 0.7597870370370371 0.02705859375000005 0.01953703703703716
2 0.96559375 0.9147314814814814 0.019736979166666658 0.05561226851851849
2 0.6757083333333334 0.9604074074074074 0.01770703125000009 0.036127314814814744
0 0.5921875 0.9833333333333333 0.022916666666666665 0.03148148148148148