2 0.8833072916666667 0.07391341991341992 0.02521354166666665 0.027194805194805192
0 0.786625 0.08626839826839826 0.014822916666666663 0.02419047619047619
0 0.9726979166666666 0.08683982683982686 0.013156249999999996 0.01565367965367964
0 0.9308124999999999 0.08759307359307358 0.014395833333333326 0.02615584415584416
0 0.955015625 0.10432900432900433 0.023453124999999984 0.026380952380952394
0 0.729984375 0.17733333333333332 0.013984374999999999 0.022086580086580078
2 0.9741562500000001 0.18282251082251083 0.022744791666666646 0.033748917748917764
2 0.8431614583333332 0.1934978354978355 0.019088541666666656 0.02670129870129868
2 0.7659947916666667 0.21807792207792207 0.03274479166666667 0.03708225108225109
0 0.7283854166666667 0.22987012987012986 0.0171875 0.021645021645021644
2 0.8517395833333333 0.258995670995671 0.01999479166666666 0.039264069264069286
0 0.9401197916666667 0.2614805194805195 0.02134375000000001 0.02276190476190473
0 0.8488541666666667 0.010545454545454545 0.01118750000000001 0.01959307359307359
0 0.990625 0.02683982683982684 0.017708333333333333 0.03116883116883117
2 0.8259375 0.05596536796536797 0.03297395833333334 0.03354978354978355
0 0.4427083333333333 0.3038961038961039 0.06666666666666667 0.048484848484848485
0 0.5760416666666667 0.3229437229437229 0.053125 0.08658008658008658
0 0.5179843749999999 0.3743203463203463 0.03007291666666667 0.12301298701298705
0 0.61165625 0.4111861471861472 0.03371354166666667 0.1197922077922078
0 0.4243177083333334 0.4116709956709957 0.03801041666666668 0.13037229437229442
0 0.322265625 0.5125108225108226 0.04954687500000006 0.10309956709956711
0 0.5547447916666666 0.5165108225108225 0.05617708333333334 0.10534199134199133
0 0.359109375 0.527090909090909 0.024911458333333296 0.11880519480519483
0 0.28965625 0.5565887445887446 0.046833333333333345 0.10469264069264066
0 0.6947916666666667 0.5692640692640693 0.04895833333333333 0.10995670995670996
0 0.45075000000000004 0.5723030303030303 0.05228125000000006 0.08993939393939393
0 0.16058333333333333 0.609982683982684 0.03539062500000002 0.05177489177489174
0 0.12238020833333334 0.6123809523809524 0.03771875000000001 0.06619913419913423
0 0.21171354166666667 0.6143116883116883 0.03215104166666668 0.05080519480519476
0 0.6059583333333334 0.6218441558441559 0.07634895833333341 0.06780086580086575
0 0.47023437500000004 0.6236103896103896 0.07813020833333333 0.046025974025974
0 0.7041666666666667 0.6268398268398269 0.030208333333333334 0.03463203463203463
0 0.33113020833333334 0.6305021645021646 0.04151562500000002 0.08510822510822506
0 0.25879166666666664 0.6468571428571429 0.049911458333333325 0.07071861471861478
0 0.4976302083333334 0.6567878787878788 0.06963020833333336 0.049194805194805236
0 0.3540885416666667 0.6672207792207792 0.05578645833333328 0.0473160173160173
0 0.40753125 0.6834112554112555 0.04148958333333338 0.08996536796536798
0 0.471390625 0.7135497835497835 0.0711822916666667 0.07971428571428565
0 0.32630729166666667 0.7626060606060605 0.06273958333333335 0.05856277056277065
2 0.9950520833333333 0.6826839826839827 0.008854166666666666 0.05627705627705628
0 0.99453125 0.7225108225108225 0.009895833333333333 0.04242424242424243
0 0.9584218750000001 0.7283463203463204 0.01854166666666668 0.044025974025973996
0 0.8060520833333332 0.8612207792207792 0.020572916666666666 0.053766233766233684