0 0.0419921875 0.18984375 0.008984375 0.03723958333333333
0 0.207421875 0.26848958333333334 0.0140625 0.019791666666666666
0 0.1267578125 0.2908854166666667 0.010546875 0.029427083333333333
0 0.113671875 0.30078125 0.0103515625 0.030208333333333334
0 0.0712890625 0.3106770833333333 0.0087890625 0.02578125
2 0.1919921875 0.31744791666666666 0.006640625 0.029427083333333333
0 0.241796875 0.3453125 0.007421875 0.03203125
0 0.190234375 0.3567708333333333 0.0142578125 0.016145833333333335
0 0.203125 0.36015625 0.005078125 0.017447916666666667
0 0.220703125 0.36354166666666665 0.0060546875 0.016927083333333332
0 0.2095703125 0.3658854166666667 0.0052734375 0.01796875
0 0.241015625 0.36770833333333336 0.01171875 0.025260416666666667
0 0.2267578125 0.37942708333333336 0.0119140625 0.0234375
0 0.216015625 0.3809895833333333 0.0072265625 0.019270833333333334
0 0.2091796875 0.3859375 0.00703125 0.027604166666666666
0 0.2873046875 0.39609375 0.0078125 0.040364583333333336
0 0.19921875 0.41041666666666665 0.0072265625 0.027604166666666666
0 0.1685546875 0.41953125 0.01484375 0.013802083333333333
0 0.196875 0.4322916666666667 0.0052734375 0.03619791666666667
0 0.224609375 0.4700520833333333 0.0099609375 0.02421875
0 0.080859375 0.5216145833333333 0.0046875 0.008333333333333333
0 0.8556640625 0.41692708333333334 0.13125 0.36041666666666666
0 0.260609375 0.86071875 0.021854980468749917 0.020365885416666767
0 0.5138398437499999 0.947546875 0.05976635742187506 0.07135481770833335
2 0.9267578125 0.9713541666666666 0.126171875 0.05625
0 0.5064453125 0.984375 0.053515625 0.030208333333333334