0 0.15095833333333336 0.3766203703703704 0.024477539062500022 0.0444537037037037
0 0.10737499999999998 0.3838703703703704 0.018777343750000005 0.04917013888888888
0 0.4877239583333334 0.40114814814814814 0.01717220052083353 0.05463888888888888
0 0.14722395833333332 0.4429722222222222 0.028633463541666633 0.03984259259259257
0 0.1803020833333333 0.45238888888888895 0.010404622395833367 0.028656249999999807
0 0.1426197916666667 0.4608703703703704 0.015108072916666633 0.03887152777777782
0 0.20244270833333336 0.46148148148148144 0.02653971354166664 0.039869212962962884
0 0.12873437499999998 0.48108333333333336 0.013515625000000024 0.05638773148148154
0 0.20826041666666667 0.5119444444444444 0.02864550781250005 0.03145428240740755
0 0.06908333333333333 0.5364722222222222 0.0317994791666667 0.030607638888888764
0 0.6362135416666667 0.29283333333333333 0.051555013020833346 0.09446238425925924