0 0.0759479166666667 0.10424999999999998 0.02864876302083334 0.03517708333333326
0 0.08280729166666667 0.11675925925925928 0.021923828125 0.01946064814814808
0 0.16094270833333332 0.22337962962962962 0.03025455729166661 0.03242592592592591
0 0.09730729166666668 0.25084259259259256 0.022391927083333367 0.027833333333333495
0 0.12101041666666669 0.25145370370370373 0.018753906249999966 0.058427083333333275
0 0.14453645833333334 0.26411111111111113 0.010891927083333286 0.026834490740740784
0 0.06909374999999998 0.2733703703703704 0.021327473958333225 0.02871990740740734
0 0.16329166666666667 0.27413888888888893 0.029665039062499923 0.031528356481481556
0 0.04495833333333336 0.3574629629629629 0.014577473958333443 0.03527662037037047
0 0.04573958333333336 0.3946481481481482 0.021348307291666774 0.0268645833333334
0 0.024380208333333306 0.48568518518518516 0.03280924479166671 0.023191550925925924
0 0.7126822916666666 0.18727777777777777 0.013539713541666625 0.054650462962963
0 0.7320416666666667 0.2878796296296296 0.020290039062499925 0.048176504629629725
0 0.7436770833333334 0.31998148148148153 0.011977864583333423 0.024905092592592416
2 0.6636302083333334 0.3258425925925926 0.018736979166666737 0.04256423611111102
0 0.7095572916666666 0.3281574074074074 0.01770572916666673 0.03975810185185188
2 0.7362083333333334 0.3465185185185185 0.017233072916666713 0.0416493055555556
0 0.13740625000000004 0.5730648148148147 0.03280729166666667 0.02598148148148164
0 0.93125 0.9958333333333333 0.030208333333333334 0.006481481481481481