2 0.16536979166666665 0.15980555555555553 0.015127278645833304 0.051843171296296314
0 0.10581770833333332 0.28695370370370366 0.021848958333333356 0.0352407407407409
0 0.16007291666666668 0.29682407407407413 0.01458593749999994 0.03250115740740735
0 0.12369791666666667 0.3005370370370371 0.009872395833333296 0.02310069444444425
0 0.06518229166666666 0.3619444444444444 0.03022233072916656 0.02965625000000016
0 0.6459166666666666 0.3675092592592592 0.026028320312500006 0.037008680555555465
2 0.18243229166666666 0.5773796296296296 0.017714518229166743 0.05652835648148156
0 0.01484375 0.6185185185185185 0.0296875 0.022222222222222223
2 0.17774479166666665 0.6321574074074074 0.022910807291666658 0.0426001157407408
0 0.009375 0.6430555555555556 0.01875 0.03425925925925926
0 0.7269114583333334 0.6745925925925925 0.02449218749999993 0.03245370370370366
0 0.6648333333333334 0.6886388888888889 0.0140872395833334 0.04073263888888892