0 0.01328125 0.11574074074074074 0.0265625 0.044444444444444446
0 0.02170833333333331 0.3104166666666667 0.019246744791666614 0.04724074074074072
0 0.02930729166666666 0.35508333333333336 0.015105468750000028 0.03605787037037047
0 0.11159374999999999 0.3560925925925926 0.0213626302083334 0.03247106481481494
2 0.09358854166666669 0.3701203703703704 0.02970572916666665 0.03148379629629635
0 0.013541666666666667 0.3800925925925926 0.027083333333333334 0.01574074074074074
0 0.016630208333333306 0.40169444444444447 0.013518229166666748 0.03518287037037053
0 0.0026041666666666665 0.40925925925925927 0.005208333333333333 0.05555555555555555
0 0.08838541666666669 0.4098796296296296 0.024453776041666705 0.025064814814814755
0 0.05356250000000002 0.45294444444444437 0.027098307291666755 0.04260648148148157
0 0.7846354166666667 0.1361111111111111 0.07109375 0.05185185185185185
0 0.5401041666666667 0.1865740740740741 0.07317708333333334 0.038425925925925926
0 0.44114583333333335 0.2263888888888889 0.04583333333333333 0.030555555555555555
0 0.8979166666666667 0.23194444444444445 0.06067708333333333 0.05555555555555555
0 0.49296875 0.25972222222222224 0.03411458333333333 0.04259259259259259
0 0.37994791666666666 0.2875 0.07552083333333333 0.04583333333333333
0 0.49270833333333336 0.30462962962962964 0.03619791666666667 0.03518518518518519
0 0.5010416666666667 0.3296296296296296 0.04739583333333333 0.02638888888888889
0 0.42604166666666665 0.3435185185185185 0.07630208333333334 0.04398148148148148
0 0.49921875 0.34814814814814815 0.05026041666666667 0.04351851851851852
0 0.3333333333333333 0.35555555555555557 0.07395833333333333 0.03611111111111111
0 0.1714375 0.5866481481481481 0.014570312500000071 0.03235937500000011
2 0.4861979166666667 0.8009259259259259 0.21223958333333334 0.22870370370370371