2 0.05438020833333332 0.3784021406727829 0.016163411458333242 0.030605886850152926
0 0.2523697916666666 0.3872859327217126 0.0255611979166666 0.017662461773700452
0 0.08509375 0.39028287461773703 0.024467447916666767 0.017655772171253824
0 0.06844270833333331 0.3935550458715596 0.014048828124999939 0.03132788608562696
2 0.04685416666666668 0.4041666666666667 0.016659179687500015 0.026007262996942015
0 0.22025000000000006 0.4102217125382263 0.027602213541666743 0.026835818042813406
2 0.08057812500000001 0.42466360856269114 0.0166748046875 0.03444380733944955
0 0.043598958333333354 0.4247553516819572 0.024489583333333325 0.016821005351682076
0 0.10773437500000001 0.43545107033639147 0.029688802083333243 0.0344418960244648
0 0.03613020833333334 0.4463149847094801 0.02756575520833344 0.02141150611620788
0 0.13360937499999997 0.516223241590214 0.014040364583333324 0.037466551987767514
0 0.22265625 0.8019877675840978 0.125 0.03631498470948012
2 0.31171875 0.8390672782874617 0.11145833333333334 0.05657492354740061
0 0.7669427083333333 0.7346559633027523 0.17549869791666667 0.14228019877675838