0 0.27403125 0.08729629629629627 0.02913736979166674 0.03243402777777773
0 0.12027083333333334 0.10674074074074072 0.017180338541666687 0.045395833333333364
0 0.27871875 0.22569444444444445 0.025527669270833424 0.0360885416666667
0 0.30416666666666664 0.2462962962962963 0.010416666666666666 0.03518518518518519
0 0.2978854166666667 0.2607037037037037 0.009389973958333304 0.02505208333333331
0 0.30494791666666665 0.2638888888888889 0.008854166666666666 0.022222222222222223
0 0.28638541666666667 0.26743518518518516 0.009912109375 0.04998032407407417
0 0.11454166666666668 0.26782407407407405 0.015108072916666692 0.041676504629629525
0 0.005208333333333333 0.32592592592592595 0.010416666666666666 0.044444444444444446
0 0.22558333333333333 0.36241666666666666 0.026057617187500052 0.021324074074074047
0 0.19033333333333333 0.44326851851851856 0.019326171874999964 0.05742129629629618
0 0.2795833333333333 0.4764444444444444 0.020320963541666733 0.04731249999999987
0 0.44495833333333334 0.38248148148148153 0.02603645833333334 0.03713310185185184