0 0.28932291666666665 0.018518518518518517 0.016145833333333335 0.037037037037037035
2 0.096140625 0.19992592592592595 0.017169596354166632 0.04077025462962964
0 0.12730729166666668 0.2838703703703704 0.023962890625000042 0.030603009259259455
0 0.4257604166666667 0.316962962962963 0.03071809895833333 0.024965277777777652
2 0.34781249999999997 0.3222407407407407 0.019808593750000013 0.024037615740740682
2 0.36625520833333336 0.3238611111111111 0.016139322916666643 0.02967476851851845
0 0.408546875 0.3238611111111111 0.02241992187500005 0.02965219907407404
0 0.38480729166666666 0.32806481481481475 0.013524739583333318 0.028699652777777796
0 0.472328125 0.3293888888888889 0.030729817708333346 0.016684027777777735
0 0.39041145833333335 0.3434351851851852 0.024532552083333433 0.019444444444444445
2 0.324 0.35020370370370374 0.02297005208333343 0.04910879629629621
0 0.3606875 0.3560277777777778 0.02863281249999995 0.028690972222222156
2 0.0818125 0.3650277777777778 0.02503710937499998 0.034274305555555676
0 0.3371510416666667 0.3697777777777778 0.021396484374999976 0.03060648148148154
0 0.3640416666666667 0.3720740740740741 0.021847005208333315 0.04351909722222213
0 0.19780208333333332 0.37459259259259253 0.024484700520833336 0.045416666666666626
0 0.3910208333333333 0.3747222222222223 0.013528320312500005 0.04445659722222217
2 0.16064583333333332 0.4401759259259259 0.01929882812499996 0.04909953703703696
0 0.672828125 0.24065740740740738 0.02239355468749989 0.027748842592592592
0 0.20346874999999998 0.6969907407407407 0.013007812500000071 0.03147164351851862
0 0.5604166666666667 0.649074074074074 0.020833333333333332 0.03518518518518519