3 0.7192708333333333 0.28194444444444444 0.12994791666666666 0.19907407407407407
0 0.9791666666666666 0.2916666666666667 0.04010416666666667 0.16157407407407406
0 0.8903645833333333 0.29583333333333334 0.125 0.055092592592592596
0 0.61015625 0.3416666666666667 0.11223958333333334 0.10972222222222222
0 0.7078125 0.3976851851851852 0.10286458333333333 0.11944444444444445
0 0.98203125 0.4305555555555556 0.034375 0.09722222222222222
0 0.9190104166666667 0.45092592592592595 0.12213541666666666 0.0875
0 0.5416666666666666 0.475 0.04140625 0.08842592592592592
0 0.6927083333333334 0.4842592592592593 0.134375 0.06620370370370371
0 0.96640625 0.05787037037037037 0.065625 0.11527777777777778
0 0.16966666666666666 0.6752592592592592 0.018236002604166638 0.04538310185185192
0 0.055067708333333326 0.7493240740740741 0.01508723958333335 0.04168981481481479
0 0.4173958333333333 0.9277592592592593 0.031761067708333354 0.024105324074074126
0 0.3926875 0.9288240740740741 0.017190755208333287 0.027859953703703814
0 0.3718333333333333 0.9478055555555556 0.0229121093749999 0.03609143518518518
0 0.3897395833333333 0.9545277777777776 0.02606770833333331 0.024034722222222415
0 0.34427604166666664 0.962101851851852 0.024990234375000024 0.03332754629629617
0 0.34869791666666666 0.9782407407407407 0.0203125 0.041666666666666664
0 0.29739583333333336 0.9847222222222223 0.017708333333333333 0.028703703703703703
2 0.83125 0.7930555555555555 0.13671875 0.15231481481481482