0 0.23405208333333338 0.040666666666666684 0.036460937500000054 0.029688657407407327
0 0.25323958333333335 0.1136574074074074 0.015615559895833304 0.0518611111111111
0 0.07001041666666664 0.15900000000000003 0.01821940104166669 0.03704861111111115
2 0.223578125 0.17075925925925922 0.0119635416666668 0.028796296296296424
0 0.0026041666666666665 0.17314814814814813 0.005208333333333333 0.04259259259259259
0 0.2022760416666666 0.18139814814814811 0.0125003255208334 0.040712962962962986
2 0.07689583333333333 0.1875555555555555 0.022378906249999986 0.04815972222222226
0 0.09233333333333332 0.19083333333333335 0.019307291666666632 0.05001620370370385
2 0.11228645833333335 0.19562037037037036 0.020290690104166606 0.046299189814814776
0 0.10226562500000001 0.229462962962963 0.02868750000000008 0.024074074074074074
0 0.3828802083333333 0.21039814814814817 0.03227669270833324 0.02685937500000006
0 0.26727604166666663 0.7400555555555556 0.023970703125000034 0.04350752314814812
0 0.22994791666666667 0.8787777777777778 0.015127929687499986 0.03884143518518499
0 0.65078125 0.5731481481481482 0.05130208333333333 0.0763888888888889
0 0.6921875 0.6087962962962963 0.09609375 0.034722222222222224
0 0.69921875 0.6509259259259259 0.08958333333333333 0.04490740740740741
0 0.7231770833333333 0.6800925925925926 0.090625 0.037037037037037035
0 0.4869791666666667 0.8467592592592592 0.10078125 0.04722222222222222
0 0.9658854166666667 0.8537037037037037 0.06614583333333333 0.07083333333333333
0 0.9239583333333333 0.9060185185185186 0.03828125 0.1087962962962963
0 0.9703125 0.9587962962962963 0.058333333333333334 0.04722222222222222
0 0.9640625 0.9893518518518518 0.07005208333333333 0.01898148148148148