2 0.7861979166666667 0.262037037037037 0.12760416666666666 0.2537037037037037
2 0.39140625 0.8425925925925926 0.016145833333333335 0.03518518518518519
0 0.8091145833333333 0.4888888888888889 0.029947916666666668 0.03981481481481482
0 0.60859375 0.4009259259259259 0.03463541666666667 0.013425925925925926
0 0.5510416666666667 0.500462962962963 0.03307291666666667 0.024074074074074074
0 0.8739583333333333 0.4023148148148148 0.016145833333333335 0.022685185185185187
0 0.8924479166666667 0.512962962962963 0.01640625 0.05092592592592592
0 0.75078125 0.5287037037037037 0.030208333333333334 0.027777777777777776
0 0.5299479166666666 0.5319444444444444 0.03333333333333333 0.025925925925925925
0 0.6471354166666666 0.5324074074074074 0.04010416666666667 0.020833333333333332
0 0.8690104166666667 0.5324074074074074 0.015625 0.05324074074074074
0 0.93359375 0.5416666666666666 0.027083333333333334 0.040740740740740744
0 0.9955729166666667 0.5462962962962963 0.0078125 0.022222222222222223
0 0.68984375 0.5486111111111112 0.035416666666666666 0.021296296296296296
0 0.8041666666666667 0.40694444444444444 0.026302083333333334 0.014814814814814815
0 0.5802083333333333 0.5523148148148148 0.013541666666666667 0.05555555555555555
0 0.9671875 0.5587962962962963 0.0296875 0.01990740740740741
0 0.6575520833333334 0.4074074074074074 0.028385416666666666 0.03009259259259259
0 0.6403645833333333 0.5689814814814815 0.034375 0.033796296296296297
0 0.5119791666666667 0.5787037037037037 0.03229166666666667 0.02824074074074074
0 0.7 0.5796296296296296 0.026041666666666668 0.04675925925925926
0 0.8791666666666667 0.5842592592592593 0.01953125 0.053703703703703705
0 0.6078125 0.5893518518518519 0.012760416666666666 0.05648148148148148
0 0.6671875 0.5898148148148148 0.01875 0.04583333333333333
0 0.9791666666666666 0.5925925925925926 0.025520833333333333 0.04814814814814815
0 0.7234375 0.5935185185185186 0.026302083333333334 0.04351851851851852
0 0.95078125 0.5967592592592592 0.027604166666666666 0.037037037037037035
0 0.5408854166666667 0.5976851851851852 0.03671875 0.01898148148148148
0 0.6328125 0.6 0.021875 0.050462962962962966
0 0.8244791666666667 0.412962962962963 0.029166666666666667 0.02962962962962963
0 0.9177083333333333 0.6212962962962963 0.03619791666666667 0.022685185185185187
0 0.8442708333333333 0.4134259259259259 0.03046875 0.025
0 0.5096354166666667 0.4134259259259259 0.02578125 0.04351851851851852
0 0.875 0.6282407407407408 0.031510416666666666 0.04027777777777778
0 0.9890625 0.6314814814814815 0.020833333333333332 0.037037037037037035
0 0.5252604166666667 0.6319444444444444 0.027864583333333335 0.04814814814814815
0 0.8625 0.6370370370370371 0.01640625 0.05138888888888889
0 0.7104166666666667 0.6402777777777777 0.027864583333333335 0.04722222222222222
0 0.6015625 0.6430555555555556 0.03463541666666667 0.02824074074074074
0 0.9408854166666667 0.6578703703703703 0.01484375 0.04861111111111111
0 0.9825520833333333 0.6712962962962963 0.025260416666666667 0.04537037037037037
0 0.4864583333333333 0.674074074074074 0.03125 0.041666666666666664
0 0.56015625 0.6763888888888889 0.03203125 0.03425925925925926
0 0.46536458333333336 0.6814814814814815 0.0234375 0.05185185185185185
0 0.7528645833333333 0.6824074074074075 0.029947916666666668 0.04953703703703704
0 0.5244791666666667 0.6865740740740741 0.03229166666666667 0.022685185185185187
0 0.8390625 0.6953703703703704 0.03125 0.041666666666666664
0 0.5463541666666667 0.7064814814814815 0.018229166666666668 0.053703703703703705
0 0.634375 0.7111111111111111 0.023177083333333334 0.0412037037037037
0 0.8911458333333333 0.712037037037037 0.028125 0.03935185185185185
0 0.5135416666666667 0.7236111111111111 0.02734375 0.03888888888888889
0 0.41510416666666666 0.7342592592592593 0.030208333333333334 0.022222222222222223
0 0.61015625 0.7513888888888889 0.033854166666666664 0.023148148148148147
0 0.6638020833333333 0.7731481481481481 0.03359375 0.028703703703703703
0 0.41796875 0.7777777777777778 0.0359375 0.028703703703703703
0 0.8127604166666667 0.7819444444444444 0.031510416666666666 0.0412037037037037
0 0.8502604166666666 0.7875 0.02421875 0.04398148148148148
0 0.75234375 0.4305555555555556 0.03333333333333333 0.023148148148148147
0 0.6234375 0.7958333333333333 0.022135416666666668 0.052314814814814814
0 0.690625 0.8018518518518518 0.027864583333333335 0.04351851851851852
0 0.4388020833333333 0.8032407407407407 0.03177083333333333 0.03981481481481482
0 0.7197916666666667 0.8185185185185185 0.03333333333333333 0.026851851851851852
0 0.4518229166666667 0.8300925925925926 0.01328125 0.05462962962962963
0 0.7739583333333333 0.8319444444444445 0.015104166666666667 0.05740740740740741
0 0.47552083333333334 0.8430555555555556 0.015625 0.04814814814814815
0 0.7161458333333334 0.8476851851851852 0.03411458333333333 0.01898148148148148
0 0.43333333333333335 0.850925925925926 0.018229166666666668 0.05324074074074074
0 0.81953125 0.850925925925926 0.033854166666666664 0.03333333333333333
0 0.9752604166666666 0.8523148148148149 0.020572916666666666 0.04259259259259259
0 0.9239583333333333 0.8527777777777777 0.0328125 0.026851851851851852
0 0.68046875 0.8564814814814815 0.02890625 0.04027777777777778
0 0.5557291666666667 0.862037037037037 0.035416666666666666 0.016666666666666666
0 0.65859375 0.8708333333333333 0.015885416666666666 0.05185185185185185
0 0.9549479166666667 0.8759259259259259 0.021354166666666667 0.04351851851851852
0 0.48802083333333335 0.8856481481481482 0.037760416666666664 0.024074074074074074
0 0.8190104166666666 0.8888888888888888 0.03515625 0.03287037037037037
0 0.53125 0.8953703703703704 0.030989583333333334 0.01990740740740741
0 0.8924479166666667 0.8981481481481481 0.016927083333333332 0.04953703703703704
0 0.5734375 0.9004629629629629 0.022135416666666668 0.046296296296296294
0 0.9739583333333334 0.9009259259259259 0.0265625 0.049074074074074076
0 0.609375 0.9013888888888889 0.027083333333333334 0.04259259259259259
0 0.6989583333333333 0.9032407407407408 0.036458333333333336 0.01898148148148148
0 0.9395833333333333 0.9060185185185186 0.0359375 0.02361111111111111
0 0.8645833333333334 0.912962962962963 0.0234375 0.05138888888888889
0 0.49375 0.9162037037037037 0.034895833333333334 0.025
0 0.6385416666666667 0.9171296296296296 0.016145833333333335 0.052314814814814814
0 0.5528645833333333 0.9199074074074074 0.016145833333333335 0.05324074074074074
0 0.9921875 0.9226851851851852 0.014583333333333334 0.05648148148148148
0 0.80390625 0.925 0.020833333333333332 0.05
0 0.8536458333333333 0.4439814814814815 0.01796875 0.04675925925925926
0 0.7861979166666667 0.9296296296296296 0.027864583333333335 0.040740740740740744
0 0.5197916666666667 0.9439814814814815 0.03567708333333333 0.03009259259259259
0 0.7481770833333333 0.9462962962962963 0.020833333333333332 0.056018518518518516
0 0.9557291666666666 0.9578703703703704 0.03125 0.02361111111111111
0 0.6473958333333333 0.9597222222222223 0.02734375 0.04351851851851852
0 0.7901041666666667 0.9611111111111111 0.029427083333333333 0.03287037037037037
0 0.76953125 0.9652777777777778 0.011979166666666667 0.04953703703703704
0 0.9856770833333334 0.9680555555555556 0.028385416666666666 0.04583333333333333
0 0.84921875 0.9763888888888889 0.0171875 0.04537037037037037
0 0.7143229166666667 0.986574074074074 0.016145833333333335 0.025
0 0.7908854166666667 0.9875 0.03177083333333333 0.022685185185185187
0 0.40911458333333334 0.9879629629629629 0.017708333333333333 0.02361111111111111
0 0.51328125 0.9916666666666667 0.021354166666666667 0.014814814814814815
0 0.8333333333333334 0.45231481481481484 0.01953125 0.04398148148148148
0 0.6763020833333333 0.4527777777777778 0.0203125 0.055092592592592596
0 0.9088541666666666 0.45601851851851855 0.03307291666666667 0.02361111111111111
0 0.94765625 0.4564814814814815 0.03723958333333333 0.023148148148148147
0 0.5609375 0.46064814814814814 0.03697916666666667 0.020833333333333332
0 0.4231770833333333 0.3972222222222222 0.03723958333333333 0.014814814814814815
0 0.5125 0.3976851851851852 0.03307291666666667 0.011111111111111112
0 0.7442708333333333 0.4777777777777778 0.02890625 0.026851851851851852