0 0.13999479166666665 0.215537037037037 0.03177539062499998 0.02964293981481479
0 0.08547395833333334 0.2866666666666667 0.023990885416666666 0.051836805555555546
0 0.2469583333333333 0.30888888888888894 0.017735026041666775 0.055539351851851916
0 0.10405729166666665 0.37832407407407403 0.02031770833333333 0.024065393518518538
0 0.13869791666666664 0.4135 0.025009114583333294 0.0565775462962964
0 0.143296875 0.426462962962963 0.025030598958333292 0.034355324074074066
0 0.11629687499999998 0.44359259259259265 0.013546549479166715 0.05560300925925924
0 0.12905729166666666 0.44837962962962963 0.011988281249999962 0.04720254629629629
2 0.027479166666666662 0.48139814814814813 0.02136718749999999 0.05561111111111127
2 0.2547760416666666 0.5008333333333334 0.020807942708333253 0.053759259259259416
0 0.27977604166666664 0.5107222222222223 0.014596028645833432 0.04532291666666647
0 0.36790104166666665 0.5158055555555556 0.03125065104166668 0.01861226851851846
0 0.365296875 0.551138888888889 0.017708984375000014 0.02871875000000012
0 0.07548958333333333 0.5525277777777778 0.017763020833333285 0.048163194444444564
0 0.24018749999999997 0.5532962962962963 0.020846679687499994 0.04356481481481477
0 0.25190625 0.566574074074074 0.017200520833333264 0.04447106481481498
0 0.18046875 0.600925925925926 0.025520833333333333 0.014814814814814815
0 0.93359375 0.17151851851851851 0.02341373697916668 0.028712384259259344
0 0.134109375 0.6281574074074073 0.030704752604166666 0.026879629629629604