0 0.2025104166666667 0.022768518518518497 0.028651692708333225 0.03516898148148145
0 0.20936979166666667 0.0352777777777778 0.0218994140625 0.019452546296296263
0 0.09754687499999998 0.08881481481481489 0.016671549479166714 0.048177083333333336
0 0.11022395833333333 0.09622222222222229 0.02449446614583325 0.03706597222222222
0 0.2875052083333333 0.14189814814814813 0.03025455729166661 0.03242592592592591
0 0.22386979166666668 0.16936111111111107 0.02239388020833329 0.02780555555555553
0 0.24757291666666667 0.16997222222222227 0.018753906249999966 0.058427083333333275
0 0.2710989583333333 0.18262962962962964 0.010914713541666643 0.026843171296296212
0 0.19565624999999998 0.1918888888888889 0.021327473958333225 0.02871990740740734
0 0.28985416666666663 0.19265740740740744 0.029665039062499923 0.031528356481481556
0 0.17152083333333337 0.27598148148148144 0.014580403645833328 0.03523090277777783
0 0.17230208333333336 0.3131666666666667 0.021351236979166664 0.026858217592592628
0 0.15094270833333331 0.4042037037037037 0.03280598958333331 0.023234953703703702
0 0.67421875 0.09814814814814815 0.09661458333333334 0.15462962962962962
0 0.9513020833333333 0.14814814814814814 0.08411458333333334 0.14537037037037037
1 0.7734375 0.24212962962962964 0.07630208333333334 0.20879629629629629
0 0.9263020833333333 0.3199074074074074 0.09973958333333334 0.1300925925925926
0 0.6885416666666667 0.32546296296296295 0.061197916666666664 0.15185185185185185
0 0.5572916666666666 0.36157407407407405 0.06302083333333333 0.15787037037037038
0 0.7140625 0.4305555555555556 0.10859375 0.10694444444444444
1 0.73359375 0.5254629629629629 0.06770833333333333 0.06712962962962964
0 0.9013020833333333 0.5430555555555555 0.06432291666666666 0.03148148148148148
0 0.10980208333333336 0.7239907407407407 0.032809895833333394 0.025953703703703677