0 0.022395833333333334 0.014814814814814815 0.027083333333333334 0.02962962962962963
0 0.21147916666666663 0.19642592592592592 0.019746744791666635 0.03799537037037044
0 0.19183333333333336 0.19690740740740736 0.01924348958333333 0.05270370370370356
0 0.24809375000000003 0.21394444444444438 0.02812011718750007 0.024122685185185195
0 0.19532291666666665 0.23357407407407407 0.020834309895833295 0.0240711805555556
0 0.16805729166666664 0.2376111111111111 0.025486328124999957 0.03702083333333319
0 0.29489583333333336 0.2749074074074074 0.024989583333333343 0.025953124999999858
0 0.11769791666666668 0.29558333333333336 0.03442513020833336 0.026866898148148265
0 0.05987500000000002 0.3008240740740741 0.014609374999999977 0.05187789351851856
0 0.004427083333333333 0.34074074074074073 0.008854166666666666 0.03518518518518519
0 0.16006770833333336 0.346962962962963 0.02083593749999994 0.04630266203703707
0 0.3203125 0.2689814814814815 0.020833333333333332 0.025
0 0.6219895833333333 0.3040925925925926 0.02707389322916664 0.05280729166666668
0 0.482296875 0.40517592592592594 0.013603515625000047 0.032416666666666656
0 0.4586979166666667 0.40635185185185185 0.025516927083333366 0.035163194444444386
0 0.4911197916666667 0.42465740740740743 0.018800781249999923 0.026805555555555596
2 0.43641145833333334 0.4272222222222222 0.01872753906250004 0.050923611111111274
0 0.40732291666666665 0.4291018518518518 0.02394954427083332 0.02496006944444452
2 0.5208125 0.43145370370370373 0.020819010416666592 0.03322800925925928
0 0.4662239583333333 0.4496018518518519 0.020844075520833272 0.034249421296296184
2 0.43806770833333336 0.453287037037037 0.01356770833333331 0.04342476851851858
2 0.5679531250000001 0.7926388888888889 0.017161783854166637 0.05745196759259262