0 0.14676041666666664 0.053787037037037015 0.022390299479166664 0.037954282407407426
2 0.07496354166666667 0.06196296296296298 0.019279296875000008 0.037096064814814735
0 0.3721302083333333 0.14905555555555558 0.012966145833333324 0.038792824074074084
0 0.342203125 0.17251851851851857 0.009360351562499977 0.026888888888889066
0 0.38880729166666667 0.17574999999999996 0.013066406250000048 0.024961805555555563
0 0.35425 0.18245370370370367 0.024985677083333376 0.020471064814814696
0 0.32103125 0.18635185185185185 0.010928710937499985 0.0472471064814815
0 0.36549479166666665 0.20191666666666672 0.019786458333333336 0.03609837962962977
0 0.32030729166666666 0.20333333333333337 0.023984700520833256 0.04538599537037039
2 0.3725625 0.2078611111111111 0.021334309895833434 0.03611111111111111
0 0.33224479166666665 0.22588888888888892 0.014589192708333224 0.038802083333333334
0 0.852171875 0.19436111111111107 0.016654296874999967 0.04811921296296296
0 0.2995677083333333 0.9406574074074073 0.016654296874999967 0.04811921296296296