0 0.13880208333333333 0.2962222222222222 0.027556640625000028 0.03339236111111103
0 0.12968229166666667 0.3539351851851852 0.012548828125 0.045388888888888874
0 0.51090625 0.37692592592592594 0.017652343749999962 0.051946759259259435
0 0.1423541666666667 0.40624074074074074 0.027085937499999938 0.02963831018518527
0 0.06275000000000001 0.4335555555555556 0.029636718750000075 0.01946064814814808
0 0.16076562499999997 0.4378796296296296 0.0140498046874999 0.03145370370370373
0 0.19957291666666663 0.4406481481481481 0.0218629557291667 0.01854571759259245
0 0.2303072916666667 0.4718240740740741 0.02289388020833331 0.04527662037037043
0 0.14331249999999998 0.47737037037037033 0.028138346354166663 0.03245370370370366
0 0.13802083333333334 0.5055555555555555 0.023958333333333335 0.025925925925925925
0 0.8203177083333333 0.19297222222222218 0.020787109375000057 0.03975810185185188
0 0.7999166666666667 0.2304722222222222 0.024475911458333263 0.033277777777777615
0 0.8098125 0.24065740740740738 0.019267578124999928 0.049944444444444284
0 0.6446822916666667 0.2912592592592592 0.01822460937500002 0.047267361111111045
0 0.5877604166666667 0.5995370370370371 0.043229166666666666 0.16018518518518518
0 0.4999479166666667 0.6333888888888889 0.14219205729166665 0.14823958333333342
0 0.3955885416666666 0.6571574074074075 0.10674934895833334 0.15185879629629623
0 0.23575520833333333 0.7574444444444444 0.06925651041666671 0.17782118055555557
0 0.5721354166666667 0.799074074074074 0.07447916666666667 0.2388888888888889
0 0.5181770833333333 0.8214814814814815 0.11406770833333345 0.22315509259259253
0 0.13155729166666666 0.8852129629629629 0.12658040364583337 0.11856076388888886
0 0.04244791666666667 0.962037037037037 0.08489583333333334 0.07407407407407407
0 0.8647447916666666 0.6846296296296296 0.03124283854166663 0.020386574074074217