0 0.06789062500000001 0.31321296296296297 0.01354361979166671 0.052800925925925904
0 0.031088541666666695 0.34528703703703706 0.021322916666666695 0.04445601851851846
0 0.060786458333333356 0.3511296296296297 0.02655078124999998 0.0222471064814815
0 0.009895833333333333 0.35648148148148145 0.019791666666666666 0.022222222222222223
0 0.2692291666666667 0.3638240740740741 0.029694010416666573 0.031541666666666614
0 0.07537500000000001 0.37815740740740744 0.016133789062500032 0.05463773148148155
0 0.033145833333333326 0.3838796296296296 0.029709635416666557 0.021247685185185283
0 0.18605208333333334 0.4189074074074074 0.030218098958333193 0.030526041666666653
0 0.2357083333333333 0.4366481481481482 0.026601562499999905 0.04731828703703703
0 0.17259375000000005 0.45887037037037043 0.027081380208333408 0.02879976851851851
0 0.016604166666666663 0.4602777777777778 0.0281614583333333 0.02045023148148154
0 0.1473333333333334 0.4750740740740741 0.029689453124999925 0.03342824074074092
0 0.21044791666666665 0.4817037037037037 0.017728190104166687 0.06760127314814823
0 0.013687499999999986 0.4949814814814815 0.02653190104166659 0.023199074074074132
0 0.03944791666666667 0.49832407407407414 0.013011718750000038 0.030559606481481465
0 0.19265104166666672 0.5057777777777778 0.01614908854166662 0.03609259259259261
0 0.11076041666666671 0.5069074074074075 0.02868098958333333 0.019425925925925944
0 0.051432291666666664 0.518287037037037 0.026547526041666696 0.03522222222222219
0 0.10469791666666665 0.5204814814814814 0.017677408854166642 0.024095486111111054
0 0.02400000000000002 0.5227962962962963 0.011439453125000061 0.02686747685185188
0 0.08160937500000003 0.5248703703703704 0.0166627604166667 0.04810416666666676
0 0.012765624999999996 0.5251111111111111 0.014027343749999944 0.0370428240740742
0 0.11792708333333338 0.5385555555555556 0.0172115885416666 0.030527777777777803
0 0.12459375000000002 0.5560185185185185 0.0130117187499998 0.05840740740740734
0 0.0078125 0.5587962962962963 0.015625 0.032407407407407406
0 0.04797395833333334 0.5736851851851852 0.026083333333333413 0.03618287037037046
0 0.02112499999999997 0.5778888888888889 0.025547851562500057 0.02406307870370378
0 0.0020833333333333333 0.5814814814814815 0.004166666666666667 0.03518518518518519
0 0.00390625 0.612037037037037 0.0078125 0.027777777777777776
0 0.8960052083333333 0.29961111111111116 0.03124479166666667 0.024905092592592416
0 0.06323958333333332 0.9283333333333333 0.02604882812500001 0.01665046296296303
2 0.7697916666666667 0.9837962962962963 0.021875 0.030555555555555555
2 0.5411458333333333 0.6425925925925926 0.019791666666666666 0.025925925925925925
0 0.5270833333333333 0.6481481481481481 0.013541666666666667 0.037037037037037035
0 0.9043229166666666 0.6923425925925926 0.01353776041666658 0.051858796296296236
0 0.9261145833333334 0.7232037037037037 0.027098307291666637 0.05004513888888882