0 0.010667328206400397 0.09543499834601389 0.014512527908707516 0.02117102216341383
0 0.21644753162986852 0.11875620244789943 0.009178863805507318 0.03671849156467086
2 0.20044653932026793 0.21964935494541846 0.012031753907219053 0.023321204101885543
0 0.2558918382535351 0.22940787297386703 0.01500868270900521 0.011743301356268608
0 0.20987348052592408 0.27753886867350314 0.014760605308856364 0.023321204101885543
2 0.275489952865294 0.2968905061197486 0.009550979905730587 0.032748924909030766
0 0.22860332423716198 0.3015216672179954 0.014140411808484247 0.02216341382732385
0 0.1586454973951873 0.3040026463777704 0.014512527908707516 0.024975190208402248
0 0.26134954105680974 0.30482963943102875 0.017241379310344827 0.010089315249751903
0 0.17278590920367154 0.3109493880251406 0.011659637806995783 0.02232881243797552
0 0.27809476556685686 0.3264968574263976 0.01624906970974944 0.015547469401257029
0 0.2606053088563632 0.329308633807476 0.011659637806995783 0.02447899437644724
0 0.2371619945422972 0.32947403241812767 0.01848176631108906 0.016705259675818724
0 0.27214090796328455 0.33790936156136286 0.009799057305879435 0.016043665233212042
0 0.3154304142892583 0.3382401587826662 0.01500868270900521 0.016705259675818724
0 0.2563879930538328 0.3514720476347999 0.015380798809228479 0.020013231888852134
0 0.23939469114363682 0.35213364207740655 0.017241379310344827 0.01835924578233543
0 0.2446043165467626 0.3562686073436983 0.007690399404614239 0.03159113463446907
2 0.11064252046638551 0.3835593781012239 0.015380798809228479 0.023321204101885543
0 0.19585710741751428 0.39629507112140255 0.017489456710493675 0.01835924578233543
0 0.13805507318283305 0.4002646377770427 0.017861572810716944 0.015547469401257029
0 0.21458695112875217 0.4133311280185246 0.013272140907963284 0.02729077075752564
0 0.17464648970478788 0.4197816738339398 0.01624906970974944 0.015547469401257029
0 0.2692880178615728 0.4608005292755541 0.018729843711237905 0.01885544161429044
0 0.7993053832795832 0.814753556070129 0.061523195236913915 0.10287793582533906