0 0.18725 0.06103703703703705 0.017164713541666644 0.050030092592592515
0 0.08306250000000001 0.13587962962962963 0.02036263020833336 0.06112962962962961
0 0.1316822916666667 0.15871296296296294 0.0192753906250001 0.054686342592592564
2 0.499796875 0.18124074074074076 0.033837239583333435 0.037045717592592675
0 0.17969270833333334 0.18324999999999997 0.023935546874999977 0.04262037037037034
0 0.13046354166666668 0.19050925925925927 0.02348567708333332 0.040722222222222236
0 0.10668229166666669 0.20670370370370372 0.028641276041666566 0.023165509259259216
0 0.15720833333333334 0.20732407407407405 0.01926920572916669 0.03515682870370361
2 0.19722916666666665 0.2161111111111111 0.018241210937499967 0.05465682870370356
2 0.1690989583333333 0.21874074074074074 0.024504557291666746 0.03242361111111104
2 0.5234895833333333 0.25916666666666666 0.0344088541666667 0.035238425925926034
0 0.6993072916666667 0.13618518518518516 0.05990820312500003 0.06301157407407398
0 0.13748958333333333 0.9309259259259259 0.030183593749999935 0.026879050925925782