0 0.193578125 0.06967592592592593 0.009870442708333253 0.049093750000000005
2 0.20234375 0.08387037037037041 0.021377929687499984 0.05838136574074068
0 0.22535416666666663 0.1025462962962963 0.015080078124999948 0.046314814814814795
0 0.30331770833333327 0.10269444444444442 0.022917317708333464 0.04820486111111109
0 0.2724114583333333 0.13540740740740742 0.025998046874999996 0.03983217592592588
0 0.1688333333333333 0.14034259259259263 0.015598958333333357 0.06027893518518512
0 0.18958333333333333 0.14065740740740737 0.024976562499999962 0.03521296296296294
0 0.2952447916666667 0.15855555555555556 0.02656282552083328 0.023156249999999965
0 0.2524427083333334 0.16318518518518518 0.027592773437500048 0.03241550925925923
0 0.20859895833333333 0.1690555555555556 0.011956054687500028 0.05643402777777758
0 0.12854687499999998 0.2526759259259259 0.017190755208333287 0.04076678240740745
0 0.060744791666666666 0.44801851851851854 0.018244791666666652 0.04631886574074092
0 0.021958333333333316 0.5146018518518518 0.020860026041666774 0.05372800925925926
0 0.03923437500000002 0.5595092592592592 0.018751953125000043 0.056493055555555595
0 0.057380208333333314 0.5595092592592592 0.01877539062500008 0.047197916666666666
0 0.06363541666666664 0.6963703703703704 0.0124879557291667 0.04634432870370362
0 0.07188020833333333 0.7537685185185186 0.017754557291666608 0.046390046296296235
0 0.036807291666666644 0.7551574074074074 0.030704427083333385 0.02139120370370388
0 0.06207291666666664 0.7710555555555556 0.0218629557291667 0.04445254629629626
0 0.0328125 0.7869537037037037 0.012547526041666639 0.036981481481481324
2 0.06154687499999998 0.8082407407407407 0.020858723958333415 0.05375694444444455
0 0.006510416666666667 0.8328703703703704 0.013020833333333334 0.030555555555555555
2 0.03203125 0.9888888888888889 0.027604166666666666 0.020370370370370372
0 0.43576041666666665 0.8468333333333333 0.030702473958333223 0.025094907407407583