0 0.1401770833333333 0.14780555555555555 0.022945312500000033 0.0518425925925926
0 0.22161458333333334 0.1854537037037037 0.01616927083333337 0.045384837962962964
0 0.24036979166666667 0.2215555555555556 0.014085611979166638 0.05464351851851851
0 0.08852083333333335 0.3396018518518518 0.014609374999999977 0.055567129629629675
0 0.9015625 0.0875 0.12708333333333333 0.175
0 0.98671875 0.10324074074074074 0.025520833333333333 0.2064814814814815
3 0.784375 0.15787037037037038 0.12916666666666668 0.31574074074074077
2 0.15990625 0.7058981481481481 0.02192903645833333 0.05463657407407402
0 0.22674479166666667 0.7669907407407408 0.032813802083333246 0.02682349537037028
0 0.26058333333333333 0.7984259259259259 0.010419270833333272 0.05457407407407412
0 0.28405729166666666 0.8026203703703704 0.018220703125000053 0.029648148148148343
0 0.24120312500000002 0.8036203703703704 0.020812174479166737 0.0407609953703705
0 0.24875 0.8095648148148149 0.015628255208333403 0.041634837962963
0 0.2726770833333333 0.8212222222222222 0.014078124999999986 0.029655092592592518
0 0.25180208333333337 0.8353518518518518 0.018258138020833314 0.03887673611111095
0 0.42563020833333337 0.8428055555555556 0.015615234374999905 0.06574826388888895