0 0.04739583333333333 0.021296296296296296 0.0125 0.04259259259259259
0 0.13334374999999998 0.02258333333333332 0.026101562500000005 0.030520833333333205
0 0.035479166666666666 0.050129629629629614 0.01663281250000009 0.04909606481481488
0 0.057749999999999996 0.05938888888888887 0.022887369791666737 0.03150347222222228
0 0.13142187500000002 0.08428703703703701 0.017694010416666708 0.03340046296296295
0 0.06983333333333336 0.09151851851851855 0.013017578124999929 0.042575810185185345
0 0.036687500000000026 0.0944722222222222 0.021365885416666685 0.046243634259259266
0 0.06150000000000002 0.11218518518518515 0.010941080729166568 0.038908564814814826
2 0.01469791666666668 0.11275925925925924 0.022910807291666658 0.04814409722222224
0 0.04899479166666669 0.13371296296296292 0.012503580729166568 0.03426909722222233
0 0.06423437500000002 0.14482407407407405 0.03381705729166657 0.025944444444444638