2 0.09764062500000001 0.09129629629629632 0.020337890624999962 0.038881365740740685
0 0.19149479166666664 0.10750000000000003 0.025546874999999976 0.019459490740740753
0 0.11353125000000001 0.18788888888888897 0.02495052083333332 0.03894675925925926
2 0.2247760416666667 0.22004629629629627 0.016132161458333273 0.05470254629629623
0 0.14527083333333332 0.22765740740740742 0.023934895833333414 0.036981481481481324
0 0.026796875000000022 0.23201851851851857 0.02450585937499999 0.04171469907407396
0 0.20074479166666664 0.23331481481481484 0.029163411458333264 0.01668923611111108
0 0.05067708333333331 0.24359259259259264 0.0197874348958333 0.03708449074074093
0 0.22928645833333333 0.26944444444444443 0.027620442708333335 0.02588425925925919
0 0.19952604166666668 0.2740648148148148 0.019784505208333414 0.04070833333333347
0 0.15992187499999996 0.27437962962962964 0.03122460937500004 0.02776099537037053
0 0.21915625 0.28848148148148145 0.01666341145833338 0.026863425925925968
0 0.29246875 0.28895370370370377 0.02549967447916662 0.027824652777777854
0 0.1924375 0.310962962962963 0.026041992187500067 0.033332175925925904
0 0.16359895833333335 0.31220370370370365 0.029123046874999996 0.03059259259259277
0 0.17254166666666665 0.31913888888888886 0.013019531249999971 0.0527824074074073
0 0.08982812500000001 0.38570370370370366 0.029738932291666725 0.0306458333333332
0 0.0036458333333333334 0.3921296296296296 0.007291666666666667 0.026851851851851852
0 0.12160416666666668 0.41425 0.022420898437500014 0.04539583333333326
0 0.05389062500000001 0.42504629629629626 0.027552734374999943 0.026015046296296345
0 0.21433333333333332 0.4934074074074074 0.031725260416666616 0.0315300925925926
0 0.26753645833333334 0.6489907407407407 0.016133138020833233 0.024102430555555648
0 0.2462604166666667 0.6773796296296297 0.03177376302083334 0.032454282407407484
0 0.23497395833333332 0.7134907407407408 0.027110677083333336 0.023240740740740867
0 0.8825520833333333 0.6800925925925926 0.03333333333333333 0.11018518518518519