0 0.21640625 0.031018518518518518 0.016145833333333335 0.062037037037037036
0 0.16487499999999997 0.4300740740740741 0.018252929687499985 0.04906886574074073
0 0.16051041666666663 0.4554907407407407 0.025542317708333328 0.02214467592592592
0 0.12091666666666664 0.45638888888888884 0.025026692708333444 0.040796296296296455
0 0.20035416666666664 0.4569537037037037 0.01667513020833328 0.043582175925925844
0 0.22178645833333335 0.45929629629629626 0.01926236979166672 0.042624999999999864
0 0.10234375 0.46040740740740743 0.025496744791666734 0.023156249999999965
0 0.002864583333333333 0.5930555555555556 0.005729166666666666 0.026851851851851852
3 0.6682291666666667 0.33101851851851855 0.15364583333333334 0.2337962962962963
0 0.9755208333333333 0.3416666666666667 0.04739583333333333 0.18935185185185185
0 0.8705729166666667 0.3472222222222222 0.14765625 0.06435185185185185
0 0.5393229166666667 0.4009259259259259 0.13255208333333332 0.1287037037037037
0 0.6546875 0.46620370370370373 0.12161458333333333 0.1398148148148148
0 0.97890625 0.5050925925925925 0.040625 0.11388888888888889
0 0.9041666666666667 0.5287037037037037 0.14427083333333332 0.10277777777777777
0 0.45859375 0.5569444444444445 0.049479166666666664 0.10277777777777777
0 0.6369791666666667 0.5675925925925925 0.15859375 0.07777777777777778
0 0.9604166666666667 0.06759259259259259 0.07760416666666667 0.13518518518518519
0 0.3056875 0.8517777777777779 0.058334309895833415 0.15833101851851847
2 0.7445364583333334 0.8235277777777777 0.01820572916666663 0.045342013888888796