2 0.04748437499999998 0.950064814814815 0.02063541666666667 0.04149074074074069
0 0.5299479166666666 0.5449074074074074 0.13125 0.11064814814814815
0 0.8200520833333333 0.5625 0.10104166666666667 0.17685185185185184
0 0.9947916666666666 0.6138888888888889 0.009375 0.1814814814814815
0 0.9421875 0.6277777777777778 0.07994791666666666 0.21342592592592594
0 0.45078125 0.6319444444444444 0.0421875 0.1175925925925926
3 0.7270833333333333 0.6509259259259259 0.05755208333333333 0.3472222222222222
0 0.5841145833333333 0.43194444444444446 0.12265625 0.06388888888888888
0 0.5184895833333333 0.7199074074074074 0.06276041666666667 0.22824074074074074
0 0.8453125 0.7212962962962963 0.12239583333333333 0.18888888888888888
0 0.6197916666666666 0.7481481481481481 0.12239583333333333 0.18425925925925926
0 0.90859375 0.43657407407407406 0.05755208333333333 0.07268518518518519
0 0.4630208333333333 0.44074074074074077 0.05625 0.08148148148148149
0 0.90625 0.8277777777777777 0.12473958333333333 0.12314814814814815
0 0.9885416666666667 0.8412037037037037 0.02265625 0.10092592592592593
0 0.8252604166666667 0.913425925925926 0.06614583333333333 0.1712962962962963
0 0.9888020833333333 0.9449074074074074 0.021354166666666667 0.0787037037037037
0 0.7294270833333333 0.9467592592592593 0.0546875 0.10462962962962963