0 0.5861979166666667 0.003703703703703704 0.027604166666666666 0.007407407407407408
0 0.42994791666666665 0.0023148148148148147 0.028645833333333332 0.004629629629629629
0 0.2578125 0.0060185185185185185 0.023958333333333335 0.012037037037037037
0 0.5609375 0.012962962962962963 0.030208333333333334 0.025925925925925925
0 0.19635416666666666 0.016666666666666666 0.014583333333333334 0.03333333333333333
0 0.28463541666666664 0.018518518518518517 0.013020833333333334 0.037037037037037035
0 0.62421875 0.024537037037037038 0.018229166666666668 0.049074074074074076
0 0.24296875 0.026851851851851852 0.0109375 0.053703703703703705
0 0.42722916666666666 0.02831481481481485 0.02653190104166659 0.023199074074074132
0 0.45298958333333333 0.03165740740740746 0.013011718750000038 0.030559606481481465
0 0.3804427083333334 0.03634259259259259 0.020356119791666672 0.024956018518518402
0 0.6061927083333334 0.03911111111111112 0.016147460937499858 0.03610185185185186
0 0.5243020833333334 0.04024074074074077 0.02868098958333339 0.019425925925925944
0 0.41051562500000005 0.045240740740740755 0.008342447916666629 0.04074768518518512
2 0.39863020833333335 0.04894444444444446 0.015635416666666777 0.04628356481481496
0 0.4649739583333333 0.05162037037037037 0.026555013020833348 0.03520370370370369
0 0.5182395833333333 0.05381481481481482 0.017677408854166642 0.024095486111111054
0 0.43754166666666666 0.056129629629629633 0.011439453125000061 0.02686747685185188
0 0.4951510416666667 0.058203703703703716 0.0166627604166667 0.04810416666666676
0 0.42630729166666664 0.05844444444444445 0.014027343749999944 0.0370428240740742
0 0.37410937499999997 0.06775925925925921 0.016660807291666656 0.044392361111111237
0 0.53146875 0.07188888888888888 0.017199544270833183 0.030541666666666575
0 0.3868489583333333 0.07561111111111109 0.013572916666666638 0.03974768518518519
0 0.16246354166666668 0.07862037037037034 0.029691731770833306 0.05367592592592595
0 0.32210937500000003 0.08511111111111107 0.0307249348958333 0.02776620370370366
0 0.5381354166666666 0.08935185185185185 0.0130117187499998 0.05840740740740734
0 0.4209322916666667 0.09179629629629628 0.0155885416666667 0.03143287037037036
0 0.461515625 0.10701851851851855 0.0260625000000001 0.03614699074074068
0 0.39753645833333334 0.1088518518518518 0.016664062499999945 0.03242650462962973
0 0.43466666666666665 0.11122222222222222 0.025574869791666663 0.024052083333333276
0 0.407296875 0.11511111111111116 0.01983723958333338 0.03430324074074065
0 0.381265625 0.1294259259259259 0.018783854166666693 0.024128472222222357
0 0.36133333333333334 0.13392592592592592 0.011982096354166671 0.03978645833333324
0 0.40609375000000003 0.14500925925925928 0.03021809895833331 0.026807870370370464
0 0.3309479166666666 0.15772222222222226 0.021345052083333253 0.04815393518518531
0 0.31040104166666665 0.16564814814814813 0.011471354166666715 0.055567129629629675
0 0.34824479166666666 0.2003425925925926 0.019805338541666728 0.03243750000000002
0 0.41890625 0.20581481481481478 0.024477864583333304 0.03892939814814819
0 0.1747864583333333 0.25266666666666665 0.018264322916666666 0.04634490740740742
0 0.3892291666666667 0.3035833333333333 0.020839192708333225 0.040787037037037
0 0.18494791666666668 0.3538888888888889 0.01774348958333333 0.03056249999999994
0 0.8552083333333333 0.014351851851851852 0.022916666666666665 0.028703703703703703
0 0.8407708333333334 0.021842592592592622 0.013541992187500067 0.03518344907407393
0 0.804578125 0.044527777777777805 0.0125123697916667 0.03609953703703699
0 0.8234270833333334 0.05469444444444449 0.023921223958333352 0.032405092592592756
0 0.7757604166666667 0.05710185185185181 0.02029394531250001 0.03610474537037055
0 0.8352604166666667 0.0621388888888889 0.018752278645833325 0.04351157407407413
0 0.7885260416666667 0.06272222222222223 0.020811848958333337 0.032411458333333316
0 0.7659791666666665 0.0871759259259259 0.02082291666666656 0.02041435185185176
2 0.7520729166666666 0.11934259259259258 0.0187747395833334 0.05187789351851856
0 0.7548541666666667 0.16100925925925924 0.030203125000000004 0.03513310185185198
2 0.2799479166666667 0.6310185185185185 0.11302083333333333 0.32314814814814813
0 0.6885416666666667 0.725 0.09791666666666667 0.18333333333333332