0 0.35187499999999994 0.09019444444444441 0.021389322916666724 0.05839004629629627
0 0.33312499999999995 0.1455925925925926 0.016110677083333278 0.06020138888888882
0 0.04201562499999998 0.14760185185185182 0.02346223958333328 0.026796296296296138
2 0.019447916666666683 0.1540833333333333 0.0145872395833333 0.04716666666666651
0 0.03455208333333335 0.4382962962962963 0.017709960937499977 0.05465219907407425
0 0.5580885416666667 0.3595 0.051555013020833346 0.09446238425925924
0 0.8346354166666666 0.7513888888888889 0.039322916666666666 0.047685185185185185
2 0.6122395833333333 0.8087962962962963 0.05182291666666667 0.03657407407407407
2 0.6984375 0.8111111111111111 0.057291666666666664 0.032407407407407406
0 0.5302083333333333 0.8185185185185185 0.05364583333333333 0.04351851851851852
0 0.7705729166666667 0.8574074074074074 0.029166666666666667 0.03564814814814815
2 0.9299479166666667 0.6314814814814815 0.0453125 0.05324074074074074