0 0.07629166666666667 0.11868333333333335 0.023388020833333318 0.039219791666666594
0 0.175265625 0.14451666666666674 0.01505794270833339 0.04421875
0 0.07438020833333331 0.16076666666666664 0.021350911458333382 0.038359375
0 0.008333333333333333 0.195 0.016666666666666666 0.02
2 0.15390625 0.2245083333333333 0.022372395833333295 0.020858333333333312
0 0.2778802083333333 0.22672500000000004 0.02348046874999999 0.03175104166666661
0 0.19011458333333334 0.23186666666666667 0.02078776041666662 0.02581770833333337
0 0.16656249999999997 0.23409999999999997 0.020860677083333338 0.02007291666666655
0 0.06448437499999997 0.23965000000000003 0.02239225260416665 0.02745729166666649
0 0.14114583333333333 0.23965000000000003 0.01870247395833336 0.024081249999999842
0 0.1612864583333333 0.26672500000000005 0.0171751302083333 0.04495781249999993
0 0.17656770833333332 0.26895 0.01877343750000004 0.033326041666666695
2 0.05736458333333332 0.2896333333333333 0.022946614583333396 0.039248958333333424
0 0.10146875000000002 0.30366666666666664 0.02551822916666673 0.02747552083333346
0 0.009635416666666667 0.3175 0.019270833333333334 0.05
0 0.04208333333333331 0.3724 0.020320963541666733 0.03171145833333317
0 0.38671875 0.43375 0.0328125 0.030833333333333334
0 0.57734375 0.37375 0.0953125 0.15083333333333335
0 0.6919270833333333 0.39791666666666664 0.1078125 0.1025
0 0.8901041666666667 0.4395833333333333 0.19583333333333333 0.019166666666666665
3 0.80390625 0.08625 0.39114583333333336 0.1725
0 0.9025677083333332 0.25905 0.15939973958333328 0.36837812499999983
2 0.3067708333333333 0.61875 0.15 0.13333333333333333