2 0.2643229166666667 0.006481481481481481 0.021354166666666667 0.012962962962962963
0 0.40295312499999997 0.044694444444444426 0.013046223958333414 0.04164351851851854
0 0.40564583333333337 0.08697222222222217 0.015107421875000072 0.04993981481481482
0 0.14084895833333333 0.09513888888888888 0.01355013020833334 0.053723379629629635
0 0.5092239583333333 0.09776851851851849 0.01820833333333335 0.05372106481481488
0 0.35372916666666665 0.12229629629629633 0.012486653645833339 0.048196180555555496
2 0.40983854166666667 0.19440740740740745 0.023961588541666738 0.03143749999999988
0 0.422203125 0.19719444444444448 0.015102213541666624 0.02954166666666664
0 0.37522395833333333 0.1974166666666667 0.019240885416666607 0.03984606481481486
2 0.3864322916666667 0.2141111111111111 0.02498828124999998 0.033359375000000045
2 0.349015625 0.22516666666666663 0.026035481770833376 0.027767939814814704
0 0.4849947916666667 0.24249999999999997 0.020844401041666554 0.035212384259259114
0 0.4392447916666667 0.24512037037037038 0.017710286458333377 0.04631134259259271
0 0.31240625000000005 0.2813796296296296 0.025514973958333444 0.027831018518518626
0 0.40147916666666666 0.282 0.020311197916666756 0.028749421296296346
0 0.344703125 0.39664814814814814 0.015101562500000061 0.056505787037037146
0 0.219765625 0.5078981481481482 0.010389973958333283 0.04726388888888896
0 0.24598437499999998 0.5433888888888889 0.022921549479166713 0.05187384259259265
0 0.7080572916666666 0.4522592592592593 0.11510351562499999 0.0907430555555556
2 0.789828125 0.5445555555555556 0.10266341145833333 0.1407326388888887
0 0.10190624999999999 0.7918981481481482 0.02861848958333333 0.028722222222222205
0 0.6388020833333333 0.6314814814814815 0.025520833333333333 0.024074074074074074