0 0.05234375 0.008333333333333333 0.0234375 0.016666666666666666
0 0.13359375 0.028046296296296288 0.01619270833333341 0.045399305555555554
0 0.15234895833333334 0.06414814814814818 0.014085611979166638 0.05464351851851851
0 0.00390625 0.18194444444444444 0.0078125 0.05648148148148148
0 0.011197916666666667 0.24027777777777778 0.022395833333333334 0.032407407407407406
0 0.0759479166666667 0.2432962962962963 0.016140625000000006 0.04446643518518524
0 0.10095312500000002 0.2630462962962963 0.014057942708333234 0.054612268518518456
0 0.3364062500000001 0.2665925925925926 0.030733723958333313 0.025986111111111057
0 0.137765625 0.28587962962962965 0.019224609375000055 0.049943287037037064
0 0.11544791666666665 0.29221296296296295 0.016171874999999978 0.04075810185185191
0 0.13945833333333332 0.35134259259259265 0.013009765624999996 0.04163194444444453
2 0.08192187499999998 0.3667129629629629 0.02134505208333337 0.05545254629629636
0 0.147125 0.38675000000000004 0.027594401041666692 0.025934027777777743
0 0.12060416666666664 0.3938055555555555 0.011464843750000024 0.03337615740740729
0 0.1857708333333333 0.39412037037037034 0.024492838541666728 0.03519849537037034
0 0.14966666666666667 0.4280277777777778 0.019796874999999995 0.026870949074074175
0 0.1095989583333333 0.45527777777777784 0.03333268229166665 0.030540509259259142
0 0.08089062499999997 0.5172222222222222 0.018749348958333318 0.054717592592592616
0 0.022989583333333327 0.5363148148148148 0.0291380208333333 0.021309027777777847
2 0.20183854166666665 0.5736574074074073 0.022374023437500057 0.06208101851851864
0 0.68671875 0.15925925925925927 0.08776041666666666 0.12129629629629629
0 0.8799479166666667 0.1787037037037037 0.06744791666666666 0.19444444444444445
0 0.9966145833333333 0.23564814814814813 0.005729166666666666 0.19907407407407407
0 0.9614583333333333 0.25046296296296294 0.053125 0.23425925925925925
0 0.6338541666666667 0.2550925925925926 0.028125 0.1287037037037037
3 0.81796875 0.2759259259259259 0.03828125 0.3819444444444444
0 0.7229166666666667 0.03564814814814815 0.08229166666666667 0.07083333333333333
0 0.67890625 0.35138888888888886 0.04192708333333333 0.25092592592592594
0 0.896875 0.35324074074074074 0.08177083333333333 0.20787037037037037
0 0.7466145833333333 0.3824074074074074 0.08151041666666667 0.20277777777777778
0 0.9390625 0.04027777777777778 0.03854166666666667 0.08055555555555556
0 0.6419270833333334 0.044444444444444446 0.03697916666666667 0.08888888888888889
0 0.9375 0.4703703703703704 0.08307291666666666 0.13564814814814816
0 0.9921875 0.4847222222222222 0.01484375 0.11157407407407408
0 0.88359375 0.5648148148148148 0.04375 0.1884259259259259
0 0.9927083333333333 0.5981481481481481 0.0140625 0.08657407407407407
0 0.8197916666666667 0.600462962962963 0.03619791666666667 0.11527777777777778
2 0.30572916666666666 0.6851851851851852 0.019791666666666666 0.05185185185185185