0 0.08291145833333337 0.20595370370370372 0.026053385416666686 0.04725289351851856
0 0.35187499999999994 0.33926851851851847 0.021389322916666724 0.05839004629629627
0 0.33312499999999995 0.39466666666666667 0.016128255208333307 0.060193287037037004
0 0.04201562499999998 0.3966759259259259 0.0234498697916667 0.0268240740740741
2 0.019447916666666683 0.40315740740740735 0.014585286458333376 0.04719444444444447
0 0.5290729166666667 0.35407407407407404 0.02395052083333328 0.0426001157407408
0 0.5809062500000001 0.37197222222222226 0.013540039062500024 0.03519270833333339
0 0.8963177083333334 0.39095370370370375 0.026570963541666732 0.037976851851851734
2 0.2391875 0.8428333333333333 0.17134309895833333 0.20647974537037045
0 0.7796875 0.6328703703703704 0.016666666666666666 0.026851851851851852
0 0.6876718749999999 0.801 0.022914388020833225 0.029677083333333527
0 0.672734375 0.8374166666666666 0.027632161458333235 0.025055555555555716
0 0.7223958333333333 0.8571666666666666 0.019839192708333304 0.031497685185185115