0 0.289921875 0.046851851851851874 0.01145507812499993 0.051844328703703646
0 0.16984895833333333 0.052870370370370394 0.015641601562500006 0.04721469907407402
0 0.26569791666666664 0.14869444444444443 0.019777018229166644 0.04443576388888891
0 0.433046875 0.24932407407407406 0.017214192708333322 0.04169560185185185
0 0.37559375 0.25301851851851853 0.028125 0.033384259259259315
0 0.08016666666666668 0.27305555555555555 0.029680989583333362 0.04820370370370387
0 0.43685416666666665 0.2809444444444444 0.013522135416666714 0.028800925925925733
0 0.36763541666666666 0.2833796296296296 0.015585286458333413 0.02314120370370376
0 0.27507291666666667 0.2844814814814815 0.015639648437500025 0.04908217592592589
0 0.36770833333333336 0.29847222222222225 0.008354817708333328 0.0407280092592594
0 0.35333333333333333 0.31775 0.0135377604166667 0.04444733796296292
0 0.3624583333333333 0.3374814814814815 0.011474283854166718 0.045318287037036956
0 0.14840625 0.39249074074074075 0.026069661458333292 0.05002546296296289
0 0.35520833333333335 0.4082314814814815 0.020785807291666694 0.04449537037037043
0 0.027901041666666664 0.41933333333333334 0.019290039062500004 0.03706249999999992
0 0.39774479166666665 0.43400000000000005 0.027616536458333365 0.024079861111111028
0 0.09249479166666666 0.4617685185185186 0.015122070312500036 0.04630150462962964
2 0.355984375 0.5025092592592593 0.024527343749999986 0.053712962962962955
0 0.9620572916666668 0.378 0.02605533854166673 0.0379716435185186
0 0.11197916666666667 0.8194444444444444 0.22395833333333334 0.3592592592592593
0 0.9140625 0.7597222222222222 0.096875 0.23981481481481481
0 0.646875 0.8726851851851852 0.11458333333333333 0.18055555555555555
0 0.8369791666666667 0.9453703703703704 0.071875 0.10740740740740741