0 0.29991666666666666 0.1724907407407407 0.021350911458333264 0.05095370370370368
0 0.17506770833333332 0.32308333333333333 0.01772363281249992 0.05558622685185189
0 0.30825 0.35903703703703704 0.029684244791666595 0.025947916666666727
0 0.27378125 0.3758518518518519 0.019284179687499996 0.05373321759259261
0 0.3323802083333333 0.40209259259259256 0.026066406249999948 0.03423726851851846
0 0.42484895833333336 0.4429722222222222 0.01820833333333335 0.04913194444444444
0 0.34376562499999996 0.45645370370370375 0.019806640624999972 0.04640162037037036
0 0.35517708333333337 0.488962962962963 0.0270628255208333 0.02224421296296302
0 0.3305208333333333 0.49654629629629626 0.019240234375000043 0.04171759259259265
0 0.356328125 0.5082222222222222 0.0312135416666667 0.020403935185185077
0 0.31677083333333333 0.5112407407407408 0.011492187500000028 0.03242824074074056
0 0.2963125 0.5154444444444444 0.011472005208333394 0.03616435185185196
0 0.26975520833333333 0.5345925925925926 0.024479166666666666 0.03148032407407405
0 0.297671875 0.54525 0.020371093749999975 0.027731481481481524
0 0.273515625 0.5465092592592593 0.02607486979166668 0.029589120370370328
0 0.3125677083333333 0.5546944444444445 0.019276692708333223 0.03883333333333317
0 0.3494895833333333 0.5619444444444445 0.019746744791666635 0.04449768518518529
0 0.32740625 0.5677037037037037 0.023459309895833395 0.03240335648148129
0 0.2710885416666667 0.6372407407407408 0.025569661458333334 0.04353125000000007
0 0.16302083333333334 0.6837962962962963 0.035416666666666666 0.010185185185185186
0 0.900609375 0.17369444444444443 0.04218880208333324 0.05278703703703703
0 0.11042187499999999 0.8840370370370371 0.015602213541666642 0.053714120370370384
2 0.42083333333333334 0.9717592592592592 0.023958333333333335 0.05462962962962963
2 0.18619791666666666 0.9879629629629629 0.0203125 0.022222222222222223