0 0.16308333333333333 0.20425925925925928 0.019807942708333335 0.038881365740740685
0 0.47632291666666665 0.36211111111111116 0.01410416666666663 0.04824305555555573
0 0.29713541666666665 0.3932777777777778 0.027555989583333346 0.04075810185185181
0 0.22558854166666667 0.42275000000000007 0.01980664062500009 0.03430613425925934
0 0.3250416666666667 0.4294259259259259 0.016666015624999985 0.02777430555555569
0 0.35894791666666664 0.4305092592592593 0.022940104166666586 0.04083333333333325
0 0.38983854166666665 0.43893518518518515 0.020358072916666713 0.037111111111111046
2 0.286703125 0.43917592592592586 0.019242513020833366 0.04261342592592596
2 0.3023854166666667 0.4434537037037037 0.02347851562499995 0.03517476851851871
0 0.3169791666666667 0.4654259259259259 0.01713802083333332 0.042575231481481526
0 0.028338541666666665 0.46672222222222215 0.02499414062500002 0.05009143518518529
0 0.3343541666666667 0.46747222222222223 0.028072916666666715 0.02225231481481484
0 0.170375 0.48477777777777775 0.019807617187500053 0.04726793981481486
0 0.28693749999999996 0.5049074074074074 0.019834635416666777 0.03796296296296296
0 0.25983854166666664 0.5189907407407407 0.01823111979166671 0.04165393518518512
0 0.21647916666666667 0.5571481481481482 0.01715820312500007 0.05001157407407412
0 0.6374010416666667 0.2267777777777778 0.028642578125000047 0.03521469907407409
0 0.8012291666666668 0.3434351851851852 0.019791341145833384 0.05743518518518516
0 0.11240625000000003 0.7613333333333333 0.02188867187500006 0.040767939814814885
0 0.041390625000000014 0.77275 0.023463541666666643 0.026804976851851774
0 0.4648958333333333 0.827212962962963 0.025503580729166704 0.03613715277777782