0 0.07942708333333333 0.49713888888888885 0.013044596354166653 0.040769097222222314
0 0.031942708333333354 0.5165833333333333 0.02811979166666667 0.024130787037037013
0 0.46302604166666667 0.12385185185185184 0.015579427083333286 0.05372453703703707
2 0.7733177083333334 0.21380555555555553 0.02343164062499999 0.057435763888888984
2 0.53890625 0.2431203703703704 0.019791992187500065 0.052824652777777856
2 0.5018333333333334 0.2665740740740741 0.026584960937500075 0.025953703703703677
0 0.7253072916666666 0.3063888888888889 0.016110026041666715 0.06116435185185196
0 0.06188541666666669 0.6514537037037037 0.013023763020833337 0.036157986111111186
0 0.068484375 0.6801574074074075 0.016194661458333332 0.04546296296296309
0 0.11102604166666664 0.7005277777777779 0.02705859375000005 0.01953703703703716
0 0.7369791666666666 0.6055555555555555 0.018489583333333334 0.03194444444444444
0 0.76484375 0.6268518518518519 0.013020833333333334 0.037037037037037035
0 0.7572916666666667 0.5523148148148148 0.016145833333333335 0.03657407407407407
0 0.8286458333333333 0.799074074074074 0.026822916666666665 0.02824074074074074
0 0.7247395833333333 0.9523148148148148 0.017708333333333333 0.03148148148148148