0 0.2981875 0.047648148148148155 0.014106770833333353 0.054699074074074074
0 0.11934375 0.2871296296296296 0.026071614583333395 0.019429398148148137
0 0.1473072916666667 0.30337037037037035 0.030179687499999965 0.015721064814814806
0 0.11976562500000003 0.32266666666666666 0.0197998046875 0.03986689814814813
0 0.15534895833333331 0.3258333333333333 0.01926139322916664 0.02408043981481485
0 0.12642708333333333 0.34049074074074076 0.013530273437500047 0.042609953703703664
0 0.21770833333333334 0.3795555555555556 0.019815429687499986 0.024103587962962976
0 0.26780208333333333 0.3851111111111111 0.028115234375000023 0.04256307870370369
0 0.12250520833333335 0.38766666666666666 0.029692382812500046 0.02593865740740737
0 0.18720833333333337 0.45386111111111105 0.0255247395833333 0.026840856481481556
0 0.20654687500000002 0.4776018518518518 0.015067708333333367 0.02496759259259273
0 0.23253645833333333 0.4780185185185185 0.018204101562499984 0.03608680555555566
0 0.3527135416666667 0.4908055555555556 0.02396874999999999 0.02587847222222203
2 0.21510416666666668 0.4912037037037037 0.014583333333333334 0.03425925925925926
0 0.1859375 0.4986111111111111 0.030208333333333334 0.019444444444444445
0 0.3854166666666667 0.4935185185185185 0.021875 0.02962962962962963
0 0.740015625 0.06385185185185185 0.020310546874999957 0.04262615740740745
0 0.777953125 0.19191666666666665 0.025546223958333412 0.028728009259259262
0 0.8996770833333334 0.3054814814814815 0.036460937500000054 0.029688657407407327
0 0.57540625 0.3366574074074074 0.021365234375000004 0.04072222222222213
0 0.6518072916666667 0.3744537037037037 0.017162109375000036 0.028732060185185277
0 0.5518802083333334 0.3752314814814815 0.023454427083333347 0.03982407407407407
0 0.9188645833333333 0.3784722222222222 0.015615559895833304 0.0518611111111111
0 0.7356354166666667 0.42381481481481487 0.01821940104166669 0.03704861111111115
2 0.889203125 0.43557407407407406 0.011971354166666733 0.02874999999999996
0 0.6582291666666666 0.4383333333333333 0.024483072916666633 0.041694444444444416
0 0.8679010416666666 0.4462129629629629 0.0125003255208334 0.040712962962962986
2 0.7425208333333333 0.4523703703703703 0.022378906249999986 0.04815972222222226
0 0.7579583333333333 0.4556481481481482 0.019289062499999923 0.050008101851852026
2 0.7779114583333334 0.46043518518518517 0.020290690104166606 0.046299189814814776
0 0.7678906249999999 0.4942777777777778 0.02868750000000008 0.024074074074074074
0 0.5721354166666667 0.5013888888888889 0.0203125 0.013888888888888888
0 0.28828125 0.6976851851851852 0.018489583333333334 0.017592592592592594
0 0.21067708333333332 0.7032407407407407 0.036458333333333336 0.033796296296296297
0 0.2875 0.7291666666666666 0.016927083333333332 0.015277777777777777
0 0.10859375 0.7560185185185185 0.0203125 0.022222222222222223
0 0.24401041666666667 0.8032407407407407 0.023697916666666666 0.022222222222222223
0 0.4171875 0.8050925925925926 0.02109375 0.04398148148148148
2 0.16640625 0.8050925925925926 0.03463541666666667 0.032407407407407406
0 0.35651041666666666 0.8152777777777778 0.016927083333333332 0.010648148148148148
0 0.35520833333333335 0.8384259259259259 0.026302083333333334 0.017592592592592594
0 0.3125 0.8384259259259259 0.01875 0.012962962962962963
0 0.3723958333333333 0.8467592592592592 0.02109375 0.01990740740740741
0 0.38984375 0.8532407407407407 0.02109375 0.0125
0 0.25833333333333336 0.8564814814814815 0.033854166666666664 0.031018518518518518
0 0.2171875 0.8949074074074074 0.03802083333333333 0.017592592592592594
0 0.4356770833333333 0.9069444444444444 0.022135416666666668 0.024537037037037038
0 0.18854166666666666 0.9083333333333333 0.05078125 0.020833333333333332
0 0.3703125 0.9101851851851852 0.03723958333333333 0.029166666666666667
0 0.26927083333333335 0.913425925925926 0.04401041666666667 0.029166666666666667
0 0.44817708333333334 0.9138888888888889 0.024479166666666666 0.031018518518518518
0 0.42994791666666665 0.9472222222222222 0.025520833333333333 0.03333333333333333