0 0.10503124999999998 0.0444907407407407 0.013007161458333272 0.05374826388888891
0 0.08653645833333332 0.09772222222222218 0.022945312500000033 0.047309027777777776
0 0.030729166666666665 0.25601851851851853 0.027083333333333334 0.012037037037037037
0 0.2791666666666667 0.6270740740740741 0.014559570312500015 0.04723090277777786
0 0.3310833333333333 0.6533055555555556 0.011967122395833366 0.0435653935185186
0 0.31676041666666666 0.6684351851851852 0.019779296874999967 0.03330555555555558
0 0.2691822916666667 0.6866388888888889 0.011976888020833224 0.03615740740740737
0 0.09050520833333332 0.759462962962963 0.01406868489583335 0.056487847222222255
0 0.011979166666666667 0.9861111111111112 0.023958333333333335 0.025925925925925925
0 0.7184895833333333 0.45601851851851855 0.03671875 0.07453703703703704
0 0.9630208333333333 0.5648148148148148 0.047135416666666666 0.11944444444444445
0 0.78046875 0.6199074074074075 0.14088541666666668 0.09351851851851851
0 0.61640625 0.6731481481481482 0.13671875 0.12314814814814815
0 0.6286458333333333 0.3472222222222222 0.06536458333333334 0.09259259259259259