0 0.03121354166666667 0.08206481481481481 0.024470703124999993 0.04999074074074075
0 0.33543229166666666 0.1227962962962963 0.017686197916666656 0.053698495370370365
0 0.32110416666666663 0.33449999999999996 0.029665364583333322 0.03795196759259256
0 0.19591145833333332 0.3479259259259259 0.024972005208333432 0.0499780092592592
0 0.33846875 0.35410185185185183 0.022395507812500052 0.03793287037037045
0 0.27100520833333336 0.4147314814814815 0.021878906249999965 0.025983796296296297
0 0.2547760416666666 0.42785185185185187 0.02809960937499992 0.02397800925925927
0 0.26067708333333334 0.4665833333333333 0.029640624999999924 0.03338888888888905
0 0.35817708333333337 0.4790833333333333 0.010916015625000004 0.028646990740740765
0 0.10162500000000001 0.49003703703703705 0.023974283854166688 0.03982291666666663
0 0.29332291666666666 0.49204629629629626 0.017696289062500033 0.062008680555555466
0 0.36625 0.5103981481481482 0.01771940104166679 0.050933449074074134
0 0.17611458333333332 0.5715 0.018764648437500024 0.043525462962962905
0 0.21640104166666668 0.5728981481481482 0.024430338541666666 0.029614583333333215
0 0.23237499999999997 0.5891018518518518 0.016639973958333224 0.03609722222222234
0 0.20997395833333332 0.6026759259259259 0.013514322916666661 0.05735416666666656
0 0.24470312500000002 0.6026759259259259 0.015106445312500109 0.05002546296296289
0 0.9520833333333333 0.2324074074074074 0.015364583333333333 0.04027777777777778
0 0.62578125 0.3421296296296296 0.03203125 0.04953703703703704
0 0.9421875 0.4009259259259259 0.02265625 0.05648148148148148
0 0.9247395833333333 0.425462962962963 0.013020833333333334 0.06898148148148148
0 0.525 0.4287037037037037 0.026822916666666665 0.04259259259259259
0 0.5591145833333333 0.45231481481481484 0.023177083333333334 0.037037037037037035
0 0.6059895833333333 0.475462962962963 0.03671875 0.05648148148148148
0 0.93828125 0.4828703703703704 0.028385416666666666 0.031018518518518518
0 0.8658854166666666 0.49583333333333335 0.023697916666666666 0.037037037037037035
0 0.7833333333333333 0.4981481481481482 0.026041666666666668 0.032407407407407406
0 0.9377604166666667 0.5013888888888889 0.023697916666666666 0.02175925925925926
0 0.90078125 0.512962962962963 0.026822916666666665 0.028703703703703703
0 0.7171875 0.5935185185185186 0.03333333333333333 0.05092592592592592
0 0.6221354166666667 0.06620370370370371 0.03619791666666667 0.04259259259259259
0 0.890625 0.11342592592592593 0.02421875 0.04490740740740741
0 0.8591875000000001 0.9100277777777777 0.08593066406250002 0.13700405092592582