0 0.04536979166666667 0.3326574074074074 0.013574869791666682 0.043541666666666645
0 0.09503125000000003 0.41875 0.021328125000000024 0.049084490740740755
0 0.664484375 0.12658333333333335 0.014054361979166667 0.04721296296296297
0 0.654421875 0.18589814814814812 0.017183593750000035 0.04071759259259251
0 0.6826562500000001 0.1880740740740741 0.01406901041666669 0.03331944444444435
0 0.6413958333333334 0.19193518518518515 0.010911458333333356 0.042576388888888955
0 0.6566354166666667 0.20743518518518517 0.01823665364583332 0.044464699074073986
2 0.61834375 0.20817592592592596 0.02498307291666665 0.03523032407407422
0 0.5997916666666666 0.23078703703703704 0.016124348958333336 0.05647569444444453
0 0.65625 0.23864814814814816 0.02390820312499997 0.03431712962962963
2 0.33936458333333336 0.6760555555555555 0.01979752604166656 0.04535069444444444
2 0.325578125 0.693574074074074 0.022906249999999892 0.03515682870370382
2 0.3651041666666667 0.7006111111111111 0.016679361979166647 0.047186342592592655
2 0.37628125 0.7197592592592593 0.012031901041666633 0.020391203703703526
2 0.3395 0.7213888888888889 0.0151123046875 0.02962557870370351
0 0.31677083333333333 0.72825 0.01350716145833341 0.03790625000000002
0 0.29269270833333333 0.7380648148148148 0.015102864583333304 0.037059606481481655
0 0.43951562499999997 0.7468240740740741 0.01822851562499987 0.039721064814814876
0 0.5494791666666666 0.7912037037037037 0.019791666666666666 0.03981481481481482
0 0.5345833333333334 0.8557592592592593 0.02916210937500002 0.030568287037037106