0 0.36364062500000005 0.2559537037037037 0.026065104166666703 0.047283564814814785
0 0.00625 0.31157407407407406 0.0125 0.058333333333333334
0 0.20572916666666666 0.42685185185185187 0.023958333333333335 0.044444444444444446
0 0.270921875 0.4340185185185185 0.02809960937499992 0.0296469907407407
0 0.3229166666666667 0.44074074074074077 0.023958333333333335 0.016666666666666666
2 0.30026041666666664 0.4388888888888889 0.015104166666666667 0.020370370370370372
0 0.6416666666666667 0.44305555555555554 0.016666666666666666 0.012037037037037037
0 0.7 0.4444444444444444 0.015625 0.009259259259259259
0 0.2736041666666667 0.8965185185185185 0.029172526041666556 0.034276620370370325
0 0.6348385416666666 0.5508240740740741 0.07187174479166665 0.10461689814814817
0 0.98203125 0.45925925925925926 0.0265625 0.018518518518518517
0 0.9476145833333334 0.5810740740740741 0.0671663411458334 0.10091956018518515
0 0.96328125 0.7689814814814815 0.07239583333333334 0.05462962962962963
1 0.91246875 0.836212962962963 0.09582942708333336 0.08518518518518518
0 0.99140625 0.9601851851851851 0.016145833333333335 0.053703703703703705
0 0.8419270833333333 0.4942407407407407 0.07653125000000002 0.08244560185185185