2 0.48798958333333337 0.0908055555555556 0.02080566406250005 0.048195601851852045
0 0.10633854166666665 0.09991666666666664 0.021848958333333356 0.0352407407407409
0 0.16059375 0.10978703703703709 0.014584635416666577 0.032454282407407484
0 0.12421875 0.11350000000000003 0.009872395833333296 0.02310069444444425
2 0.48703645833333326 0.16949999999999996 0.01975846354166677 0.05009143518518529
0 0.4609010416666667 0.17136111111111116 0.028654947916666864 0.02046296296296309
0 0.06570312499999999 0.17490740740740737 0.03022233072916656 0.02965625000000016
0 0.4671510416666667 0.2008333333333333 0.0317623697916666 0.02957638888888878
0 0.859640625 0.17780555555555552 0.023496093749999978 0.03526620370370368
0 0.8851927083333334 0.1938148148148148 0.011965169270833442 0.05000115740740743
0 0.900015625 0.20360185185185184 0.019779947916666648 0.036120370370370365
0 0.9029947916666666 0.2426759259259259 0.022914388020833343 0.02961805555555562
0 0.8044166666666667 0.26402777777777775 0.02239453124999997 0.04817361111111114
0 0.9156614583333335 0.27378703703703705 0.01662630208333328 0.04159606481481485
0 0.89115625 0.3870277777777778 0.01976822916666663 0.04445717592592599
0 0.16154166666666664 0.9452962962962963 0.019765625000000023 0.025868055555555554
2 0.20426041666666664 0.9452962962962963 0.011445963541666633 0.029600694444444443
0 0.6515625 0.7002314814814815 0.017660156250000014 0.03794444444444446