0 0.6140625 0.14629629629629629 0.034895833333333334 0.017592592592592594
0 0.94375 0.15185185185185185 0.029947916666666668 0.011574074074074073
0 0.87890625 0.16342592592592592 0.031510416666666666 0.011574074074074073
0 0.4390625 0.16435185185185186 0.037760416666666664 0.013425925925925926
0 0.7604166666666666 0.16712962962962963 0.03802083333333333 0.017592592592592594
0 0.6963541666666667 0.1699074074074074 0.04088541666666667 0.011574074074074073
0 0.6609375 0.1726851851851852 0.039322916666666666 0.018518518518518517
0 0.625 0.032407407407407406 0.04401041666666667 0.014351851851851852
0 0.13333854166666667 0.5405092592592593 0.018703776041666724 0.046314814814814795
0 0.10286458333333333 0.5867962962962963 0.023389973958333362 0.038906249999999955
0 0.2296145833333334 0.6025370370370371 0.021354166666666667 0.0296469907407407
0 0.29117187499999997 0.6091666666666666 0.021916666666666865 0.04079513888888881
0 0.28830729166666663 0.6560833333333334 0.023416992187500086 0.04717534722222215
0 0.02758854166666668 0.6823055555555555 0.021900716145833363 0.05002604166666671
0 0.6852447916666667 0.6338518518518518 0.02450520833333331 0.03249999999999992
0 0.6231666666666666 0.6478981481481482 0.01411197916666668 0.04072453703703711
0 0.9950520833333333 0.6597222222222222 0.008854166666666666 0.03425925925925926