2 0.15734375 0.3429722222222222 0.021841145833333304 0.05653819444444442
0 0.3862864583333333 0.39621296296296293 0.009878255208333424 0.022243055555555377
0 0.38203125 0.42769444444444443 0.010889973958333361 0.049944444444444284
0 0.39261979166666666 0.4283055555555556 0.014066406249999967 0.030461805555555613
0 0.06601041666666667 0.44975000000000004 0.01928776041666668 0.051866898148148266
0 0.3980052083333333 0.4645648148148148 0.02188802083333326 0.03334085648148154
0 0.7165989583333333 0.3165833333333333 0.0234381510416668 0.040796296296296455
0 0.5861927083333334 0.3375648148148149 0.024503580729166665 0.03430613425925934
0 0.6096354166666667 0.3384907407407408 0.016098958333333257 0.04731597222222216
0 0.6066822916666667 0.3772222222222222 0.0255253906250001 0.034313657407407334
0 0.3478229166666667 0.6810833333333334 0.013026692708333225 0.03620486111111105
0 0.354421875 0.709787037037037 0.016170247395833334 0.045416666666666626
0 0.3963541666666667 0.7305555555555555 0.026041666666666668 0.020370370370370372
0 0.538296875 0.7093333333333334 0.03383235677083339 0.027825231481481676
0 0.4598125 0.7310925925925926 0.02239257812499993 0.030460648148147973
0 0.4651927083333333 0.7437407407407407 0.014608723958333413 0.05275925925925928