0 0.261203125 0.4144166666666667 0.025497721354166693 0.03801041666666686
0 0.343421875 0.44883333333333336 0.032292317708333344 0.024056712962963005
0 0.378234375 0.45392592592592595 0.019802083333333324 0.049065393518518435
0 0.24036458333333333 0.46719444444444447 0.018209635416666713 0.030563657407407584
0 0.21258333333333332 0.48076851851851854 0.023972005208333393 0.034266782407407465
2 0.223953125 0.5144074074074073 0.020857421874999935 0.05282349537037042
0 0.4567135416666667 0.5913981481481482 0.01926692708333325 0.06482638888888893
2 0.8553489583333334 0.4020740740740741 0.02188118489583341 0.05463831018518527
0 0.5072916666666667 0.4388888888888889 0.014583333333333334 0.03148148148148148
0 0.5294322916666666 0.44575 0.028623046874999978 0.021324074074074047
0 0.5643333333333334 0.45175925925925925 0.01508203124999999 0.05373090277777764
2 0.7155677083333334 0.60375 0.024477213541666504 0.05930324074074086
0 0.557078125 0.9721388888888888 0.0286637369791667 0.048176504629629725
2 0.8752604166666667 0.9925925925925926 0.018229166666666668 0.012962962962962963