0 0.09913020833333336 0.3866574074074074 0.02603906250000006 0.046287615740740765
0 0.1803020833333333 0.39237037037037037 0.014571289062500032 0.054620949074074096
0 0.25566145833333326 0.48880555555555555 0.027604492187500065 0.04632465277777787
2 0.4875572916666666 0.4905 0.02602473958333344 0.0592679398148149
0 0.13776041666666666 0.5222962962962964 0.015056640625000029 0.04064583333333316
0 0.528125 0.5212962962962963 0.016666666666666666 0.024074074074074074
0 0.9307395833333333 0.6736851851851853 0.030185872395833258 0.034211805555555364
0 0.8716145833333333 0.6746111111111112 0.02758040364583335 0.0249525462962961
2 0.9482760416666667 0.6869537037037037 0.025509440104166715 0.029601851851851876
2 0.9641614583333333 0.695287037037037 0.016678059895833285 0.05367534722222213
0 0.9711041666666667 0.920712962962963 0.023459960937500076 0.06576446759259258