0 0.38984375 0.017592592592592594 0.0296875 0.03518518518518519
0 0.2646614583333333 0.0294074074074074 0.024972005208333432 0.0499780092592592
0 0.40721875 0.03558333333333334 0.022395182291666652 0.037902777777777834
0 0.33975520833333334 0.09621296296296293 0.021876953125000043 0.025954861111111113
0 0.32352604166666665 0.10933333333333337 0.028112304687499902 0.024026041666666775
0 0.3294270833333333 0.1480648148148148 0.029664062499999963 0.033361111111111084
0 0.42692708333333335 0.1605648148148148 0.010916015625000004 0.028646990740740765
0 0.170375 0.17151851851851851 0.023990234374999985 0.03983101851851845
0 0.36207291666666663 0.17352777777777775 0.017696289062500033 0.062008680555555466
0 0.435 0.19187962962962965 0.01773046875000001 0.05094097222222234
0 0.24486458333333333 0.25298148148148153 0.018764648437500024 0.043525462962962905
0 0.28515104166666666 0.2543796296296296 0.024454752604166668 0.029622106481481423
0 0.301125 0.27058333333333334 0.016639973958333224 0.03609722222222234
0 0.044140625 0.2715092592592593 0.018244791666666652 0.02313425925925938
0 0.2787239583333333 0.2841574074074074 0.013527994791666605 0.057380787037036876
0 0.313453125 0.2841574074074074 0.015106445312500109 0.05002546296296289
0 0.8717864583333333 0.2665833333333333 0.018227213541666624 0.027806134259259353
0 0.7806302083333333 0.3202777777777778 0.0255130208333334 0.024128472222222145
0 0.141140625 0.6576388888888889 0.026017252604166666 0.03982407407407407