2 0.19113112391930837 0.266231884057971 0.013690787103746401 0.03227231554677199
2 0.18159582132564842 0.278695652173913 0.015835734870316934 0.024992588932806342
2 0.20893371757925072 0.2837022397891963 0.01154493876080689 0.033545783926218646
2 0.216664265129683 0.2973254281949934 0.0083217759365994 0.014507575757575632
2 0.1912247838616715 0.2984848484848485 0.010452314481268012 0.021077486824769294
0 0.17550432276657063 0.30336627140974964 0.009354061599423657 0.02698904808959165
0 0.15885086455331413 0.3103491436100132 0.010444884726224745 0.026382575757575858
0 0.2603998559077809 0.31658102766798424 0.0126076188760806 0.028260046113307024
0 0.34218299711815564 0.3478656126482213 0.024854106628242036 0.02770051054018449
0 0.3261527377521614 0.39408432147562583 0.020169758645533154 0.02174818840579715
0 0.7471793948126801 0.2527931488801054 0.016561824567723274 0.02239130434782609
0 0.7671109510086456 0.2586100131752306 0.01408141210374645 0.0139006916996047
0 0.6270244956772334 0.2669565217391304 0.010424171469740635 0.017798089591567805
0 0.7768407780979828 0.2691567852437418 0.011135626801152706 0.02825922266139645
0 0.7035446685878962 0.7312779973649538 0.009351585014409235 0.034221837944663894