0 0.12515624999999997 0.34994444444444445 0.019800130208333398 0.03697453703703704
0 0.28794270833333335 0.38434259259259257 0.013019856770833253 0.04906539351851854
0 0.30495833333333333 0.4945185185185186 0.01304361979166669 0.04264004629629649
0 0.24991666666666668 0.49713888888888885 0.011977539062500023 0.04632407407407405
2 0.5972760416666667 0.5008425925925926 0.03280013020833318 0.03894444444444461
0 0.26606250000000004 0.526462962962963 0.015101562500000061 0.03231249999999982
2 0.3348229166666667 0.5420462962962963 0.019270833333333334 0.04716666666666651
0 0.2103229166666667 0.5651851851851851 0.02606901041666667 0.03616550925925918
2 0.6208854166666666 0.5807685185185185 0.0302252604166668 0.04722974537037043
0 0.13904687500000001 0.6080833333333333 0.02919270833333331 0.029636574074074017
0 0.13965104166666667 0.6509722222222222 0.025014973958333422 0.04078530092592595
1 0.8015625 0.3337962962962963 0.024739583333333332 0.18935185185185185
0 0.78671875 0.9502314814814815 0.011931640625000028 0.04164814814814816
0 0.757890625 0.9724444444444444 0.020847330729166558 0.043526620370370334
0 0.75859375 0.9939814814814815 0.019270833333333334 0.010185185185185186