0 0.009895833333333333 0.16342592592592592 0.019791666666666666 0.05277777777777778
0 0.5672447916666666 0.1801759259259259 0.01767578125 0.0666493055555555
0 0.11179166666666666 0.18481481481481485 0.028675130208333264 0.031497685185185115
0 0.21180729166666665 0.18789814814814815 0.028671223958333415 0.04080092592592587
0 0.10996874999999999 0.20842592592592596 0.012485677083333376 0.037971064814814784
0 0.09842187500000002 0.21165740740740738 0.010413085937499981 0.04073206018518521
0 0.01863541666666665 0.21597222222222223 0.020323567708333337 0.04909490740740744
0 0.1282916666666667 0.2326388888888889 0.02083040364583333 0.03797280092592585
0 0.09755729166666664 0.23943518518518517 0.017701171874999963 0.02590740740740732
0 0.39386458333333335 0.31982407407407404 0.019809895833333493 0.04357407407407424
0 0.21832291666666664 0.3276851851851852 0.022892578124999948 0.06116666666666683
0 0.1859375 0.33725925925925926 0.023934895833333296 0.030546874999999914
0 0.22318229166666667 0.3537777777777778 0.022350260416666618 0.051756944444444265
0 0.07663541666666666 0.36997222222222226 0.012470052083333271 0.04546296296296309
0 0.18324479166666668 0.37552777777777785 0.01926888020833329 0.04347164351851844
0 0.05370833333333334 0.4091574074074074 0.018765624999999987 0.050026620370370534
0 0.18715104166666668 0.4483518518518519 0.0302128906250001 0.03612384259259266
0 0.7019114583333333 0.26395370370370375 0.0265748697916667 0.04634259259259255
0 0.98503125 0.31811111111111107 0.021861979166666618 0.034350694444444545
0 0.20928645833333334 0.7790833333333333 0.028643229166666728 0.03243576388888898
0 0.35513541666666665 0.7817037037037037 0.011979166666666667 0.03982349537037046
0 0.26458333333333334 0.7891203703703704 0.019839192708333304 0.030537037037037053
0 0.30521354166666664 0.8037685185185186 0.021921223958333277 0.04824189814814809
0 0.2387135416666667 0.8070185185185186 0.015620442708333234 0.047127314814814636
0 0.22360937500000003 0.8121111111111111 0.014578125000000004 0.038793981481481304
2 0.19460416666666666 0.9245833333333333 0.028660156249999957 0.05097106481481475