0 0.3275049603174603 0.34837962962962965 0.007936507936507936 0.017691798941798943
0 0.263640873015873 0.14798280423280424 0.018601190476190476 0.008267195767195767
0 0.2788938492063492 0.15360449735449735 0.016865079365079364 0.011243386243386243
2 0.11693948412698413 0.17857142857142858 0.015873015873015872 0.017361111111111112
0 0.30071924603174605 0.17956349206349206 0.016121031746031748 0.017361111111111112
0 0.2986111111111111 0.2013888888888889 0.019593253968253968 0.011078042328042327
0 0.2724454365079365 0.2015542328042328 0.013392857142857142 0.008267195767195767
0 0.2857142857142857 0.20453042328042328 0.016493055555555556 0.008763227513227513
0 0.34164186507936506 0.2056878306878307 0.007564484126984127 0.01273148148148148
0 0.25768849206349204 0.2080026455026455 0.015873015873015872 0.013723544973544973
0 0.2785218253968254 0.2154431216931217 0.012028769841269842 0.01636904761904762
2 0.05443948412698413 0.22172619047619047 0.013020833333333334 0.01570767195767196
0 0.19593253968253968 0.2251984126984127 0.015873015873015872 0.01603835978835979
0 0.28335813492063494 0.23859126984126985 0.01103670634920635 0.01603835978835979
0 0.15339781746031747 0.2466931216931217 0.014136904761904762 0.017691798941798943
0 0.11520337301587301 0.2924933862433862 0.013764880952380952 0.011739417989417989
2 0.14397321428571427 0.30076058201058203 0.012028769841269842 0.02066798941798942
0 0.26376488095238093 0.6975859788359788 0.00855654761904762 0.02017195767195767
0 0.861999007936508 0.5205720899470899 0.050336991567460264 0.14616236772486768
0 0.8057738095238095 0.6067989417989418 0.051833457341269915 0.10910962301587308
0 0.9663913690476191 0.6285813492063492 0.06571103050595252 0.12201719576719577
0 0.840297619047619 0.6461970899470899 0.08132874503968254 0.16798363095238097
0 0.9821428571428571 0.6782407407407407 0.03521825396825397 0.13227513227513227
0 0.7709449404761904 0.7234887566137566 0.08011036706349207 0.11244047619047619
0 0.9734623015873016 0.7860449735449735 0.05257936507936508 0.10515873015873016
0 0.8226264880952381 0.796385582010582 0.10664155505952386 0.16335110780423284
0 0.8974379960317461 0.802149470899471 0.10838107638888884 0.15906229332010566
0 0.7570684523809523 0.935515873015873 0.07564484126984126 0.1283068783068783
0 0.8485863095238095 0.9503968253968254 0.07564484126984126 0.09854497354497355