0 0.23861458333333332 0.06273148148148149 0.025534505208333395 0.03606597222222229
0 0.26731770833333335 0.08300925925925924 0.01667545572916668 0.03427256944444442
0 0.25778125 0.09774074074074074 0.009382486979166653 0.025026041666666603
0 0.2705677083333333 0.10059259259259258 0.02027408854166666 0.021335648148148166
0 0.24628125 0.1044722222222222 0.009912109375 0.04998032407407417
0 0.0744375 0.10486111111111111 0.015108072916666692 0.04167650462962958
0 0.47332291666666665 0.14321296296296293 0.028094401041666828 0.040767361111111115
2 0.408921875 0.17029629629629625 0.029149088541666757 0.036106481481481593
2 0.29909895833333333 0.17742592592592593 0.02758203124999999 0.035172453703703845
0 0.4828125 0.18101851851851852 0.0125 0.023148148148148147
0 0.18547916666666667 0.19945370370370366 0.026057617187500052 0.021324074074074047
0 0.3830208333333333 0.20562962962962966 0.016123046874999977 0.02685069444444442
0 0.45291145833333335 0.20602777777777778 0.026557942708333233 0.030550925925925825
0 0.32802604166666666 0.21703703703703703 0.02498111979166661 0.026795138888888913
2 0.43579687500000003 0.21997222222222226 0.019236979166666637 0.03975694444444444
0 0.37241145833333333 0.2441296296296296 0.01563509114583326 0.04259085648148134
0 0.15022916666666666 0.2803055555555556 0.019298502604166677 0.05741435185185179
0 0.23947916666666663 0.3134814814814814 0.020316731770833367 0.047267361111111045
0 0.566140625 0.10609259259259263 0.024951171875 0.03805787037037055
0 0.03881249999999999 0.852388888888889 0.01508170572916659 0.06023321759259248
0 0.16504166666666673 0.8996111111111111 0.026561197916666637 0.0324548611111113
0 0.08013541666666667 0.9019259259259259 0.025521484375000014 0.02416898148148166
0 0.009375 0.9259259259259259 0.01875 0.025925925925925925
0 0.022666666666666658 0.9392685185185184 0.018220377604166654 0.024955439814814788
0 0.004166666666666667 0.9402777777777778 0.008333333333333333 0.032407407407407406