0 0.33549999999999996 0.19375 0.011444986979166672 0.050935185185185174
0 0.35425 0.23711111111111116 0.023971679687499994 0.046248263888888995
0 0.4091302083333333 0.26258333333333334 0.010962565104166681 0.021276620370370362
0 0.4009635416666667 0.2792037037037037 0.01147981770833333 0.02320717592592595
0 0.3612447916666667 0.281537037037037 0.02238118489583331 0.02965567129629634
0 0.4306510416666667 0.2906481481481481 0.014061197916666757 0.04820254629629622
0 0.36960937499999996 0.29271296296296295 0.024489257812500043 0.03151273148148132
0 0.37794791666666666 0.29706481481481484 0.029164062500000063 0.027809027777777617
0 0.40853645833333335 0.30669444444444444 0.021351562500000063 0.03336226851851852
0 0.322390625 0.317037037037037 0.03432682291666668 0.021349537037037146
0 0.381859375 0.32675 0.02759537760416665 0.02403356481481477
0 0.34105208333333337 0.3563796296296296 0.019276041666666664 0.0426446759259258
0 0.3758697916666666 0.35671296296296295 0.015616210937499986 0.04260648148148136
0 0.29148437499999996 0.3858518518518519 0.014048502604166775 0.051858217592592626
0 0.5809895833333333 0.27824074074074073 0.06197916666666667 0.18055555555555555
0 0.16354166666666667 0.8462962962962963 0.0890625 0.14629629629629629
0 0.29609375 0.8481481481481481 0.075 0.12268518518518519
0 0.3875 0.6337962962962963 0.15182291666666667 0.049074074074074076
0 0.42291666666666666 0.8837962962962963 0.16510416666666666 0.1986111111111111
0 0.08385416666666666 0.9328703703703703 0.05963541666666667 0.13287037037037036
0 0.490625 0.9643518518518519 0.11796875 0.0699074074074074
0 0.53203125 0.6453703703703704 0.03567708333333333 0.07222222222222222
0 0.8069427083333333 0.7459074074074075 0.031247395833333396 0.0249525462962961