2 0.05490104166666665 0.272175925925926 0.016163411458333242 0.03706712962962966
0 0.252890625 0.28293518518518523 0.025541015625000087 0.021343750000000192
0 0.08561458333333333 0.28656481481481483 0.024467447916666767 0.02138310185185185
0 0.06896354166666666 0.2905277777777778 0.014035156249999995 0.03792013888888901
2 0.04737500000000002 0.3033796296296296 0.016659179687500015 0.03149768518518533
0 0.2207708333333334 0.310712962962963 0.027602213541666743 0.03250115740740735
2 0.08109895833333335 0.3282037037037037 0.0166748046875 0.04171527777777779
0 0.044119791666666686 0.32831481481481484 0.024489583333333325 0.020372106481481626
0 0.10825520833333334 0.3412685185185186 0.029690104166666606 0.041759259259259385
0 0.03665104166666667 0.3544259259259259 0.027584960937499996 0.025928819444444404
0 0.1341302083333333 0.43909259259259265 0.014018229166666648 0.04538194444444449
0 0.6265833333333333 0.5269259259259259 0.013500000000000038 0.04805324074074056
0 0.199609375 0.7600740740740741 0.017156901041666592 0.04168749999999982
2 0.22852083333333334 0.7773796296296297 0.023465494791666687 0.026946759259259438
2 0.20553645833333334 0.7904074074074074 0.018755859374999892 0.027799768518518578
0 0.11991145833333335 0.8035185185185185 0.013550781249999961 0.03332523148148152
0 0.23185416666666664 0.8108333333333334 0.0171875 0.04071932870370376
0 0.2079166666666667 0.8109999999999999 0.022398437500000055 0.020293981481481288
0 0.21585937500000002 0.8272870370370371 0.013029296875000066 0.04526736111111118
0 0.18211458333333333 0.8317592592592592 0.02033138020833327 0.044454861111111126
0 0.18711458333333333 0.8376851851851852 0.010946614583333295 0.045364583333333416
0 0.1435885416666667 0.8465185185185186 0.03123697916666662 0.02042824074074074