0 0.1865234375 0.2394386574074074 0.015842013888888888 0.015914351851851853
0 0.19911024305555555 0.2400173611111111 0.011501736111111112 0.029513888888888888
0 0.2025824652777778 0.3155381944444444 0.008680555555555556 0.015769675925925927
0 0.2162543402777778 0.31640625 0.005859375 0.015335648148148149
2 0.2105034722222222 0.3190104166666667 0.007595486111111111 0.026909722222222224
2 0.23231336805555555 0.32175925925925924 0.008463541666666666 0.03052662037037037
0 0.22102864583333334 0.3220486111111111 0.009982638888888888 0.031105324074074073
2 0.20247395833333334 0.3294270833333333 0.008138020833333334 0.029513888888888888
2 0.1911892361111111 0.3763020833333333 0.009440104166666666 0.03428819444444445
2 0.18359375 0.8372395833333334 0.008897569444444444 0.02271412037037037
2 0.6903211805555556 0.8266782407407407 0.009765625 0.02155671296296296