2 0.159421875 0.2693611111111111 0.01878580729166668 0.05561111111111127
0 0.4579583333333333 0.27049999999999996 0.020806640625000008 0.03609606481481491
0 0.30666666666666664 0.2980648148148148 0.021346354166666734 0.0315370370370372
2 0.44579166666666664 0.3007870370370371 0.021847656249999996 0.020385416666666573
2 0.48846875 0.3053611111111111 0.02238867187500008 0.02403125000000012
0 0.5143593750000001 0.31038888888888894 0.020274739583333336 0.024093750000000008
0 0.46643749999999995 0.31149074074074073 0.017196614583333294 0.05553819444444449
2 0.5484375 0.3111111111111111 0.021875 0.024074074074074074
0 0.4325625 0.3179722222222222 0.01504557291666669 0.04347569444444435
0 0.5300052083333334 0.31965740740740745 0.019783203124999933 0.032450231481481365
0 0.30744791666666665 0.31997222222222227 0.02031933593749997 0.023195023148148225
0 0.16818750000000002 0.32151851851851854 0.023429687500000008 0.04538657407407401
0 0.447140625 0.3309259259259259 0.019246744791666732 0.03058333333333331
0 0.48957812500000003 0.3426851851851852 0.024972330729166714 0.03334143518518536
2 0.424875 0.3588148148148148 0.0161744791666667 0.038031250000000016
0 0.2793177083333333 0.37690740740740736 0.021879882812500046 0.05374942129629635
0 0.24242187499999998 0.40175 0.019325520833333283 0.0463483796296295
0 0.3939166666666667 0.41425 0.019794270833333273 0.05095138888888881
0 0.36700520833333333 0.4324537037037037 0.021382161458333233 0.03527430555555561
0 0.18989583333333335 0.49402777777777773 0.011961914062500039 0.01578472222222234
0 0.26013020833333333 0.5170092592592592 0.019297851562500058 0.06020891203703703
2 0.0758125 0.5214907407407408 0.024518229166666662 0.045379629629629624
0 0.3307291666666667 0.6217592592592592 0.021875 0.013888888888888888
2 0.5739739583333333 0.3641111111111111 0.01351985677083339 0.026843171296296212
0 0.6336197916666666 0.39759259259259255 0.029646484374999935 0.034313657407407334
2 0.612609375 0.44712037037037033 0.031229817708333486 0.03153356481481469
0 0.7163541666666667 0.48739814814814814 0.024995442708333353 0.05097685185185191
2 0.7971354166666667 0.7703703703703704 0.12760416666666666 0.2814814814814815