0 0.03497916666666665 0.25812037037037033 0.020860026041666774 0.05372800925925926
0 0.05225520833333335 0.3030277777777778 0.018753906249999966 0.056504629629629606
0 0.07040104166666665 0.3030277777777778 0.01877539062500008 0.047197916666666666
0 0.07665624999999997 0.43988888888888894 0.012475911458333282 0.0463923611111111
0 0.08489583333333334 0.4962962962962963 0.01875 0.044444444444444446
0 0.04982812499999998 0.49867592592592597 0.030704427083333385 0.02139120370370388
0 0.07526041666666666 0.5050925925925925 0.022395833333333334 0.026851851851851852
0 0.04583333333333333 0.5148148148148148 0.013541666666666667 0.007407407407407408
0 0.5221354166666666 0.40370370370370373 0.024479166666666666 0.02962962962962963
1 0.30453645833333337 0.7251481481481482 0.07447688802083334 0.10556134259259262
0 0.780640625 0.7554722222222222 0.030726888020833225 0.023157407407407397