0 0.39453125 0.012962962962962963 0.027604166666666666 0.025925925925925925
0 0.06567708333333334 0.028490740740740723 0.023924479166666637 0.03891319444444445
0 0.2347864583333333 0.11172222222222225 0.023982421874999934 0.03705092592592591
0 0.4043541666666667 0.1124537037037037 0.026568359374999892 0.04353356481481483
0 0.20550520833333336 0.11305555555555558 0.023428059895833422 0.033369791666666725
0 0.26078125 0.12213888888888891 0.022927408854166723 0.04812962962962954
0 0.2591145833333333 0.12777777777777777 0.03383170572916659 0.03888541666666669
0 0.38528125 0.13391666666666666 0.023432617187499952 0.0490491898148148
0 0.1606510416666667 0.14305555555555555 0.02241276041666668 0.03428993055555549
0 0.07942708333333333 0.15467592592592594 0.02344335937500001 0.020401620370370317
0 0.41134375 0.1629907407407407 0.01668066406250001 0.04812210648148144
0 0.20792708333333335 0.16946296296296295 0.023952473958333324 0.03144791666666667
0 0.24844270833333332 0.1719351851851852 0.024972330729166714 0.04259548611111118
0 0.15677083333333333 0.18819444444444444 0.0145631510416667 0.029623263888888855
0 0.29294270833333336 0.1959537037037037 0.028621744791666733 0.02873726851851846
0 0.24943229166666664 0.20524999999999996 0.023434244791666597 0.035189236111111306
0 0.20568749999999997 0.21221296296296302 0.016651041666666682 0.045379629629629624
0 0.22669270833333333 0.21474999999999994 0.0203372395833334 0.042526620370370194
0 0.2832708333333333 0.22517592592592597 0.013582682291666615 0.04442824074074081
0 0.0775625 0.22685185185185186 0.018797526041666696 0.042699074074074084
0 0.25002604166666664 0.23355555555555557 0.018776041666666642 0.029611689814814948
0 0.3368802083333333 0.2432777777777778 0.023953125000000006 0.030567129629629673
0 0.2979322916666666 0.2492592592592593 0.011480468750000009 0.027807870370370396
0 0.28053645833333335 0.25017592592592597 0.010917317708333367 0.03243402777777773
0 0.3128697916666667 0.2534814814814815 0.012523437500000038 0.05552314814814828
0 0.2602083333333333 0.2582037037037037 0.03070605468749991 0.023159143518518444
0 0.4360572916666667 0.262712962962963 0.02394889322916664 0.02871932870370373
0 0.35566145833333335 0.2705925925925926 0.013555338541666729 0.04631134259259271
0 0.27657291666666667 0.27567592592592594 0.030222330729166677 0.027788194444444463
0 0.18593229166666667 0.2772962962962963 0.012442708333333267 0.021252314814814696
0 0.06813541666666666 0.2792407407407408 0.017180013020833287 0.050880208333333496
0 0.20796354166666664 0.2794814814814815 0.018247395833333256 0.025954861111111113
0 0.040473958333333324 0.2852962962962963 0.021889322916666683 0.043542824074074185
0 0.22938541666666665 0.2875 0.017196940104166576 0.02496527777777786
0 0.32614583333333336 0.28777777777777774 0.01668066406250001 0.022220486111111177
0 0.24744791666666668 0.2931296296296297 0.025516276041666567 0.02503530092592575
0 0.4165625 0.2984814814814815 0.028636067708333237 0.030636574074073948
0 0.29670312499999996 0.2987685185185185 0.015613932291666662 0.030582175925926085
0 0.14222916666666668 0.30215740740740743 0.01877246093749997 0.02873784722222223
0 0.17178645833333336 0.30546296296296294 0.02289518229166667 0.03699652777777773
0 0.15534375 0.30884259259259256 0.016147460937499976 0.03430671296296295
0 0.2708645833333333 0.3089074074074074 0.021875 0.03052546296296294
0 0.3823697916666667 0.3091851851851852 0.017703125000000004 0.03890104166666682
0 0.25030208333333337 0.3143981481481481 0.018752604166666607 0.039787037037037065
0 0.33442187500000004 0.32052777777777774 0.028109700520833412 0.03520891203703703
0 0.21884374999999998 0.32383333333333336 0.014567057291666666 0.024096643518518486
0 0.2720572916666667 0.3289074074074074 0.019298177083333336 0.02596874999999988
0 0.288578125 0.3333425925925926 0.026025390625 0.024065972222222256
0 0.23065104166666667 0.33805555555555555 0.01456933593750011 0.040759837962962855
0 0.11865104166666667 0.3383518518518518 0.026017578125000006 0.039725694444444605
0 0.3933802083333333 0.34524074074074074 0.0276360677083332 0.02499884259259257
0 0.3350208333333333 0.35461111111111115 0.028116536458333268 0.027798611111111145
0 0.26496875000000003 0.3562314814814815 0.024974609375000036 0.022236111111110995
0 0.28212499999999996 0.36109259259259263 0.023440104166666604 0.04437384259259253
0 0.23881249999999998 0.3639074074074074 0.0088255208333333 0.03713310185185184
0 0.08105208333333333 0.3676481481481481 0.01820605468750003 0.05002256944444441
0 0.11576041666666666 0.36976851851851855 0.020296875000000013 0.03801388888888895
2 0.33972916666666664 0.3825648148148148 0.02864908854166662 0.05190856481481479
0 0.26084375000000004 0.38884259259259263 0.01253125000000009 0.051947916666666656
0 0.24456249999999996 0.3913055555555556 0.024468750000000008 0.03801736111111104
0 0.2294635416666667 0.39263888888888887 0.0109251302083333 0.03331481481481483
0 0.061276041666666656 0.39778703703703705 0.01819335937499999 0.05099421296296277
0 0.15997916666666664 0.4234166666666666 0.023444010416666692 0.041680555555555436
0 0.3203125 0.5332129629629629 0.026088541666666742 0.03152893518518538
0 0.05977083333333333 0.5665370370370371 0.01719401041666669 0.03891145833333351
0 0.07261979166666667 0.588138888888889 0.012490885416666646 0.049079861111111026
0 0.5341145833333333 0.6402777777777777 0.016145833333333335 0.021296296296296296
0 0.48963020833333337 0.6536481481481482 0.012518880208333272 0.02590972222222229
0 0.532109375 0.6602870370370371 0.02446777343749993 0.038900462962963005
0 0.5025833333333334 0.6781666666666666 0.02501855468749999 0.03608391203703718
0 0.48385416666666664 0.6810185185185185 0.008333333333333333 0.030555555555555555
0 0.6285000000000001 0.7039166666666666 0.016165364583333286 0.06205208333333345
0 0.497921875 0.8174814814814815 0.02085644531249997 0.0370619212962961