2 0.18932291666666667 0.024537037037037038 0.021354166666666667 0.049074074074074076
0 0.07208854166666671 0.11410185185185187 0.03229427083333315 0.03797048611111117
2 0.02042708333333335 0.25652777777777774 0.0239492187499998 0.0610665509259259
0 0.462921875 0.32894444444444443 0.025524088541666618 0.04167708333333335
0 0.475 0.4425925925925926 0.028125 0.012962962962962963
0 0.61796875 0.44074074074074077 0.0140625 0.016666666666666666
0 0.7675572916666666 0.5697222222222221 0.0229251302083334 0.03705902777777778
0 0.7861927083333333 0.6182777777777778 0.02661653645833333 0.023178240740740767
0 0.7802291666666666 0.6921388888888889 0.01301855468750001 0.036060185185185126
0 0.7732291666666666 0.7109629629629629 0.011991210937499967 0.02963657407407412
0 0.7960312500000001 0.7154814814814815 0.01408626302083332 0.04353182870370368
0 0.7597968749999999 0.7412037037037037 0.02292968750000005 0.023199074074074132
0 0.7780312500000001 0.7468611111111111 0.010932617187500071 0.0380011574074074