0 0.25963020833333333 0.11382407407407408 0.016121744791666733 0.050030092592592515
0 0.019145833333333327 0.19313888888888886 0.024465494791666664 0.035166666666666575
0 0.28915104166666666 0.21350000000000005 0.022891276041666585 0.04546643518518518
0 0.39489062500000005 0.28162037037037035 0.026567382812500047 0.03146354166666659
0 0.306328125 0.28937037037037033 0.010433268229166615 0.024956018518518402
0 0.3705625 0.29007407407407404 0.025520833333333333 0.012917824074074142
0 0.32138541666666665 0.2931759259259259 0.009377929687500005 0.03421759259259274
2 0.28948958333333336 0.29345370370370366 0.017671875000000035 0.025969907407407313
0 0.2760208333333333 0.2967685185185185 0.014540364583333344 0.04155555555555566
2 0.33969270833333337 0.2987314814814815 0.03177148437500001 0.03424537037037028
0 0.26397395833333337 0.3055648148148148 0.01665690104166669 0.051862847222222355
2 0.36853645833333337 0.31788888888888894 0.0244993489583333 0.043543981481481406
0 0.28929166666666667 0.3257037037037037 0.016195312500000014 0.037946759259259326
0 0.305734375 0.32944444444444443 0.017702148437499923 0.041646990740740734
0 0.207015625 0.4069907407407407 0.014087890624999962 0.04356365740740734
0 0.22516145833333331 0.43754629629629627 0.035420247395833354 0.024954861111111178
0 0.9453385416666666 0.2541759259259259 0.04739257812500005 0.04164236111111111
2 0.05 0.9444444444444444 0.1 0.10925925925925926