0 0.056109374999999996 0.12497222222222222 0.010920572916666682 0.027708333333333345
0 0.28409375000000003 0.34391666666666665 0.01619791666666662 0.04543171296296293
0 0.3388802083333333 0.3738518518518518 0.023423502604166774 0.027788773148148177
0 0.22280208333333332 0.5108703703703704 0.017182291666666672 0.03889756944444453
0 0.302328125 0.5190462962962964 0.013072265625000056 0.03805787037037055
0 0.397421875 0.5348703703703703 0.02503190104166665 0.026813657407407415
0 0.4848177083333333 0.5448148148148148 0.02968815104166668 0.028731481481481455
0 0.41317187499999997 0.5506944444444445 0.022373046874999976 0.038896990740740704
0 0.5155520833333332 0.5670462962962962 0.015614257812499944 0.049046296296296324
2 0.38685416666666667 0.5671296296296297 0.028628255208333304 0.03606134259259256
0 0.36314583333333333 0.5691759259259259 0.024996744791666713 0.023122685185185052
0 0.3087552083333333 0.5943518518518518 0.014058919270833314 0.037063657407407566
0 0.013541666666666667 0.6810185185185185 0.027083333333333334 0.10277777777777777
0 0.7263125 0.949925925925926 0.03276757812499997 0.029570601851851827