0 0.08778124999999998 0.15487037037037035 0.02866666666666665 0.023158564814814833
0 0.024489583333333325 0.20313888888888887 0.026071614583333277 0.030538194444444486
0 0.022567708333333356 0.2648425925925926 0.01770117187500008 0.03336689814814825
0 0.41848958333333336 0.2708333333333333 0.0171875 0.021296296296296296
0 0.1875 0.5148148148148148 0.022916666666666665 0.05
0 0.38975000000000004 0.5567129629629629 0.02549414062499989 0.02409490740740744
2 0.2669947916666667 0.5914259259259259 0.01613085937499991 0.04815682870370379
0 0.38806250000000003 0.6273333333333333 0.0187376302083333 0.025090277777777642
0 0.3442395833333334 0.6484907407407408 0.02603190104166669 0.024966435185185296
0 0.37706770833333336 0.6492500000000001 0.022899088541666637 0.02040046296296299
0 0.3969375 0.6516296296296297 0.012529947916666728 0.04163310185185175
0 0.3654791666666667 0.6706574074074073 0.02446940104166669 0.021305555555555546
0 0.34886458333333337 0.7196574074074075 0.02239322916666673 0.03425173611111105
0 0.28383854166666667 0.7736574074074074 0.024948567708333275 0.032496527777777826
0 0.6294270833333333 0.9354166666666667 0.0296634114583334 0.028712962962962954