0 0.7338541666666667 0.12453703703703704 0.08307291666666666 0.07268518518518519
0 0.7893229166666667 0.2037037037037037 0.09557291666666666 0.062037037037037036
0 0.5885416666666666 0.24074074074074073 0.07526041666666666 0.0763888888888889
0 0.7921875 0.2777777777777778 0.12526041666666668 0.06666666666666667
2 0.5747395833333333 0.29814814814814816 0.1046875 0.04490740740740741
0 0.8640625 0.30648148148148147 0.07265625 0.04953703703703704
2 0.7619791666666667 0.06944444444444445 0.10078125 0.05925925925925926
0 0.5221354166666666 0.09305555555555556 0.06510416666666667 0.09212962962962963
2 0.90859375 0.10694444444444444 0.10078125 0.04953703703703704
0 0.234375 0.5814814814814815 0.0796875 0.14074074074074075
0 0.2875 0.7356481481481482 0.09166666666666666 0.11990740740740741
0 0.09479166666666666 0.8078703703703703 0.07213541666666666 0.14814814814814814
0 0.2903645833333333 0.8796296296296297 0.12005208333333334 0.12916666666666668
2 0.08177083333333333 0.9194444444444444 0.10026041666666667 0.08703703703703704
0 0.35911458333333335 0.9351851851851852 0.06979166666666667 0.0962962962962963
2 0.26119791666666664 0.47453703703703703 0.09661458333333334 0.11527777777777778
0 0.03125 0.5208333333333334 0.0625 0.1787037037037037
2 0.40208333333333335 0.5476851851851852 0.096875 0.0962962962962963