0 0.006953125000000012 0.30395370370370367 0.01354361979166671 0.052800925925925904
0 0.0067708333333333336 0.3421296296296296 0.013541666666666667 0.023148148148148147
0 0.2082916666666667 0.35456481481481483 0.029690755208333287 0.031511574074074
0 0.014437500000000015 0.3688981481481482 0.016121744791666733 0.05464583333333337
0 0.12511458333333333 0.40964814814814815 0.030218098958333193 0.030526041666666653
0 0.1747708333333333 0.42738888888888893 0.026601562499999905 0.04731828703703703
0 0.11165625000000005 0.44961111111111113 0.027081380208333408 0.02879976851851851
0 0.0863958333333334 0.46581481481481485 0.02968847656249996 0.03338078703703723
0 0.14951041666666665 0.47244444444444444 0.017728190104166687 0.06760127314814823
0 0.1317135416666667 0.4965185185185185 0.016147460937499858 0.03610185185185186
0 0.04982291666666671 0.4976481481481482 0.02868098958333333 0.019425925925925944
0 0.043760416666666656 0.5112222222222222 0.01764648437499995 0.02411689814814824
0 0.020671875000000027 0.5156111111111111 0.0166627604166667 0.04810416666666676
0 0.05698958333333337 0.5292962962962963 0.0172115885416666 0.030527777777777803
0 0.06354166666666666 0.5328703703703703 0.013541666666666667 0.032407407407407406
0 0.8877604166666667 0.01574074074074074 0.013020833333333334 0.03148148148148148
0 0.9101666666666667 0.10732407407407404 0.018184244791666634 0.044501157407407385
2 0.8111927083333333 0.12645370370370376 0.018205078125000065 0.04912094907407415
0 0.8870729166666665 0.1412777777777778 0.013517578124999948 0.03601620370370353
0 0.7808020833333332 0.15762962962962965 0.01980598958333329 0.0527858796296296
2 0.96625 0.15824999999999997 0.015604166666666686 0.04253703703703688
2 0.8062447916666666 0.18879629629629627 0.019742838541666665 0.05931250000000011
0 0.5637552083333334 0.4569722222222222 0.01874674479166667 0.04726388888888896
0 0.15251562500000002 0.8497592592592592 0.0307246093749999 0.027760416666666708
0 0.6646614583333333 0.9841666666666667 0.030180989583333328 0.0315370370370372