0 0.2578229166666667 0.19042592592592594 0.023934244791666733 0.03984027777777781
0 0.46617187499999996 0.19452777777777774 0.017687499999999783 0.056472222222222125
0 0.49464583333333334 0.24298148148148144 0.0286367187499998 0.045399305555555554
0 0.25753645833333333 0.2820277777777778 0.026565104166666725 0.023196759259259268
0 0.3154583333333333 0.2974537037037037 0.008887369791666681 0.05187037037037035
2 0.15701041666666668 0.3009907407407408 0.020307617187499953 0.04263946759259267
0 0.3106666666666667 0.3056759259259259 0.0327975260416667 0.02774768518518516
0 0.3226145833333333 0.33815740740740746 0.016188151041666644 0.035163194444444386
0 0.27682291666666664 0.3416666666666667 0.021354166666666667 0.053703703703703705
0 0.24088541666666666 0.35648148148148145 0.0296875 0.024074074074074074
2 0.2908854166666667 0.35462962962962963 0.019270833333333334 0.027777777777777776
0 0.3033854166666667 0.36574074074074076 0.0296875 0.005555555555555556
2 0.9581666666666666 0.2591759259259259 0.027592122395833366 0.03891724537037046
0 0.7657708333333333 0.2758425925925926 0.021885416666666657 0.057462962962963125
0 0.9296041666666668 0.2844814814814815 0.027602539062500025 0.0379716435185186
2 0.8526041666666667 0.7282407407407407 0.11927083333333334 0.2