0 0.07133333333333335 0.3853888888888889 0.028128906249999967 0.023168402777777798
0 0.09454166666666666 0.40096296296296297 0.025498046874999975 0.031451388888888966
0 0.12745833333333334 0.4732037037037036 0.02446940104166669 0.04807638888888901
0 0.12430208333333331 0.5338055555555555 0.029672526041666578 0.030565972222222237
0 0.08467708333333336 0.5342222222222223 0.020308593750000034 0.023148148148148147
0 0.10472395833333335 0.5423703703703704 0.02498242187500009 0.024133101851851878
0 0.18958333333333333 0.5457870370370371 0.011472005208333276 0.03518055555555545
0 0.06241666666666668 0.5521851851851852 0.02399348958333327 0.03804050925925927
0 0.09375 0.5694444444444444 0.01875 0.03888888888888889
2 0.698703125 0.21350925925925923 0.015150390624999944 0.05183449074074068
0 0.6391510416666667 0.34065740740740735 0.021848958333333356 0.0352407407407409
0 0.6934062500000001 0.3505277777777778 0.014584635416666577 0.032454282407407484
0 0.65703125 0.3542407407407408 0.009848958333333258 0.023053240740740565
0 0.9893229166666667 0.4125 0.0203125 0.021296296296296296
0 0.598515625 0.4156481481481481 0.0302363281249999 0.02968287037037048
0 0.9916666666666667 0.4412037037037037 0.015625 0.030555555555555555
0 0.006510416666666667 0.8976851851851851 0.013020833333333334 0.04351851851851852
0 0.07609895833333334 0.9371203703703704 0.022933268229166675 0.021305555555555546
0 0.061338541666666656 0.9488425925925926 0.019283203125000033 0.05742592592592591
0 0.25390625 0.9773148148148149 0.021354166666666667 0.04351851851851852
0 0.6833333333333333 0.6032407407407407 0.025 0.026851851851851852
0 0.6767395833333334 0.6351018518518519 0.024996744791666595 0.020425925925926087
0 0.7034791666666665 0.6449814814814815 0.016133789062500032 0.034211805555555364
0 0.6625885416666667 0.6459074074074075 0.010391276041666586 0.02860879629629612
0 0.68515625 0.6588611111111111 0.015151041666666743 0.03805555555555568
0 0.8025416666666667 0.6708981481481482 0.015104817708333466 0.05837962962962959
2 0.5719479166666666 0.6884814814814815 0.0166380208333333 0.056572916666666764
0 0.6733541666666667 0.6955925925925927 0.027600911458333263 0.03239120370370377
0 0.6341979166666666 0.7858518518518519 0.015090820312500005 0.053709490740740655