0 0.388640625 0.0698425925925926 0.026065104166666703 0.047283564814814785
0 0.02556249999999999 0.12585185185185185 0.022934895833333333 0.05743692129629631
0 0.2306302083333333 0.24450925925925932 0.023441080729166685 0.05189872685185193
0 0.295921875 0.2479074074074074 0.028112304687499902 0.02963831018518527
0 0.34774479166666666 0.2605648148148148 0.0234498697916667 0.0268240740740741
2 0.32517708333333334 0.2670462962962963 0.0145872395833333 0.04716666666666651
0 0.1916510416666667 0.3486666666666666 0.018698567708333277 0.06009259259259268
0 0.21621875 0.35900925925925925 0.03126497395833342 0.02591898148148154
0 0.34028125000000004 0.5512592592592592 0.017711588541666736 0.054674768518518664
0 0.5684895833333333 0.3326388888888889 0.015056640625000029 0.024981481481481497
2 0.6099010416666667 0.33942592592592596 0.013518554687500028 0.03050752314814826
0 0.19314583333333335 0.5986851851851852 0.013018229166666728 0.028607638888888898