0 0.1412447916666667 0.10118518518518516 0.02709440104166661 0.04908680555555562
0 0.15122916666666666 0.2124537037037037 0.026568359374999892 0.04353356481481483
0 0.009635416666666667 0.22175925925925927 0.019270833333333334 0.049074074074074076
0 0.011458333333333333 0.22777777777777777 0.022916666666666665 0.03888888888888889
0 0.13215625 0.23391666666666666 0.023432617187499952 0.0490491898148148
0 0.15821875 0.2629907407407407 0.016694661458333353 0.04809606481481473
0 0.00390625 0.27175925925925926 0.0078125 0.04351851851851852
0 0.039817708333333354 0.2959537037037037 0.028633789062500033 0.028720486111111162
0 0.004166666666666667 0.3050925925925926 0.008333333333333333 0.03611111111111111
0 0.03014583333333333 0.325175925925926 0.013562174479166699 0.044436342592592624
0 0.0033854166666666668 0.3337962962962963 0.0067708333333333336 0.030555555555555555
0 0.0837552083333333 0.3432777777777778 0.023953125000000006 0.030567129629629673
0 0.04480729166666665 0.3492592592592593 0.011502604166666685 0.027837962962963012
0 0.02741145833333333 0.350175925925926 0.010927408854166624 0.03242071759259257
0 0.059744791666666686 0.35348148148148145 0.012511718750000018 0.055539351851851916
0 0.011458333333333333 0.35833333333333334 0.022916666666666665 0.024074074074074074
0 0.18293229166666666 0.36271296296296296 0.023939453124999944 0.028734953703703756
0 0.10253645833333333 0.3705925925925926 0.013555338541666729 0.04631134259259271
0 0.02344791666666666 0.37567592592592597 0.030222330729166677 0.027788194444444463
0 0.07302083333333335 0.3877777777777777 0.016694661458333353 0.022218750000000134
0 0.0036458333333333334 0.39351851851851855 0.007291666666666667 0.025925925925925925
0 0.16343749999999999 0.3984814814814815 0.028640950520833344 0.030596064814814857
0 0.04357812499999998 0.39876851851851847 0.015613932291666662 0.030582175925926085
0 0.017739583333333305 0.4089074074074074 0.021875 0.03049537037037053
0 0.12924479166666666 0.40918518518518515 0.017703125000000004 0.03890104166666682
0 0.0033854166666666668 0.4148148148148148 0.0067708333333333336 0.040740740740740744
0 0.08129687500000002 0.4205277777777777 0.02809440104166671 0.035232638888889084
0 0.018932291666666677 0.42890740740740746 0.019284505208333396 0.025947337962962905
0 0.03545312500000002 0.43334259259259256 0.026025390625 0.024065972222222256
0 0.14025520833333333 0.44524074074074077 0.02763606770833326 0.02499884259259257
0 0.08189583333333333 0.45461111111111113 0.028108072916666654 0.02781944444444451
0 0.012239583333333333 0.45601851851851855 0.024479166666666666 0.023148148148148147
0 0.028999999999999974 0.4610925925925926 0.023438802083333245 0.04440914351851848
2 0.08660416666666665 0.4825648148148148 0.028647460937499977 0.05188020833333343
0 0.007718750000000026 0.48884259259259266 0.01253125000000009 0.051947916666666656
0 0.5204791666666667 0.5783148148148148 0.031247070312499996 0.023196180555555446