2 0.4309010416666667 0.31070370370370365 0.01822981770833335 0.024903935185185192
0 0.413328125 0.3132777777777778 0.015053385416666624 0.02685879629629624
0 0.38472395833333334 0.3239351851851852 0.01457552083333328 0.025962384259259317
0 0.39911458333333333 0.32892592592592595 0.01664453124999999 0.027837962962963012
0 0.4954114583333334 0.33031481481481484 0.017719401041666673 0.053695023148148065
0 0.3058020833333333 0.33416666666666667 0.017722981770833358 0.033360532407407266
0 0.4153541666666667 0.3353055555555556 0.010949218750000019 0.0277818287037039
0 0.40108333333333335 0.3568148148148148 0.016702473958333405 0.04343865740740735
0 0.29113020833333336 0.36503703703703705 0.018724609375000038 0.049065972222222254
0 0.35372916666666665 0.3810833333333334 0.03018164062499989 0.02490740740740728
0 0.26526041666666667 0.42612962962962964 0.027079101562499968 0.03241377314814818
2 0.8207500000000001 0.4091666666666666 0.016141927083333365 0.051906249999999925
2 0.6782135416666667 0.8171944444444444 0.01872460937499992 0.045464120370370315