0 0.33672916666666663 0.038657407407407404 0.027581380208333308 0.03334259259259258
0 0.29575 0.0742962962962963 0.02864420572916669 0.03611979166666675
0 0.29609375 0.10824999999999997 0.01505729166666659 0.022277777777777938
0 0.3860364583333334 0.135712962962963 0.023969726562499953 0.05097222222222218
0 0.1445104166666667 0.16225 0.017214192708333322 0.04537789351851858
0 0.13652083333333334 0.1926481481481481 0.02294856770833332 0.04823842592592579
0 0.2668385416666667 0.2165648148148148 0.03020605468749989 0.020396412037037077
0 0.2096197916666667 0.2304537037037037 0.020337890624999962 0.04446990740740733
0 0.27421875 0.24758333333333332 0.02341373697916668 0.039840277777777704
0 0.2813333333333333 0.4191574074074075 0.020860026041666774 0.05741319444444436
0 0.039927083333333314 0.5520833333333334 0.026549153645833337 0.028694444444444453
0 0.7445364583333334 0.6889166666666666 0.023466796875000046 0.03522569444444449
0 0.7700885416666667 0.7049259259259258 0.0119511718750001 0.05000231481481476
0 0.7849114583333333 0.7147129629629629 0.01978580729166666 0.03611574074074074
0 0.787890625 0.753787037037037 0.022914388020833343 0.02961805555555562
0 0.6893125 0.7751388888888888 0.022393229166666608 0.04819907407407413
0 0.8005572916666668 0.7848981481481482 0.01662630208333328 0.04159606481481485
0 0.7760520833333333 0.8981388888888889 0.019779947916666648 0.04445081018518522