0 0.0054219707685054215 0.18231349538977368 0.010843941537010843 0.022632020117351215
0 0.056577086280056574 0.2548868398994133 0.019759547383309692 0.040320620284995966
0 0.018694012258368684 0.25949706621961444 0.022171735030645977 0.034410100586756254
0 0.11984441301272987 0.26507963118189437 0.024496110325318225 0.02935352053646266
0 0.07567656765676567 0.27877619446772844 0.01928866100895809 0.03763306789606036
0 0.036223479490806246 0.2804526404023471 0.015556636020744833 0.02761787510477797
0 0.04612446958981614 0.2930259849119866 0.023104372937293827 0.03264773679798809
0 0.019872701555869864 0.30196144174350376 0.01322607260726073 0.024292749371332814
0 0.4985525695426686 0.14816429170159262 0.024509075907590754 0.043606454316848314
0 0.6744413012729844 0.24077116512992458 0.025909358793022218 0.03269855406538147
0 0.7168788307402169 0.2499916177703269 0.018345120226308277 0.02097129086336962
0 0.7009288071664309 0.2597736797988265 0.011763319189061785 0.03683046940486172
0 0.6823008015087222 0.28519698239731767 0.022618752946723247 0.036035729253981484
0 0.7465912305516266 0.4656663872590109 0.028718764733616176 0.022710603520536464
0 0.2909005186232909 0.7720033528918693 0.1687883074021688 0.24476110645431684
0 0.041254125412541254 0.8239731768650461 0.08250825082508251 0.34870075440067055
0 0.16996699669966997 0.8700754400670578 0.07967939651107968 0.2581726739312657
0 0.3698727015558699 0.9589270746018441 0.1984912776991985 0.08046940486169321
0 0.7612776991984913 0.6651886001676446 0.023079325789721758 0.02942267393126566
0 0.8099245638849599 0.6706454316848282 0.011786008958038588 0.03180951383067879
0 0.8517303158887317 0.6882397317686505 0.019370579915134387 0.04031852472757765
2 0.5207072135785007 0.7329337803855825 0.021681400282885444 0.049503352891869336
0 0.5592173503064591 0.7534702430846605 0.02358940358321543 0.041934723386420826
0 0.778015087223008 0.7603185247275774 0.02358557284299852 0.026863998323554003
0 0.48274870344177273 0.906848281642917 0.019325200377180593 0.036923721709974815