2 0.052156249999999994 0.23296296296296298 0.028154947916666728 0.04072685185185186
0 0.11432291666666666 0.3260092592592592 0.031722656250000016 0.02868634259259253
0 0.15989583333333332 0.3588796296296296 0.01564876302083332 0.0555462962962962
0 0.16944791666666667 0.43124074074074076 0.026040364583333423 0.027786458333333416
0 0.15208333333333332 0.44722222222222224 0.01875 0.04259259259259259
0 0.190625 0.4601851851851852 0.011458333333333333 0.016666666666666666
0 0.4047864583333334 0.7707685185185186 0.026065104166666703 0.047283564814814785
0 0.041708333333333326 0.8267777777777778 0.02295312500000001 0.05746643518518511
0 0.24677604166666664 0.9454351851851852 0.023441080729166685 0.05189872685185193
0 0.3120677083333333 0.9488333333333333 0.028112304687499902 0.02963831018518527
0 0.36389062499999997 0.9614907407407406 0.0234498697916667 0.0268240740740741
2 0.3413229166666667 0.9679722222222221 0.0145872395833333 0.04716666666666651
0 0.6630208333333333 0.4949074074074074 0.03854166666666667 0.05092592592592592