0 0.06667187499999999 0.10286111111111108 0.017731445312499972 0.05276909722222224
0 0.08533854166666668 0.20454629629629625 0.018228515624999986 0.04262094907407417
2 0.37809375 0.21025925925925928 0.03538899739583338 0.03338078703703723
0 0.03324479166666669 0.23386111111111116 0.0130247395833333 0.05287152777777772
0 0.009895833333333333 0.2645740740740741 0.01664290364583335 0.04258391203703695
0 0.027000000000000017 0.27151851851851855 0.02239420572916669 0.030547453703703736
2 0.17317708333333334 0.2726851851851852 0.022395833333333334 0.032407407407407406
0 0.85859375 0.22037037037037038 0.07239583333333334 0.04722222222222222
2 0.07630208333333334 0.9282407407407407 0.15260416666666668 0.14166666666666666
0 0.7893229166666667 0.49212962962962964 0.018229166666666668 0.0375
0 0.81328125 0.5513888888888889 0.0171875 0.05324074074074074
0 0.934375 0.5921296296296297 0.025 0.052314814814814814
0 0.8817708333333333 0.6018518518518519 0.015104166666666667 0.06296296296296296
0 0.81171875 0.6083333333333333 0.01484375 0.05138888888888889
2 0.7265625 0.8393518518518519 0.022916666666666665 0.04953703703703704