0 0.40339583333333334 0.2710648148148148 0.027581380208333308 0.03334259259259258
0 0.36241666666666666 0.3067037037037037 0.02864257812499993 0.03612847222222218
0 0.36276041666666664 0.34065740740740735 0.01505729166666659 0.022277777777777938
0 0.45270312500000004 0.36812037037037043 0.02398111979166669 0.051018518518518644
0 0.21117708333333335 0.3946574074074074 0.017214192708333322 0.04537789351851858
0 0.2031875 0.4250555555555555 0.022932617187500053 0.04819328703703697
0 0.33350520833333336 0.4489722222222222 0.030203776041666568 0.020422453703703578
0 0.2762864583333334 0.4628611111111111 0.020337890624999962 0.04446990740740733
0 0.34088541666666666 0.4799907407407407 0.023389973958333362 0.0398657407407408
0 0.8204010416666667 0.2378796296296296 0.0187376302083333 0.04441608796296287
0 0.11283854166666665 0.9099444444444444 0.025534505208333395 0.03334201388888897