0 0.30807291666666664 0.3841759259259259 0.018205403645833347 0.0444722222222222
0 0.3658958333333333 0.39621296296296293 0.010891927083333286 0.031424768518518546
0 0.343234375 0.3988333333333333 0.014537109375000056 0.0203530092592593
0 0.3203125 0.4097962962962963 0.010369140625000028 0.04527546296296279
0 0.30182291666666666 0.4293888888888889 0.018205403645833347 0.044435763888888806
0 0.3396770833333333 0.43077777777777776 0.022904296874999966 0.036102430555555474
0 0.25806250000000003 0.5005185185185185 0.016096354166666653 0.04360879629629616
0 0.6915729166666668 0.09605555555555556 0.029682291666666673 0.02594212962962956
1 0.21736979166666667 0.7641481481481481 0.07030468749999995 0.06485300925925926
0 0.88359375 0.5481481481481482 0.015104166666666667 0.037037037037037035
0 0.8707239583333333 0.6261851851851852 0.016684244791666695 0.046304398148148115
0 0.8446354166666666 0.6425833333333334 0.017701171874999963 0.03519212962962957
0 0.864203125 0.664675925925926 0.010439453125000024 0.03426041666666669
0 0.8307812499999999 0.6743425925925925 0.022904947916666765 0.015687499999999997
0 0.8501041666666667 0.6819907407407407 0.013532552083333371 0.02688368055555562
0 0.8404583333333332 0.7123703703703704 0.023969075520833272 0.01948379629629631
0 0.8061666666666667 0.7443148148148149 0.013022786458333376 0.040680555555555505