0 0.252859375 0.13943518518518516 0.019221354166666652 0.05183449074074068
0 0.3519791666666666 0.2703611111111111 0.030202473958333323 0.024082175925925892
0 0.3213802083333333 0.28561111111111115 0.02811197916666662 0.021296875000000118
0 0.30754166666666666 0.3052037037037037 0.019790364583333307 0.045349537037037216
0 0.3304010416666667 0.31243518518518515 0.013547851562499958 0.03237615740740757
0 0.21517708333333332 0.4384722222222222 0.016637369791666738 0.06012037037037043
0 0.6317708333333333 0.5356481481481481 0.026041666666666668 0.026851851851851852
0 0.6598958333333333 0.5430555555555555 0.023958333333333335 0.012037037037037037
0 0.34735416666666663 0.9138148148148147 0.05833528645833338 0.1583287037037038
2 0.87084375 0.7391111111111112 0.025996093749999952 0.041685185185185165
0 0.8476614583333333 0.7713703703703704 0.014039388020833361 0.022174768518518326
0 0.8710989583333333 0.7820185185185186 0.017164713541666644 0.03235995370370351
0 0.8336822916666667 0.7968240740740741 0.0140498046874999 0.03430613425925934
0 0.7880989583333334 0.8423425925925926 0.023972330729166557 0.03519270833333339
2 0.9869791666666666 0.9824074074074074 0.025 0.03333333333333333