0 0.009119791666666661 0.1697037037037037 0.014108723958333276 0.054657407407407384
0 0.1931770833333334 0.3721481481481482 0.03073144531249999 0.025956018518518437
0 0.0020833333333333333 0.3912037037037037 0.004166666666666667 0.05092592592592592
0 0.0015625 0.4564814814814815 0.003125 0.04259259259259259
0 0.008854166666666666 0.49212962962962964 0.017708333333333333 0.026851851851851852
0 0.04254166666666664 0.4996759259259259 0.024506510416666672 0.03521180555555572
0 0.008333333333333333 0.5333333333333333 0.016666666666666666 0.027777777777777776
0 0.54921875 0.12407407407407407 0.019270833333333334 0.025925925925925925
0 0.5489583333333333 0.15601851851851853 0.01875 0.03425925925925926
0 0.5767500000000001 0.17337037037037037 0.02083203125000009 0.04350115740740745
0 0.5970625 0.17614814814814816 0.01979296874999991 0.04723842592592586
0 0.49765625 0.6194444444444445 0.033854166666666664 0.03888888888888889
0 0.44521875000000005 0.6849444444444445 0.03855989583333338 0.02964236111111118
0 0.38146874999999997 0.6927777777777778 0.0177128906250001 0.07043287037037037
0 0.2709947916666666 0.7023518518518518 0.013528645833333287 0.039724537037037065
0 0.09910937500000001 0.722712962962963 0.030734375000000053 0.0398547453703704
0 0.3732447916666667 0.7522777777777778 0.028603515625000023 0.04902199074074076
0 0.30538020833333335 0.7830462962962963 0.0255126953125 0.05275057870370374
0 0.5302083333333333 0.8041666666666667 0.017708333333333333 0.032407407407407406
0 0.40127083333333335 0.810037037037037 0.01613085937500003 0.05279629629629638
0 0.484375 0.9810185185185185 0.025 0.03611111111111111
0 0.31953125 0.9925925925925926 0.028645833333333332 0.012962962962962963
1 0.8676822916666667 0.8900648148148148 0.08229622395833332 0.11847685185185178