0 0.01575291490945175 0.2031094938802514 0.009178863805507318 0.02166721799536884
2 0.1634830066980898 0.24445914654316903 0.004837509302902505 0.02166721799536884
2 0.17501860580501116 0.2509096923585842 0.007690399404614239 0.01835924578233543
0 0.15728107169436864 0.25686404234204435 0.004093277102455967 0.010585511081706914
0 0.1507070205904242 0.2593450215018194 0.006946167204167701 0.01273569302017863
2 0.1597618456958571 0.26083360899768443 0.007814438104688662 0.0157128680119087
2 0.15145125279087074 0.27009593119417796 0.008682709005209625 0.016539861065167052
0 0.12838005457702803 0.271584518690043 0.006698089804018854 0.024644392987098907
0 0.15802530389481517 0.2874627853126034 0.0035971223021582736 0.024313595765795566
2 0.016745224510047136 0.31789612967251074 0.00657405110394443 0.02811776381078399
2 0.2308360208385016 0.31888852133642076 0.010667328206400397 0.01869004300363877
0 0.5994790374596874 0.2322196493549454 0.01500868270900521 0.0157128680119087