0 0.06264583333333332 0.13884259259259257 0.019796874999999995 0.0574403935185185
0 0.10058854166666667 0.2298796296296296 0.019822916666666756 0.05465393518518519
0 0.2908072916666667 0.2696944444444444 0.013542643229166746 0.05278935185185189
0 0.10154166666666668 0.29468518518518516 0.031276367187499925 0.050936921296296324
0 0.16553125000000002 0.29823148148148143 0.020845052083333235 0.02131018518518517
0 0.25400520833333334 0.30176851851851855 0.021322916666666695 0.04445601851851846
0 0.283703125 0.3076111111111111 0.02655078124999998 0.0222471064814815
0 0.19033333333333335 0.3104074074074074 0.022917317708333346 0.04162962962962966
0 0.23013541666666668 0.3128425925925926 0.025033203125000014 0.021309027777777847
0 0.16532812499999996 0.31953703703703706 0.01922070312500009 0.04072800925925919
0 0.4921458333333334 0.32030555555555557 0.029694010416666573 0.031541666666666614
0 0.07506770833333333 0.3227777777777778 0.024984375000000014 0.04074884259259256
0 0.2982916666666667 0.33463888888888893 0.016121744791666733 0.05464583333333337
0 0.25606249999999997 0.3403611111111111 0.029709635416666557 0.021247685185185283
0 0.08695833333333335 0.3632037037037037 0.025026692708333322 0.04906307870370357
0 0.16341145833333334 0.36337037037037034 0.017691406249999986 0.04072685185185186
0 0.40896875 0.3753888888888888 0.030227864583333285 0.03049652777777775
0 0.18861979166666665 0.39289814814814816 0.02711783854166671 0.03702430555555549
0 0.45862499999999995 0.39312962962962966 0.026582031249999954 0.04727025462962952
0 0.15981770833333334 0.40635185185185185 0.017665364583333225 0.04723032407407425
0 0.3955104166666667 0.4153518518518519 0.027081380208333408 0.02879976851851851
0 0.23952083333333332 0.4167592592592593 0.0281614583333333 0.02045023148148154
0 0.06742187500000002 0.42461111111111116 0.023404947916666665 0.01934837962962964
0 0.3702500000000001 0.4315555555555556 0.029689453124999925 0.03342824074074092
0 0.006510416666666667 0.4361111111111111 0.013020833333333334 0.040740740740740744
0 0.09381770833333333 0.43803703703703706 0.01246940104166671 0.04268750000000018
0 0.43336458333333333 0.4381851851851852 0.017728190104166687 0.06760127314814823
0 0.052145833333333336 0.4489907407407407 0.010400390625 0.05558333333333331
0 0.23660416666666664 0.451462962962963 0.026547200520833297 0.023173611111111034
0 0.26236458333333335 0.45480555555555563 0.013011718750000038 0.030559606481481465
0 0.18981770833333336 0.45949074074074076 0.020334309895833277 0.0249780092592592
0 0.415625 0.46111111111111114 0.016666666666666666 0.03518518518518519
0 0.3336770833333334 0.4633888888888889 0.02868098958333339 0.019425925925925944
0 0.22005208333333334 0.46296296296296297 0.008854166666666666 0.03148148148148148
2 0.20807291666666666 0.4634259259259259 0.016145833333333335 0.030555555555555555
0 0.27447916666666666 0.4675925925925926 0.027083333333333334 0.022222222222222223
0 0.32760416666666664 0.47175925925925927 0.017708333333333333 0.013888888888888888
0 0.24713541666666666 0.4722222222222222 0.011979166666666667 0.012962962962962963
0 0.30442708333333335 0.4675925925925926 0.0171875 0.022222222222222223
0 0.23567708333333334 0.4708333333333333 0.0140625 0.01574074074074074
0 0.18359375 0.4736111111111111 0.0171875 0.010185185185185186
0 0.7870208333333333 0.2033796296296296 0.21463541666666666 0.35557986111111123
0 0.4453020833333333 0.6050092592592592 0.0301634114583333 0.03795254629629633
0 0.37804166666666666 0.7307407407407408 0.011463216145833262 0.04262152777777778
0 0.36346354166666667 0.733648148148148 0.009907552083333234 0.03607523148148144
0 0.34755729166666666 0.7521851851851852 0.021366861979166648 0.018527777777777768
0 0.37346874999999996 0.7697685185185186 0.012527994791666686 0.04164525462962969
0 0.365640625 0.796462962962963 0.024991536458333265 0.02871238425925924
0 0.29392708333333334 0.8048981481481481 0.022371093750000053 0.017538194444444415
0 0.37030208333333337 0.8439074074074074 0.028159505208333258 0.024915509259259203
0 0.41806770833333334 0.9706851851851853 0.01094368489583341 0.050898726851852
0 0.7992447916666666 0.7588518518518518 0.020272135416666733 0.03990740740740732