0 0.05044270833333334 0.3460740740740741 0.01718652343749992 0.05001041666666668
0 0.13135937500000003 0.44482407407407404 0.02706250000000002 0.025056712962962937
0 0.3682864583333333 0.4633425925925926 0.03330013020833344 0.032462962962963124
0 0.021963541666666645 0.47290740740740744 0.010442057291666747 0.04075810185185181
0 0.0036458333333333334 0.5037037037037037 0.007291666666666667 0.03333333333333333
0 0.033687499999999974 0.5347870370370371 0.018205078124999947 0.04157291666666672
2 0.379828125 0.5421851851851851 0.03022070312500015 0.043609953703703803
0 0.4649114583333334 0.5730462962962963 0.02965755208333339 0.0389409722222221
0 0.44477083333333334 0.5889444444444444 0.03328125000000005 0.020278935185185084
0 0.6971302083333334 0.5008333333333334 0.030704752604166666 0.029657407407407382
0 0.22317708333333333 0.8069444444444445 0.21510416666666668 0.35462962962962963