0 0.01484375 0.02361111111111111 0.0203125 0.04722222222222222
0 0.28098958333333335 0.16075 0.02658626302083332 0.051845486111111075
0 0.33698958333333334 0.4205925925925926 0.01766406249999998 0.04538773148148144
0 0.17810937500000001 0.4266111111111111 0.02921809895833339 0.03705439814814811
2 0.307734375 0.44575 0.018227213541666624 0.026907407407407567
0 0.26796875 0.44961111111111113 0.014038736979166681 0.030508101851851658
0 0.29010416666666666 0.45231481481481484 0.013541666666666667 0.032407407407407406
0 0.41119791666666666 0.4550925925925926 0.0171875 0.026851851851851852
0 0.008255208333333345 0.6584166666666665 0.01301888020833329 0.0490567129629629
0 0.025270833333333322 0.7685925925925926 0.01304361979166669 0.04264004629629649
2 0.31758854166666667 0.7749166666666666 0.03280013020833318 0.03894444444444461
2 0.05513541666666667 0.8161203703703703 0.019270833333333334 0.04716666666666651
2 0.3411979166666666 0.8548425925925927 0.0302252604166668 0.04722974537037043
0 0.4382604166666667 0.9051481481481481 0.021380208333333428 0.03791724537037032
0 0.4116145833333333 0.9066851851851853 0.0301998697916666 0.02501388888888877
0 0.76796875 0.9328703703703703 0.12447916666666667 0.13240740740740742