0 0.10181770833333334 0.20826851851851852 0.016121744791666733 0.050030092592592515
0 0.13133854166666664 0.30794444444444447 0.022903971354166566 0.045418402777777665
0 0.23707812500000003 0.3760648148148148 0.026572265625000036 0.03144560185185191
0 0.14851562499999998 0.3838148148148148 0.010433268229166615 0.024956018518518402
0 0.21275000000000002 0.3845185185185185 0.025520833333333333 0.012917824074074142
0 0.16357291666666665 0.3876203703703704 0.009377929687500005 0.03421759259259274
2 0.13167708333333336 0.3878981481481481 0.017690104166666623 0.025947916666666727
0 0.11820833333333335 0.39121296296296293 0.014561848958333339 0.04161111111111116
2 0.18188020833333335 0.39317592592592593 0.03177148437500001 0.03424537037037028
0 0.10616145833333336 0.40000925925925923 0.01665690104166669 0.051862847222222355
2 0.21072395833333335 0.4123333333333334 0.0244993489583333 0.043543981481481406
0 0.1314791666666667 0.42014814814814816 0.016195312500000014 0.037946759259259326
0 0.147921875 0.42388888888888887 0.017702148437499923 0.041646990740740734
0 0.04921875 0.4842592592592593 0.015104166666666667 0.009259259259259259
0 0.5234375 0.12399074074074071 0.017684244791666734 0.02589699074074074
0 0.75546875 0.6111111111111112 0.0359375 0.06944444444444445
0 0.7846354166666667 0.6439814814814815 0.0671875 0.03148148148148148
0 0.7893229166666667 0.6819444444444445 0.06276041666666667 0.040740740740740744
0 0.80625 0.7087962962962963 0.06328125 0.033796296296296297
0 0.6408854166666667 0.8606481481481482 0.07057291666666667 0.043055555555555555
0 0.9760416666666667 0.8666666666666667 0.04635416666666667 0.06435185185185185
0 0.946875 0.9143518518518519 0.026822916666666665 0.09907407407407408
0 0.9791666666666666 0.9625 0.040625 0.04351851851851852
0 0.9747395833333333 0.9902777777777778 0.04895833333333333 0.017592592592592594