0 0.03871354166666669 0.32091666666666663 0.02603906250000006 0.046287615740740765
0 0.11988541666666665 0.3266296296296296 0.014559244791666615 0.05461226851851856
0 0.1952447916666666 0.4230648148148148 0.027604492187500065 0.04632465277777787
2 0.42714062499999994 0.4247592592592593 0.02602473958333344 0.0592679398148149
0 0.07734375 0.4565555555555556 0.015080403645833348 0.04069328703703684
0 0.43046875 0.5078703703703704 0.034895833333333334 0.021296296296296296
0 0.7404166666666666 0.14929629629629632 0.1286282552083333 0.2713043981481481
0 0.9372395833333333 0.1648148148148148 0.12447916666666667 0.3296296296296296
0 0.42682291666666666 0.5996111111111111 0.024502929687499987 0.02689930555555575
0 0.4139791666666667 0.626925925925926 0.026558593750000033 0.02397916666666649
0 0.42126562500000003 0.7540648148148148 0.021356445312500107 0.052803240740740665