0 0.10180208333333335 0.3905203938115331 0.030707031249999992 0.01893459915611811
2 0.02385416666666664 0.3945288326300984 0.019825520833333363 0.018228727144866296
2 0.04229687500000002 0.3957594936708861 0.016139322916666643 0.02253779887482414
0 0.08458854166666666 0.3957594936708861 0.02241992187500005 0.022520657524613196
0 0.060848958333333356 0.3989521800281294 0.01350781250000009 0.021794127988748267
0 0.14836979166666667 0.399957805907173 0.030729492187499947 0.01266482067510555
0 0.06645312500000002 0.41062587904360054 0.024532552083333433 0.014767932489451477
2 0.005989583333333334 0.41561181434599154 0.011979166666666667 0.0379746835443038
0 0.03672916666666666 0.4201898734177215 0.02861979166666669 0.021780942334739702
0 0.013192708333333355 0.43063291139240506 0.021375325520833263 0.02322609001406464
0 0.04008333333333335 0.43237693389592124 0.021819010416666628 0.033052918424753885
0 0.0670625 0.4343881856540085 0.013528320312500005 0.03376450421940924
0 0.7078958333333333 0.36726441631504925 0.026028320312500006 0.024620253164556957
0 0.2716145833333333 0.7756680731364276 0.13489583333333333 0.1111111111111111
3 0.12395833333333334 0.8544303797468354 0.103125 0.28973277074542897
0 0.27239583333333334 0.9518284106891702 0.13333333333333333 0.0949367088607595
0 0.8528125000000001 0.8265682137834037 0.023482421875000034 0.03019866385372714
0 0.76171875 0.9869901547116737 0.016145833333333335 0.02461322081575246