0 0.08271875000000002 0.17554629629629628 0.028651692708333225 0.03516898148148145
0 0.08957812500000001 0.1880555555555556 0.021923828125 0.01946064814814808
0 0.16771354166666666 0.29467592592592595 0.030231445312499973 0.032416666666666656
0 0.10407812500000002 0.32213888888888886 0.02239388020833329 0.02780555555555553
0 0.12778125 0.32275000000000004 0.018753906249999966 0.058427083333333275
0 0.15130729166666665 0.33540740740740743 0.010914713541666643 0.026843171296296212
0 0.07586458333333332 0.3446666666666667 0.021327473958333225 0.02871990740740734
0 0.17006249999999998 0.34543518518518523 0.029642578124999968 0.03157523148148142
0 0.051729166666666694 0.42875925925925923 0.014580403645833328 0.03523090277777783
0 0.05251041666666669 0.4659444444444445 0.021351236979166664 0.026858217592592628
0 0.03115104166666664 0.5569814814814814 0.03280598958333331 0.023234953703703702
1 0.6692708333333334 0.2490740740740741 0.325 0.2
0 0.24088541666666666 0.8656574074074074 0.024455078125000067 0.044472800925926016
0 0.21727083333333333 0.8891111111111111 0.02498632812499994 0.032416666666666656
0 0.2823802083333333 0.9317037037037037 0.017683593750000053 0.023130787037037078
0 0.28576562499999997 0.9486759259259261 0.017162760416666718 0.04527546296296279
0 0.2559895833333333 0.9497592592592593 0.015056640625000029 0.03701967592592597
0 0.25026041666666665 0.9875 0.0140625 0.023148148148148147
0 0.18151041666666667 0.9944444444444445 0.030729166666666665 0.009259259259259259
0 0.20963541666666666 0.9949074074074075 0.0296875 0.008333333333333333
0 0.23385416666666667 0.9958333333333333 0.020833333333333332 0.006481481481481481
0 0.26640625 0.9939814814814815 0.0171875 0.010185185185185186