0 0.24016666666666667 0.24686111111111111 0.027115234374999984 0.04998726851851845
0 0.08580208333333333 0.26985185185185184 0.023453124999999984 0.049137731481481504
0 0.319609375 0.3004074074074074 0.017216145833333366 0.05098842592592592
2 0.26430729166666667 0.32525 0.021302734374999945 0.05465277777777776
0 0.40295312499999997 0.3845092592592592 0.013033528645833433 0.04165509259259255
0 0.40564583333333337 0.42678703703703696 0.015107421875000072 0.04993981481481476
0 0.14084895833333333 0.43495370370370373 0.01355013020833334 0.053723379629629635
0 0.35372916666666665 0.46211111111111114 0.012473307291666558 0.048244212962962954
2 0.40983854166666667 0.5342222222222223 0.023959960937499976 0.031459490740740684
0 0.42239583333333336 0.5356481481481481 0.015625 0.026851851851851852
0 0.375 0.5328703703703703 0.019791666666666666 0.032407407407407406
2 0.38619791666666664 0.5430555555555555 0.025520833333333333 0.012037037037037037
0 0.7515572916666666 0.21982407407407403 0.029161458333333338 0.032464120370370345
1 0.3135572916666666 0.7094074074074075 0.07601432291666667 0.06474884259259252
0 0.5630208333333333 0.5587962962962963 0.026041666666666668 0.017592592592592594