0 0.12402083333333333 0.11028703703703704 0.02501595052083337 0.04721585648148146
0 0.18696354166666668 0.17925925925925928 0.020858723958333294 0.04999247685185179
0 0.018015624999999987 0.21151851851851852 0.021389973958333346 0.043456018518518526
0 0.06645833333333334 0.2983796296296296 0.02241276041666668 0.050935763888888895
0 0.2689166666666667 0.34097222222222223 0.02549414062499989 0.02409490740740744
2 0.14616145833333333 0.3756851851851852 0.016115885416666604 0.04816550925925922
0 0.2672291666666667 0.41159259259259257 0.0187376302083333 0.025090277777777642
0 0.294703125 0.4151018518518518 0.008344726562500071 0.03054398148148144
0 0.30301562499999996 0.42117592592592595 0.0098997395833333 0.03241898148148152
0 0.31534375000000003 0.4295648148148148 0.01296940104166661 0.05003587962962957
0 0.22340625000000003 0.43275 0.026022135416666713 0.02493287037037038
0 0.256234375 0.4335092592592593 0.022899088541666637 0.02040046296296299
0 0.27610416666666665 0.4358888888888889 0.012529947916666728 0.04163310185185175
0 0.24464583333333334 0.45491666666666664 0.02447428385416662 0.02130092592592603
0 0.22803125000000002 0.5039166666666667 0.022390625000000004 0.034244212962962844
0 0.16300520833333335 0.5579166666666666 0.024948567708333275 0.032496527777777826
0 0.5367968750000001 0.322 0.023409505208333434 0.027799768518518578
0 0.5953385416666667 0.4830185185185185 0.02503190104166665 0.026813657407407415
0 0.682734375 0.49296296296296294 0.029688802083333243 0.02875925925925942
0 0.6110885416666666 0.4988425925925926 0.022384440104166715 0.0388929398148148
0 0.71346875 0.5151944444444444 0.015603515625000064 0.04901851851851836
2 0.5847708333333334 0.5152777777777777 0.028628255208333304 0.03606134259259256
0 0.5610625 0.5173240740740741 0.024996744791666713 0.023122685185185052
0 0.29311979166666663 0.78725 0.03177571614583338 0.023155671296296355
0 0.7252604166666666 0.875 0.14114583333333333 0.24814814814814815