0 0.322484375 0.09221296296296294 0.029141276041666588 0.03146296296296287
0 0.011854166666666662 0.12018518518518514 0.021323567708333317 0.040766203703703784
0 0.042406250000000006 0.1375740740740741 0.008336914062500004 0.036159143518518407
0 0.4770208333333334 0.17244444444444446 0.031771809895833295 0.028712384259259344
2 0.3224635416666667 0.19540740740740736 0.015593098958333348 0.03143171296296293
0 0.334125 0.20725925925925928 0.01295833333333339 0.029644675925925835
0 0.2940729166666667 0.21136111111111108 0.016164713541666605 0.047228587962962996
0 0.35832291666666666 0.22284259259259256 0.019814778645833305 0.046277777777777585
0 0.36658333333333337 0.23334259259259257 0.028132161458333253 0.037017939814814715
0 0.31642187499999996 0.2852962962962963 0.021875 0.037938657407407296
0 0.30992187499999996 0.3207870370370371 0.03541471354166674 0.023129629629629646
0 0.28279166666666666 0.3500740740740741 0.022894856770833392 0.02217708333333319
0 0.17350000000000002 0.42411111111111105 0.02084928385416672 0.05930266203703704
0 0.08307291666666666 0.4351851851851852 0.018229166666666668 0.046296296296296294
2 0.12109375 0.4375 0.021354166666666667 0.041666666666666664
0 0.32421875 0.44907407407407407 0.018229166666666668 0.018518518518518517
1 0.22942708333333334 0.6958333333333333 0.32473958333333336 0.18981481481481483