0 0.406171875 0.15162962962962961 0.017185546874999957 0.05002083333333337
0 0.4870885416666667 0.2503796296296296 0.02706250000000002 0.025056712962962937
0 0.3776927083333333 0.27846296296296297 0.010429361979166767 0.04074942129629638
0 0.35503124999999996 0.30948148148148147 0.01511718749999993 0.032398726851851765
0 0.38941666666666663 0.34034259259259264 0.018205078124999947 0.04157291666666672
0 0.2749010416666666 0.3852407407407407 0.025517578125000048 0.035139467592592545
2 0.68034375 0.1565462962962963 0.15465950520833333 0.19808796296296302
0 0.97578125 0.562962962962963 0.04739583333333333 0.07222222222222222
0 0.9825520833333333 0.05462962962962963 0.033854166666666664 0.10925925925925926
0 0.18044791666666668 0.7326481481481482 0.01921875000000005 0.041688657407407466
0 0.171421875 0.7562592592592593 0.021844401041666708 0.04261342592592596
0 0.29661458333333335 0.8621111111111112 0.009871744791666732 0.031433449074074186
0 0.3717135416666667 0.8903425925925926 0.013009114583333314 0.04912094907407415
0 0.32673958333333336 0.8983703703703704 0.014581705729166691 0.03425057870370362
0 0.41824479166666667 0.9070092592592593 0.012457031250000009 0.0565740740740742