0 0.35651041666666666 0.00787037037037037 0.028645833333333332 0.01574074074074074
2 0.29225520833333335 0.02214814814814811 0.029149088541666757 0.036106481481481593
2 0.18243229166666666 0.02927777777777778 0.02758203124999999 0.035172453703703845
0 0.37421354166666665 0.03261111111111114 0.0276601562499998 0.022285879629629544
0 0.0688125 0.05130555555555553 0.026057617187500024 0.021324074074074047
0 0.26635416666666667 0.05748148148148152 0.016134440104166595 0.026851273148148242
0 0.3362447916666667 0.05787962962962962 0.026557942708333233 0.030550925925925825
0 0.21135937499999996 0.06888888888888887 0.024990559895833306 0.02682349537037028
2 0.31913020833333333 0.07182407407407412 0.019253906249999987 0.03978587962962963
0 0.4630208333333333 0.09212962962962963 0.03229166666666667 0.06759259259259259
0 0.25574479166666664 0.09598148148148145 0.015645182291666632 0.04258912037037029
0 0.0335625 0.13215740740740742 0.019326171874999964 0.05742129629629618
0 0.12281249999999998 0.16533333333333328 0.020316731770833367 0.047267361111111045
0 0.0049479166666666664 0.6925925925925925 0.009895833333333333 0.03888888888888889
0 0.9056979166666667 0.5825833333333333 0.039607096354166656 0.024065393518518538
0 0.8511145833333332 0.6085 0.013562825520833263 0.0500075231481481
0 0.9004322916666666 0.6163148148148149 0.03281803385416673 0.04351967592592595
0 0.8686510416666666 0.6537685185185185 0.031263020833333384 0.031569444444444365
0 0.8489739583333333 0.6684722222222222 0.033341471354166666 0.03520486111111101
0 0.935796875 0.668574074074074 0.03751953124999995 0.03154629629629634
0 0.786578125 0.6831759259259259 0.01717610677083338 0.046302662037036965
0 0.8806875000000001 0.6944999999999999 0.032290364583333425 0.027687500000000028
0 0.8559218749999999 0.7088981481481481 0.023456380208333273 0.045408564814814804
0 0.9346354166666667 0.42685185185185187 0.024479166666666666 0.053703703703703705
0 0.8596770833333333 0.7350277777777777 0.029166015624999986 0.016678240740740678
0 0.9037291666666666 0.7428425925925926 0.03332779947916661 0.035164930555555536
0 0.8920937500000001 0.7623888888888889 0.030202799479166605 0.026864004629629578
0 0.5669843750000001 0.8864444444444445 0.010964192708333324 0.033314814814814624
0 0.8272135416666667 0.9359259259259259 0.010916015625000004 0.037041666666666764
0 0.8627604166666667 0.9953703703703703 0.011979166666666667 0.007407407407407408