0 0.2924375 0.29483333333333334 0.023412760416666602 0.04354803240740742
0 0.39141145833333335 0.3235370370370371 0.015081054687500029 0.049103009259259256
0 0.2905260416666666 0.34159259259259256 0.021347656249999975 0.042650462962962966
0 0.12574479166666666 0.37337037037037035 0.02082552083333334 0.050944444444444424
0 0.21968229166666664 0.3800092592592592 0.025516276041666685 0.02132465277777787
2 0.37005208333333334 0.41241666666666665 0.02234895833333326 0.023203703703703865
0 0.4062604166666667 0.4205925925925926 0.020810546874999978 0.028695023148148063
0 0.3827083333333333 0.42307407407407405 0.020860677083333338 0.022303240740740613
0 0.11354166666666667 0.4199074074074074 0.020833333333333332 0.03796296296296296
0 0.28072916666666664 0.4263888888888889 0.022916666666666665 0.025
0 0.3572916666666667 0.4273148148148148 0.01875 0.023148148148148147
2 0.261203125 0.8753796296296296 0.01818229166666659 0.045313657407407434
1 0.8567447916666667 0.7817314814814814 0.08229622395833332 0.11847685185185178