0 0.22880729166666663 0.1735648148148148 0.01561848958333331 0.05469444444444449
2 0.03572395833333332 0.3638148148148148 0.017169596354166632 0.04077025462962964
0 0.24422395833333332 0.5206018518518518 0.05988606770833336 0.046314814814814795
0 0.037317708333333324 0.5959166666666667 0.010956705729166672 0.026857638888888858
0 0.3255572916666667 0.643074074074074 0.02289811197916656 0.032390625
0 0.056796875000000004 0.6960185185185186 0.01978027343749999 0.046314814814814906
0 0.3572916666666667 0.7375 0.004166666666666667 0.017592592592592594
0 0.14909895833333334 0.7691203703703704 0.01093196614583339 0.014798611111111179
2 0.08170833333333333 0.7904351851851853 0.05205403645833335 0.06950231481481481
2 0.005208333333333333 0.8407407407407408 0.010416666666666666 0.044444444444444446
0 0.20048437499999996 0.8437592592592592 0.01405598958333331 0.02499421296296294
0 0.2568072916666667 0.8978611111111111 0.046919921875000034 0.058281249999999916
0 0.010890624999999984 0.9691296296296295 0.016625651041666658 0.013917824074074074
0 0.19060937500000003 0.9777129629629628 0.009894531249999972 0.016612268518518596
0 0.504421875 0.7610277777777777 0.03276432291666668 0.025982638888888864