2 0.137375 0.27122222222222225 0.017180664062500028 0.04447395833333335
0 0.202484375 0.27214814814814814 0.01719921875000002 0.02413310185185177
2 0.24928125 0.3280092592592593 0.02451106770833332 0.050944444444444424
0 0.07755208333333334 0.3385 0.022390624999999977 0.03805902777777777
0 0.457484375 0.3619907407407408 0.022373697916666775 0.032416666666666656
0 0.44285416666666666 0.3718425925925926 0.013542317708333347 0.03518171296296289
0 0.40666145833333334 0.3945277777777778 0.01250618489583341 0.03610532407407395
0 0.42551041666666667 0.40469444444444447 0.023921223958333352 0.032405092592592756
0 0.37784375000000003 0.4071018518518518 0.020275390625000018 0.03609837962962977
0 0.43734375000000003 0.4121388888888889 0.018752278645833325 0.04351157407407413
0 0.39060937500000004 0.4127222222222222 0.020811848958333337 0.032411458333333316
0 0.36806249999999996 0.4371759259259259 0.020828125000000006 0.02039236111111117
2 0.35415625 0.4693425925925926 0.01879947916666668 0.05190393518518506
0 0.35703125 0.500462962962963 0.030729166666666665 0.01574074074074074
2 0.13802083333333334 0.500462962962963 0.020833333333333332 0.01574074074074074
2 0.8092968749999999 0.2620648148148148 0.1848971354166667 0.24448668981481478
0 0.859890625 0.6468240740740742 0.030183919270833335 0.01763946759259267