2 0.2313020833333333 0.27661111111111114 0.021892252604166627 0.055563657407407374
0 0.034401041666666646 0.27768518518518515 0.021916666666666865 0.04079513888888881
0 0.03153645833333331 0.3246018518518519 0.023416992187500086 0.04717534722222215
2 0.22852604166666665 0.3321574074074074 0.02446744791666665 0.048163194444444564
0 0.6888020833333334 0.4440555555555556 0.02651432291666668 0.02860879629629612
0 0.011458333333333333 0.6361111111111111 0.022916666666666665 0.053703703703703705
0 0.0765625 0.6391203703703704 0.014535807291666696 0.030537037037037053
0 0.05390104166666667 0.6511481481481481 0.0172122395833334 0.05278645833333342
0 0.478125 0.5958333333333333 0.026041666666666668 0.012037037037037037
0 0.5848020833333334 0.6063981481481481 0.024473307291666777 0.022277777777777938
2 0.7894322916666667 0.6233703703703704 0.014042317708333484 0.03609375000000004
2 0.6871614583333333 0.6255370370370371 0.01770703125000009 0.04347106481481462
0 0.5319270833333333 0.6338611111111112 0.026050781249999964 0.04361111111111124
0 0.6051979166666667 0.7005185185185184 0.027108072916666733 0.03245312500000005
0 0.5882760416666667 0.7474351851851851 0.019221354166666652 0.05091203703703716
2 0.5988645833333334 0.799574074074074 0.018235677083333356 0.05656944444444447