0 0.5573437499999999 0.2619268635724332 0.14177083333333335 0.199901547116737
0 0.9614583333333333 0.3030942334739803 0.07604166666666666 0.20675105485232068
0 0.8585208333333333 0.3869127988748242 0.16240104166666663 0.21996483825597746
0 0.6238645833333334 0.4349367088607595 0.22097395833333333 0.1433122362869198
0 0.7505208333333333 0.4971870604781997 0.08541666666666667 0.04360056258790436
3 0.6984375 0.07278481012658228 0.103125 0.14556962025316456
0 0.8749114583333333 0.0909845288326301 0.188671875 0.1445710267229255
0 0.4671875 0.15225035161744022 0.09479166666666666 0.17651195499296765
0 0.0663020833333333 0.7887271448663855 0.03222395833333334 0.01392405063291136
2 0.772015625 0.6391772151898734 0.02510416666666669 0.036912798874824196
0 0.4545208333333333 0.6705836849507736 0.028453125 0.020963431786216596
0 0.6384843750000001 0.7945710267229256 0.01715625000000003 0.049528832630098496