0 0.5441875 0.8277685185185185 0.02422395833333333 0.03740740740740739
2 0.5841666666666666 0.871287037037037 0.022755208333333346 0.03486111111111109
0 0.777203125 0.8871111111111112 0.02798437500000001 0.022981481481481526
0 0.6822239583333333 0.8881851851851852 0.025520833333333333 0.045509259259259235
0 0.60053125 0.9032592592592592 0.019010416666666665 0.03287962962962962
0 0.61784375 0.918962962962963 0.012442708333333326 0.021185185185185182
2 0.5662135416666667 0.9250925925925926 0.02014583333333332 0.05962962962962961
0 0.5576614583333334 0.9282685185185185 0.02073958333333333 0.017685185185185207
0 0.5922499999999999 0.9289722222222222 0.014333333333333325 0.03149074074074073
0 0.6030260416666666 0.9362870370370371 0.01306770833333335 0.027092592592592585
0 0.6195885416666668 0.939037037037037 0.023374999999999996 0.05445370370370365
2 0.5792135416666667 0.9398148148148148 0.01726041666666666 0.03684259259259256
0 0.44192708333333336 0.9777777777777777 0.0046875 0.037037037037037035