0 0.9708333333333333 0.06944444444444445 0.057291666666666664 0.1388888888888889
0 0.640625 0.3574074074074074 0.20208333333333334 0.38333333333333336
0 0.41354166666666664 0.6421296296296296 0.021875 0.013425925925925926
0 0.3625 0.6476851851851851 0.019010416666666665 0.017592592592592594
0 0.16979166666666667 0.6486111111111111 0.023697916666666666 0.01990740740740741
0 0.30390625 0.6513888888888889 0.009114583333333334 0.029166666666666667
0 0.5346354166666667 0.6523148148148148 0.008854166666666666 0.012037037037037037
0 0.49947916666666664 0.6560185185185186 0.023697916666666666 0.0125
0 0.5221354166666666 0.663425925925926 0.01484375 0.018518518518518517
0 0.428125 0.6657407407407407 0.01640625 0.024074074074074074
0 0.48802083333333335 0.6712962962962963 0.026302083333333334 0.011111111111111112
0 0.3494791666666667 0.6763888888888889 0.024739583333333332 0.018055555555555554
0 0.05130208333333333 0.6805555555555556 0.025 0.012037037037037037
0 0.2872395833333333 0.6828703703703703 0.023697916666666666 0.017592592592592594
0 0.1921875 0.6856481481481481 0.02265625 0.017592592592592594
0 0.53125 0.687962962962963 0.01328125 0.024074074074074074
0 0.06145833333333333 0.6916666666666667 0.0125 0.014814814814814815
0 0.07213541666666666 0.6930555555555555 0.016145833333333335 0.02361111111111111
0 0.49375 0.700925925925926 0.010677083333333334 0.028703703703703703
0 0.40208333333333335 0.7078703703703704 0.019791666666666666 0.01990740740740741
0 0.0765625 0.7092592592592593 0.013020833333333334 0.008796296296296297
0 0.5236979166666667 0.7129629629629629 0.024739583333333332 0.013888888888888888
0 0.004427083333333333 0.7175925925925926 0.00859375 0.01712962962962963
0 0.5317708333333333 0.7231481481481481 0.014583333333333334 0.018518518518518517
0 0.16354166666666667 0.7375 0.0140625 0.022222222222222223
0 0.371875 0.7550925925925925 0.02265625 0.025925925925925925
0 0.49635416666666665 0.5712962962962963 0.02421875 0.009259259259259259
0 0.421875 0.5717592592592593 0.025260416666666667 0.012962962962962963
0 0.39140625 0.7759259259259259 0.02421875 0.010185185185185186
0 0.44583333333333336 0.7773148148148148 0.02109375 0.013425925925925926
0 0.5033854166666667 0.788425925925926 0.013541666666666667 0.02638888888888889
0 0.4671875 0.7893518518518519 0.01796875 0.024537037037037038
0 0.52734375 0.7898148148148149 0.019010416666666665 0.01990740740740741
0 0.3919270833333333 0.799074074074074 0.01015625 0.02546296296296296
0 0.515625 0.8152777777777778 0.022916666666666665 0.010185185185185186
0 0.5372395833333333 0.8162037037037037 0.004427083333333333 0.02361111111111111
0 0.528125 0.8444444444444444 0.02265625 0.010185185185185186
0 0.53359375 0.5810185185185185 0.01015625 0.01712962962962963
0 0.4544270833333333 0.5810185185185185 0.013020833333333334 0.029166666666666667
0 0.51953125 0.5824074074074074 0.018229166666666668 0.02361111111111111
0 0.4010416666666667 0.5824074074074074 0.023958333333333335 0.011111111111111112
0 0.06354166666666666 0.8800925925925925 0.018489583333333334 0.021296296296296296
0 0.25755208333333335 0.887962962962963 0.020572916666666666 0.01712962962962963
0 0.43723958333333335 0.586574074074074 0.020833333333333332 0.020370370370370372
0 0.2765625 0.5888888888888889 0.023958333333333335 0.011111111111111112
0 0.440625 0.9472222222222222 0.019010416666666665 0.021296296296296296
0 0.5104166666666666 0.5912037037037037 0.0140625 0.023148148148148147
0 0.41796875 0.5949074074074074 0.021614583333333333 0.0125
0 0.49713541666666666 0.5953703703703703 0.015104166666666667 0.022685185185185187
0 0.4828125 0.5995370370370371 0.009635416666666667 0.02962962962962963
0 0.4700520833333333 0.6 0.009895833333333333 0.024537037037037038
0 0.3841145833333333 0.600462962962963 0.021614583333333333 0.020370370370370372
0 0.53125 0.6018518518518519 0.015625 0.020370370370370372
0 0.45286458333333335 0.6046296296296296 0.011197916666666667 0.01712962962962963
0 0.26901041666666664 0.6064814814814815 0.023958333333333335 0.013425925925925926
0 0.29296875 0.6092592592592593 0.0265625 0.010648148148148148
0 0.43645833333333334 0.6180555555555556 0.009895833333333333 0.029166666666666667
0 0.37473958333333335 0.6199074074074075 0.009375 0.029166666666666667
0 0.50546875 0.6199074074074075 0.01796875 0.024074074074074074
0 0.024479166666666666 0.625 0.02734375 0.013888888888888888
0 0.3171875 0.625462962962963 0.018229166666666668 0.02638888888888889
0 0.4192708333333333 0.6263888888888889 0.0234375 0.0125
0 0.45364583333333336 0.6273148148148148 0.022916666666666665 0.010648148148148148
0 0.18411458333333333 0.6337962962962963 0.023697916666666666 0.014351851851851852
0 0.25755208333333335 0.6337962962962963 0.024479166666666666 0.008796296296296297
0 0.23463541666666668 0.6342592592592593 0.02109375 0.018518518518518517
0 0.28984375 0.6370370370370371 0.015104166666666667 0.02546296296296296
0 0.20859375 0.6375 0.0234375 0.016666666666666666
0 0.47708333333333336 0.6398148148148148 0.018489583333333334 0.012962962962962963
0 0.7921927083333333 0.9622222222222223 0.01810416666666666 0.02475000000000002
0 0.7768541666666666 0.9647222222222223 0.012828124999999998 0.029083333333333305
0 0.6403489583333334 0.9648888888888888 0.019687500000000007 0.03627777777777773
2 0.7499166666666668 0.9662777777777777 0.024447916666666694 0.0316481481481481
0 0.8232760416666667 0.9681296296296296 0.022213541666666715 0.024240740740740695
0 0.78515625 0.9847222222222223 0.018229166666666668 0.028703703703703703