0 0.5270833333333333 0.04027777777777778 0.014583333333333334 0.08055555555555556
0 0.7665104166666666 0.04647222222222222 0.023390624999999984 0.0643425925925926
0 0.7017395833333334 0.07270370370370371 0.01398958333333334 0.051379629629629636
0 0.7511666666666666 0.09081481481481482 0.017708333333333333 0.03833333333333334
0 0.7160937500000001 0.0942037037037037 0.014250000000000007 0.048694444444444464
0 0.9429791666666667 0.10336111111111111 0.016380208333333358 0.054250000000000013
0 0.7295208333333333 0.11703703703703704 0.01378125000000002 0.04251851851851853
0 0.7555677083333333 0.12249074074074073 0.032296874999999996 0.03325925925925927
0 0.6946197916666667 0.1248611111111111 0.01900000000000001 0.05814814814814816
0 0.7561458333333333 0.14841666666666667 0.024192708333333358 0.02008333333333333
0 0.79128125 0.1769074074074074 0.028489583333333356 0.046203703703703684
0 0.7360052083333334 0.1786574074074074 0.014708333333333339 0.04106481481481484
0 0.7218229166666668 0.1812314814814815 0.013187500000000026 0.04249999999999998
0 0.7710781250000001 0.18215740740740743 0.012390624999999982 0.043120370370370364
0 0.75175 0.18380555555555556 0.019562499999999972 0.051342592592592586
0 0.8263541666666666 0.2003611111111111 0.01669270833333331 0.05360185185185184
0 0.7405729166666667 0.21610185185185185 0.014588541666666661 0.036935185185185175
0 0.7714270833333333 0.22175925925925927 0.01608333333333333 0.03961111111111108
0 0.7820781250000001 0.25211111111111106 0.030223958333333318 0.020055555555555524
0 0.8682031250000001 0.2778240740740741 0.017744791666666634 0.056666666666666705
0 0.8373541666666667 0.2908888888888889 0.02063020833333328 0.051935185185185216
0 0.8910052083333333 0.3211296296296296 0.034192708333333384 0.04081481481481485
0 0.8655989583333333 0.32719444444444445 0.03545833333333329 0.039379629629629605
0 0.7908177083333333 0.3360462962962963 0.02339583333333334 0.04472222222222218
0 0.7351979166666667 0.48931481481481487 0.022567708333333356 0.012999999999999966
2 0.6446875 0.9326111111111112 0.01295833333333333 0.06399074074074075