0 0.6590033333333334 0.2534947578632052 0.011763333333333322 0.02504243634548179
0 0.6395 0.2784523215177234 0.014756666666666661 0.021043434847728453
0 0.72062 0.28693959061407887 0.013666666666666667 0.016050923614578178
2 0.8860333333333333 0.28993509735396905 0.014176666666666733 0.0300249625561658
0 0.7600166666666667 0.2905142286570145 0.014213333333333291 0.022201697453819284
0 0.7581833333333334 0.3158112830753869 0.014789999999999963 0.025057413879181256
2 0.8842566666666667 0.31988517224163754 0.015606666666666722 0.026025961058412435
0 0.5913233333333333 0.3299500748876685 0.01426333333333332 0.02718422366450327
2 0.18716666666666668 0.72790813779331 0.0115 0.04618072890664004
0 0.8980433333333334 0.885117324013979 0.07360333333333331 0.14323015476784817
0 0.7178333333333333 0.4438342486270594 0.09766666666666667 0.08786819770344484
0 0.9549333333333334 0.5805741387918122 0.04462000000000004 0.17029955067398905
0 0.5950033333333333 0.5835746380429356 0.10084999999999998 0.10041437843235147
0 0.6904466666666668 0.6507938092860709 0.10692999999999998 0.14698452321517727
0 0.42783333333333334 0.6927109335996006 0.035666666666666666 0.11133300049925113
0 0.8355766666666666 0.7241987019470795 0.11266666666666666 0.10806789815277086
0 0.9667133333333333 0.8271892161757365 0.05039666666666669 0.2002246630054918
0 0.4483333333333333 0.8285072391412881 0.07666666666666666 0.15526709935097355
0 0.8231300000000001 0.8396754867698452 0.12422666666666661 0.09139790314528204