0 0.09250992063492064 0.10036375661375661 0.031994047619047616 0.04017857142857143
0 0.12983630952380953 0.1130952380952381 0.027529761904761904 0.06498015873015874
0 0.06299603174603174 0.12251984126984126 0.016865079365079364 0.061342592592592594
0 0.1076388888888889 0.1314484126984127 0.016865079365079364 0.045965608465608467
0 0.08122519841269842 0.1390542328042328 0.016245039682539684 0.051587301587301584
0 0.14459325396825398 0.14186507936507936 0.03373015873015873 0.031580687830687834
0 0.04724702380952381 0.14467592592592593 0.019097222222222224 0.07275132275132275
0 0.11879960317460317 0.16782407407407407 0.017485119047619048 0.06498015873015874
0 0.13529265873015872 0.17328042328042328 0.01636904761904762 0.05935846560846561
0 0.18018353174603174 0.17989417989417988 0.019717261904761904 0.05539021164021164
0 0.2191220238095238 0.18022486772486773 0.030877976190476192 0.04117063492063492
0 0.07626488095238096 0.18270502645502645 0.030877976190476192 0.04976851851851852
0 0.21341765873015872 0.1960978835978836 0.03546626984126984 0.03356481481481482
0 0.12661210317460317 0.2003968253968254 0.022445436507936508 0.06977513227513228
0 0.18514384920634921 0.20866402116402116 0.034350198412698416 0.04117063492063492
0 0.23635912698412698 0.21891534391534392 0.02703373015873016 0.02199074074074074
0 0.19977678571428573 0.2230489417989418 0.03546626984126984 0.04017857142857143
0 0.04799107142857143 0.22503306878306878 0.016865079365079364 0.0765542328042328
0 0.08494543650793651 0.22883597883597884 0.020213293650793652 0.06316137566137567
0 0.2619047619047619 0.22883597883597884 0.028645833333333332 0.05638227513227513
0 0.13665674603174602 0.23148148148148148 0.032614087301587304 0.05638227513227513
0 0.1589781746031746 0.23644179894179895 0.017981150793650792 0.06117724867724868
0 0.19816468253968253 0.23875661375661375 0.026413690476190476 0.035383597883597885
0 0.009052579365079366 0.259755291005291 0.017981150793650792 0.03356481481481482
3 0.23065476190476192 0.2698412698412698 0.04327876984126984 0.09193121693121693
0 0.06473214285714286 0.2751322751322751 0.04389880952380952 0.02199074074074074
0 0.1605902777777778 0.283234126984127 0.045510912698412696 0.03439153439153439
0 0.10069444444444445 0.2838955026455027 0.023561507936507936 0.0775462962962963
0 0.20498511904761904 0.2863756613756614 0.016245039682539684 0.06316137566137567
0 0.1909722222222222 0.28852513227513227 0.011780753968253968 0.04117063492063492
0 0.3943452380952381 0.2918320105820106 0.02418154761904762 0.0689484126984127
0 0.3603670634920635 0.30456349206349204 0.042782738095238096 0.06316137566137567
0 0.33916170634920634 0.3158068783068783 0.03931051587301587 0.057374338624338626
0 0.16220238095238096 0.3166335978835979 0.037698412698412696 0.026785714285714284
0 0.2904265873015873 0.3219246031746032 0.041046626984126984 0.03257275132275132
0 0.06572420634920635 0.3263888888888889 0.037078373015873016 0.06117724867724868
0 0.27356150793650796 0.3501984126984127 0.05109126984126984 0.03439153439153439
0 0.03459821428571429 0.398478835978836 0.033234126984126984 0.046792328042328045
0 0.2421875 0.4209656084656085 0.03993055555555555 0.07457010582010581
0 0.3195684523809524 0.4439484126984127 0.04327876984126984 0.047784391534391533
1 0.26091269841269843 0.45419973544973546 0.05617559523809524 0.05257936507936508
0 0.2961309523809524 0.47784391534391535 0.028769841269841268 0.029596560846560847
0 0.2673611111111111 0.48974867724867727 0.019717261904761904 0.028769841269841268
0 0.05233134920634921 0.0765542328042328 0.042782738095238096 0.036375661375661374
0 0.6121031746031746 0.28918650793650796 0.042534722222222224 0.072255291005291
0 0.17509920634920634 0.7781084656084656 0.011284722222222222 0.01636904761904762
0 0.47333829365079366 0.8255621693121693 0.046875 0.14649470899470898
0 0.8653720238095237 0.8474933862433861 0.11655319940476193 0.09293609457671963
0 0.5757663690476191 0.9334755291005291 0.06571103050595246 0.12201719576719577
0 0.47023809523809523 0.9333664021164021 0.040674603174603176 0.13260582010582012
0 0.6218998015873016 0.9583333333333334 0.09598214285714286 0.08267195767195767
0 0.677703373015873 0.9750330687830688 0.14310515873015872 0.04927248677248677
0 0.8559027777777778 0.9452711640211641 0.10267857142857142 0.1087962962962963