2 0.3863863863863864 0.08066666666666666 0.026026026026026026 0.06
0 0.16411911911911917 0.11679333333333333 0.07705674424424426 0.051335416666666675
0 0.0615015015015015 0.26312 0.0871321321321321 0.06996666666666662
2 0.26697697697697703 0.26470666666666665 0.0835904654654655 0.06134249999999997
0 0.12574074074074074 0.03569333333333333 0.060059434434434365 0.06206166666666667
2 0.2513613613613614 0.3735866666666667 0.07658908908908914 0.058017500000000076
0 0.02077077077077077 0.40066666666666667 0.04154154154154154 0.076
0 0.3705455455455455 0.4694466666666666 0.05204829829829844 0.04801249999999997
2 0.1777027027027027 0.47134666666666664 0.052100850850851005 0.10134416666666675
0 0.5312162162162162 0.3719666666666667 0.021510885885885882 0.023336666666666738
0 0.5171571571571572 0.37906 0.01301332582582589 0.02533208333333323
0 0.48237737737737735 0.3953933333333334 0.01202389889889893 0.025991666666666635
0 0.5004904904904905 0.40271333333333337 0.023005192692692703 0.02333249999999998
0 0.4546846846846847 0.4044466666666666 0.019483858858858876 0.025990833333333435
0 0.5118618618618619 0.40807333333333334 0.018020207707707698 0.031328333333333375
0 0.46695195195195194 0.4084933333333333 0.01999937437437438 0.02333624999999999
0 0.44528528528528527 0.4261 0.02001501501501502 0.014682500000000043
2 0.4319219219219219 0.44926 0.018041791791791856 0.03735208333333336
0 0.4345945945945946 0.47925999999999996 0.029026526526526587 0.025314583333333304
0 0.21096096096096095 0.85396 0.027513138138138167 0.023330833333333356
0 0.2541391391391391 0.8560933333333333 0.022038601101101063 0.03467833333333328
2 0.2955255255255255 0.9210933333333332 0.01554429429429424 0.027332916666666734
0 0.30287787787787784 0.9555733333333334 0.01805868368368366 0.031353333333333316
0 0.32473473473473474 0.9572466666666666 0.016507132132132153 0.022647083333333436
0 0.3968968968968969 0.9623333333333334 0.005005005005005005 0.03933333333333333
0 0.3580480480480481 0.96368 0.0195367242242242 0.038017083333333326
0 0.2795745745745746 0.9808733333333333 0.016515890890890877 0.03331833333333331
0 0.021521521521521522 0.981 0.021021021021021023 0.03666666666666667
0 0.268018018018018 0.993 0.00850850850850851 0.012666666666666666
0 0.8419319319319318 0.6106133333333333 0.015003440940940973 0.04002125000000001
0 0.8617067067067067 0.6730533333333334 0.015492992992992956 0.03406833333333346
0 0.4767567567567567 0.6964933333333333 0.015534284284284296 0.04000625000000006
0 0.8622872872872872 0.6990533333333333 0.018519456956957035 0.023299166666666527
2 0.7992992992992993 0.70816 0.016994181681681694 0.02599374999999994
2 0.9267817817817818 0.7464866666666666 0.015505505505505515 0.04133875000000004