0 0.019270833333333334 0.22175925925925927 0.03854166666666667 0.14305555555555555
3 0.2765625 0.23194444444444445 0.07265625 0.15
0 0.41302083333333334 0.025925925925925925 0.0375 0.05185185185185185
0 0.3296875 0.031018518518518518 0.06484375 0.062037037037037036
0 0.029166666666666667 0.43796296296296294 0.05807291666666667 0.09166666666666666
0 0.25442708333333336 0.44814814814814813 0.07265625 0.05138888888888889
0 0.4596354166666667 0.4587962962962963 0.06666666666666667 0.05648148148148148
0 0.06588541666666667 0.049074074074074076 0.0546875 0.07407407407407407
0 0.5104166666666666 0.48333333333333334 0.0265625 0.06898148148148148
0 0.16536458333333334 0.050462962962962966 0.058854166666666666 0.10092592592592593
0 0.23671875 0.06620370370370371 0.06328125 0.09027777777777778
0 0.02734375 0.08796296296296297 0.049479166666666664 0.11296296296296296
0 0.37526041666666665 0.13657407407407407 0.06588541666666667 0.04583333333333333
0 0.11458333333333333 0.014351851851851852 0.03854166666666667 0.02824074074074074