0 0.13093593593593594 0.043399999999999994 0.07257351101101098 0.06732791666666667
0 0.24583083083083082 0.08562 0.08208677427427433 0.06400375000000001
0 0.516971971971972 0.08879333333333334 0.0770567442442442 0.051335416666666675
0 0.22092092092092092 0.17846 0.08809059059059053 0.0647066666666667
0 0.41435435435435436 0.23512 0.08710960960960953 0.06998333333333334
0 0.025275275275275275 0.27466666666666667 0.05055055055055055 0.05466666666666667
0 0.47872872872872874 0.019666666666666666 0.06056056056056056 0.03933333333333333
0 0.3584584584584585 0.37240666666666666 0.07156468968968965 0.07535833333333343
2 0.13593593593593595 0.4224 0.05105636886886887 0.07866083333333321
2 0.5305555555555556 0.44334666666666667 0.05207645145145164 0.10133875000000005
0 0.27598098098098095 0.4876266666666667 0.07808026776776776 0.08133833333333329
0 0.12162162162162163 0.5283333333333333 0.07407407407407407 0.042
0 0.5648148148148148 0.24533333333333332 0.010510510510510511 0.02
0 0.06014014014014012 0.7879399999999999 0.032018893893893834 0.016019999999999982