0 0.06981981981981981 0.017333333333333333 0.08258258258258258 0.034666666666666665
0 0.3405905905905906 0.015666666666666666 0.07757757757757758 0.03133333333333333
0 0.044744744744744734 0.09512666666666666 0.08808933933933934 0.06468666666666673
0 0.23817817817817818 0.15178666666666668 0.08710960960960953 0.06998333333333334
2 0.42542542542542544 0.15366666666666667 0.04804804804804805 0.062
2 0.4194194194194194 0.262 0.06006006006006006 0.058666666666666666
0 0.1822822822822823 0.28907333333333335 0.07155780780780774 0.07538333333333336
2 0.35437937937937936 0.3600133333333333 0.052100850850851005 0.10134416666666675
0 0.09980480480480479 0.4042933333333334 0.07808245745745744 0.08134333333333325
0 0.5696446446446447 0.24926666666666666 0.029015890890890832 0.02268666666666665
0 0.261011011011011 0.725 0.06056056056056056 0.038
0 0.39764764764764765 0.822 0.02952952952952953 0.06
0 0.3936436436436436 0.842 0.03428428428428428 0.052
0 0.4029029029029029 0.8953333333333333 0.05555555555555555 0.029666666666666668
0 0.09109109109109109 0.643 0.05405405405405406 0.046
0 0.6641591591591591 0.8163866666666666 0.028004567067067068 0.021965833333333195