0 0.4674479166666667 0.002777777777777778 0.028645833333333332 0.005555555555555556
0 0.50234375 0.013888888888888888 0.015104166666666667 0.027777777777777776
2 0.6535885416666667 0.15189814814814812 0.024447916666666694 0.059962962962962954
0 0.06536458333333334 0.600925925925926 0.12604166666666666 0.16527777777777777
0 0.3046875 0.6217592592592592 0.12526041666666668 0.15601851851851853
3 0.16328125 0.7268518518518519 0.07786458333333333 0.48148148148148145
0 0.20364583333333333 0.4597222222222222 0.08958333333333333 0.10046296296296296
0 0.030989583333333334 0.924537037037037 0.06197916666666667 0.15046296296296297
0 0.08619791666666667 0.9337962962962963 0.05651041666666667 0.13194444444444445
0 0.530890625 0.47171296296296295 0.015572916666666655 0.05514814814814815
0 0.6674270833333333 0.779 0.030552083333333348 0.024444444444444425
2 0.5894791666666667 0.7842777777777777 0.02006249999999999 0.023490740740740746
2 0.6079218750000001 0.7858981481481482 0.016093749999999987 0.029990740740740728
0 0.6502135416666666 0.7858981481481482 0.022781250000000006 0.029990740740740728
0 0.6264739583333333 0.7901018518518518 0.013270833333333343 0.028638888888888842
0 0.7139947916666666 0.791425925925926 0.030734374999999994 0.016805555555555535
0 0.632078125 0.8054722222222221 0.024906250000000026 0.019444444444444445
2 0.5656666666666667 0.8122407407407408 0.023343750000000028 0.049351851851851807
0 0.6023541666666666 0.8180648148148149 0.02843750000000001 0.028499999999999973
0 0.5788177083333333 0.8318148148148148 0.02169270833333332 0.030962962962963015
0 0.6057083333333334 0.8341111111111111 0.021427083333333326 0.04352777777777777
0 0.43946874999999996 0.8366296296296296 0.024567708333333337 0.04611111111111107
0 0.6326875 0.8367592592592593 0.013328125000000017 0.04463888888888892
2 0.40625 0.9023148148148148 0.0125 0.05092592592592592