0 0.11302083333333333 0.09814814814814815 0.0390625 0.03935185185185185
0 0.15859375 0.11064814814814815 0.03359375 0.06388888888888888
0 0.07708333333333334 0.12037037037037036 0.020572916666666666 0.06018518518518518
0 0.13151041666666666 0.1287037037037037 0.020572916666666666 0.04490740740740741
0 0.09921875 0.13657407407407407 0.019791666666666666 0.050462962962962966
0 0.17682291666666666 0.13935185185185187 0.04114583333333333 0.031018518518518518
0 0.0578125 0.14166666666666666 0.0234375 0.0712962962962963
0 0.1453125 0.16435185185185186 0.021354166666666667 0.06388888888888888
0 0.16536458333333334 0.1699074074074074 0.020052083333333335 0.058333333333333334
0 0.2203125 0.1763888888888889 0.02421875 0.05416666666666667
0 0.26796875 0.17685185185185184 0.037760416666666664 0.04027777777777778
0 0.09322916666666667 0.17916666666666667 0.037760416666666664 0.04861111111111111
0 0.2609375 0.19212962962962962 0.043229166666666666 0.03287037037037037
0 0.1546875 0.1962962962962963 0.027604166666666666 0.06851851851851852
0 0.22630208333333332 0.20462962962962963 0.04192708333333333 0.04027777777777778
0 0.28880208333333335 0.21481481481481482 0.03307291666666667 0.02175925925925926
0 0.24427083333333333 0.21851851851851853 0.043229166666666666 0.03935185185185185
0 0.05859375 0.22037037037037038 0.020572916666666666 0.075
0 0.10390625 0.22453703703703703 0.024739583333333332 0.062037037037037036
0 0.32005208333333335 0.22453703703703703 0.03515625 0.05555555555555555
0 0.1671875 0.22685185185185186 0.03984375 0.05555555555555555
0 0.19453125 0.23194444444444445 0.021875 0.06018518518518518
0 0.2421875 0.23425925925925925 0.03229166666666667 0.034722222222222224
0 0.0109375 0.25462962962962965 0.021875 0.03287037037037037
3 0.28203125 0.26481481481481484 0.05286458333333333 0.09027777777777778
0 0.07916666666666666 0.26990740740740743 0.05364583333333333 0.02175925925925926
0 0.19635416666666666 0.2777777777777778 0.05572916666666667 0.033796296296296297
0 0.12291666666666666 0.27824074074074073 0.02890625 0.07592592592592592
0 0.25052083333333336 0.28055555555555556 0.019791666666666666 0.062037037037037036
0 0.23359375 0.2828703703703704 0.014322916666666666 0.04027777777777778
0 0.48203125 0.2861111111111111 0.0296875 0.06759259259259259
0 0.440625 0.2986111111111111 0.05234375 0.062037037037037036
0 0.41458333333333336 0.30972222222222223 0.048177083333333336 0.05648148148148148
0 0.1984375 0.3106481481481482 0.04609375 0.02638888888888889
0 0.35520833333333335 0.31574074074074077 0.05026041666666667 0.03194444444444444
0 0.08020833333333334 0.3199074074074074 0.0453125 0.06018518518518518
0 0.334375 0.3435185185185185 0.0625 0.033796296296296297
0 0.0421875 0.3907407407407407 0.040625 0.04583333333333333
0 0.29609375 0.412962962962963 0.04895833333333333 0.07314814814814814
0 0.390625 0.4351851851851852 0.05286458333333333 0.04675925925925926
1 0.3190104166666667 0.44537037037037036 0.06875 0.05138888888888889
0 0.3619791666666667 0.4685185185185185 0.03515625 0.029166666666666667
0 0.3268229166666667 0.48009259259259257 0.023958333333333335 0.02824074074074074
0 0.0640625 0.075 0.05234375 0.03564814814814815
0 0.26067708333333334 0.7055555555555556 0.1203125 0.07962962962962963
3 0.37786458333333334 0.8425925925925926 0.11796875 0.20925925925925926
0 0.27109375 0.9004629629629629 0.10546875 0.11712962962962963
0 0.9418385416666666 0.8528425925925927 0.022921874999999994 0.050093749999999944
0 0.9504322916666667 0.8690555555555556 0.014060546874999958 0.037915509259259066
0 0.9860312499999999 0.8718333333333333 0.014571289062500032 0.050878472222222026