0 0.018229166666666668 0.17083333333333334 0.03619791666666667 0.11018518518518519
3 0.2609375 0.1787037037037037 0.06848958333333334 0.11574074074074074
0 0.38984375 0.01990740740740741 0.03463541666666667 0.03935185185185185
0 0.3111979166666667 0.024074074074074074 0.06197916666666667 0.04814814814814815
0 0.027604166666666666 0.3375 0.05520833333333333 0.0712962962962963
0 0.24010416666666667 0.3453703703703704 0.06848958333333334 0.03935185185185185
0 0.43385416666666665 0.35324074074074074 0.06276041666666667 0.04351851851851852
0 0.06197916666666667 0.0375 0.0515625 0.05694444444444444
0 0.48151041666666666 0.3726851851851852 0.024479166666666666 0.05277777777777778
0 0.15598958333333332 0.03888888888888889 0.05572916666666667 0.07777777777777778
0 0.2234375 0.05092592592592592 0.05963541666666667 0.06944444444444445
0 0.02578125 0.06805555555555555 0.046614583333333334 0.08703703703703704
0 0.3541666666666667 0.1050925925925926 0.06197916666666667 0.03518518518518519
0 0.10833333333333334 0.011111111111111112 0.03619791666666667 0.02175925925925926
0 0.17371354166666667 0.6500740740740741 0.03381054687499999 0.02787268518518536
0 0.09522916666666668 0.6718333333333334 0.02239420572916669 0.030508101851851658
0 0.10060937499999997 0.6844814814814815 0.014596028645833432 0.05276851851851853
0 0.65128125 0.761638888888889 0.03067708333333338 0.01768518518518531