0 0.056361361361361315 0.4458866666666666 0.06960710710710724 0.0426225000000001
0 0.2754204204204204 0.5401533333333334 0.06756662912912917 0.08201749999999992
0 0.09134134134134134 0.5883333333333334 0.07757757757757758 0.042
0 0.2897897897897898 0.024 0.07507507507507508 0.048
2 0.03803803803803804 0.07266666666666667 0.07607607607607608 0.058666666666666666
0 0.33644144144144145 0.14719333333333331 0.0695583083083083 0.05464000000000002
0 0.15683183183183178 0.16877999999999999 0.05204829829829844 0.04801249999999997
0 0.29806806806806807 0.29669999999999996 0.07258696196196193 0.06798375000000002
0 0.18591091091091094 0.33542 0.05257945445445424 0.0573483333333332
0 0.41316316316316315 0.31666666666666665 0.026526526526526525 0.02
0 0.2358958958958959 0.9108266666666667 0.030027527527527586 0.019327083333333273
0 0.537947947947948 0.7054933333333333 0.030528028028028086 0.019339166666666643