0 0.8080729166666667 0.0412037037037037 0.06822916666666666 0.0824074074074074
3 0.6671875 0.15694444444444444 0.08333333333333333 0.3138888888888889
0 0.49162500000000003 0.1459537037037037 0.13300520833333335 0.20071296296296295
0 0.37994791666666666 0.2375 0.0203125 0.29907407407407405
0 0.81903125 0.27783333333333327 0.16243229166666662 0.18670370370370368
0 0.9752604166666666 0.29444444444444445 0.0484375 0.2388888888888889
0 0.5045260416666667 0.3590648148148148 0.17143750000000005 0.10842592592592595
0 0.018838541666666646 0.7650370370370371 0.012296875 0.039944444444444435
0 0.7526041666666666 0.586574074074074 0.11875 0.1935185185185185
0 0.42083333333333334 0.6273148148148148 0.10208333333333333 0.09074074074074075
0 0.9463541666666667 0.6388888888888888 0.10625 0.12037037037037036
0 0.521875 0.7509259259259259 0.16145833333333334 0.17731481481481481
3 0.6643229166666667 0.7837962962962963 0.1328125 0.35462962962962963
0 0.415625 0.8106481481481481 0.084375 0.24537037037037038
0 0.8953125 0.8407407407407408 0.20911458333333333 0.10046296296296296
0 0.5971354166666667 0.9680555555555556 0.09375 0.06342592592592593
0 0.5619791666666667 0.5398148148148149 0.08125 0.1
0 0.4231770833333333 0.9824074074074074 0.10677083333333333 0.034722222222222224
0 0.9286458333333333 0.9861111111111112 0.14166666666666666 0.025925925925925925
0 0.646875 0.5435185185185185 0.078125 0.10740740740740741
0 0.82890625 0.562037037037037 0.08645833333333333 0.14444444444444443