0 0.10283333333333333 0.09236145781328008 0.0355 0.036944583125312035
0 0.14416666666666667 0.10409385921118322 0.030666666666666665 0.05991013479780329
0 0.07 0.11283075386919621 0.018666666666666668 0.056415376934598103
0 0.1195 0.12106839740389416 0.018833333333333334 0.042436345481777334
0 0.09033333333333333 0.12805791313030454 0.018166666666666668 0.047678482276585124
0 0.16066666666666668 0.1308037943085372 0.0375 0.029206190713929107
0 0.0525 0.13330004992511232 0.021333333333333333 0.06714927608587119
0 0.132 0.154518222666001 0.019333333333333334 0.05991013479780329
0 0.15033333333333335 0.15951073389915127 0.018166666666666668 0.05466799800299551
0 0.20033333333333334 0.16575137294058911 0.022 0.0509236145781328
0 0.2435 0.16600099850224664 0.034333333333333334 0.03794308537194209
0 0.08483333333333333 0.16824762855716424 0.034333333333333334 0.04593110334498253
0 0.23716666666666666 0.18072890664003993 0.0395 0.0309535696455317
0 0.14066666666666666 0.18472291562656015 0.025 0.06440339490763854
0 0.20583333333333334 0.19221168247628556 0.03816666666666667 0.03794308537194209
0 0.26266666666666666 0.2016974538192711 0.03 0.020219670494258612
0 0.222 0.2054418372441338 0.03933333333333333 0.036944583125312035
0 0.05333333333333334 0.2071892161757364 0.018833333333333334 0.07039440838741887
0 0.0945 0.2106839740389416 0.0225 0.0581627558662007
0 0.291 0.2109335996005991 0.03183333333333333 0.05192211682476285
0 0.15183333333333332 0.21318022965551672 0.036166666666666666 0.05192211682476285
0 0.17666666666666667 0.21792311532700948 0.02 0.056415376934598103
0 0.22016666666666668 0.2199201198202696 0.029333333333333333 0.032451323015476784
0 0.01 0.23939091362955567 0.02 0.0309535696455317
3 0.25633333333333336 0.24862705941088367 0.04816666666666667 0.08462306540189715
0 0.072 0.2533699450823764 0.04883333333333333 0.020219670494258612
0 0.1785 0.26085871193210186 0.050666666666666665 0.031702446330504244
0 0.11183333333333334 0.2616075886170744 0.026166666666666668 0.07139291063404893
0 0.22783333333333333 0.263854218671992 0.018166666666666668 0.0581627558662007
0 0.21233333333333335 0.2658512231652521 0.013 0.03794308537194209
0 0.43833333333333335 0.2688467299051423 0.026833333333333334 0.06340489266100849
0 0.4005 0.28057913130304546 0.0475 0.0581627558662007
0 0.37683333333333335 0.2908137793310035 0.043666666666666666 0.05292061907139291
0 0.18033333333333335 0.29181228157763356 0.041833333333333333 0.02471293060409386
0 0.32283333333333336 0.2965551672491263 0.04566666666666667 0.029955067398901646
0 0.073 0.30054917623564653 0.041166666666666664 0.056415376934598103
0 0.304 0.3225162256615077 0.05683333333333333 0.031702446330504244
0 0.0385 0.3671992011982027 0.036833333333333336 0.04318522216674987
0 0.26916666666666667 0.3879181228157763 0.0445 0.06864702945581627
0 0.3551666666666667 0.409136295556665 0.04816666666666667 0.04418372441337993
1 0.29 0.41862206689965054 0.0625 0.048427358961557664
0 0.32916666666666666 0.4403394907638542 0.03183333333333333 0.027209186220668997
0 0.2971666666666667 0.45132301547678483 0.021833333333333333 0.026460309535696454
0 0.058166666666666665 0.07064403394907638 0.0475 0.03344982526210684
0 0.14544333333333334 0.7638941587618572 0.0173304166666666 0.01991887169246121
0 0.8050433333333333 0.90408886669995 0.07365874999999994 0.14327820768846738
0 0.6246666666666667 0.48826759860209684 0.09733333333333333 0.036944583125312035
0 0.8619333333333334 0.5995456814777833 0.04466083333333336 0.17025149775336987
0 0.5263333333333333 0.6025961058412381 0.05266666666666667 0.10084872690963555
0 0.5974466666666667 0.6697653519720419 0.10699124999999989 0.1472422616075886
0 0.7425766666666667 0.7431702446330505 0.11266666666666666 0.10830379430853726
0 0.8737133333333333 0.8461607588617075 0.05033729166666641 0.20020126060908636
0 0.7301300000000001 0.8586470294558162 0.12432666666666667 0.09136513979031463