0 0.10197916666666665 0.6014722222222222 0.028578125000000003 0.02579629629629631
0 0.23142187500000003 0.7412685185185186 0.026078125000000025 0.03131481481481481
0 0.2616354166666667 0.758712962962963 0.01981770833333331 0.02359259259259261
0 0.1759479166666667 0.802537037037037 0.013072916666666679 0.03690740740740731
0 0.89309375 0.4851203703703704 0.012114583333333328 0.05419444444444442
0 0.7218020833333334 0.5488518518518518 0.015098958333333337 0.05016666666666662
0 0.6688385416666667 0.5675185185185185 0.02624479166666666 0.04862037037037036
0 0.6423645833333335 0.5795555555555556 0.03018229166666669 0.02454629629629629
2 0.605203125 0.6059444444444445 0.023312499999999996 0.05324074074074074
2 0.4848697916666667 0.6673518518518519 0.024385416666666663 0.03902777777777776
0 0.6699687500000001 0.6829351851851853 0.022942708333333308 0.023907407407407454
0 0.685421875 0.7050092592592593 0.018385416666666644 0.02640740740740739
2 0.5115260416666667 0.7191944444444445 0.03254166666666667 0.05012962962962967
0 0.6572083333333334 0.7478981481481481 0.010911458333333356 0.03715740740740746
0 0.6158802083333333 0.7489814814814815 0.013411458333333333 0.03005555555555559
0 0.6120625 0.7809166666666667 0.03312500000000001 0.018018518518518552
0 0.5325364583333333 0.8074629629629629 0.019687500000000007 0.04887037037037034
0 0.6153645833333333 0.8477314814814815 0.023052083333333327 0.046083333333333316
0 0.7735416666666667 0.9145462962962964 0.01683854166666663 0.059333333333333266