0 0.40494270833333335 0.22092592592592594 0.025828125 0.020861111111111087
0 0.5181510416666667 0.3634907407407408 0.02136979166666665 0.05909259259259264
0 0.45693750000000005 0.3736296296296296 0.012822916666666668 0.043703703703703745
2 0.44192708333333336 0.38787037037037037 0.02147916666666667 0.022166666666666716
0 0.46944270833333335 0.3945833333333333 0.013609374999999998 0.030037037037037088
0 0.5630416666666667 0.40855555555555556 0.019447916666666683 0.04337962962962965
0 0.5889062500000001 0.4125740740740741 0.020479166666666694 0.05016666666666662
0 0.42879687499999997 0.4137407407407408 0.027046875000000005 0.03153703703703699
2 0.46902083333333333 0.42121296296296296 0.022531249999999996 0.03479629629629633
0 0.44071875 0.42324074074074075 0.02180729166666667 0.03283333333333337
0 0.4370052083333333 0.4514814814814815 0.020010416666666676 0.03893518518518514
0 0.37976041666666666 0.46873148148148147 0.016895833333333332 0.04733333333333328
0 0.36276041666666664 0.48842592592592593 0.005729166666666666 0.04537037037037037
0 0.39104687499999996 0.49619444444444444 0.019322916666666665 0.054120370370370416
0 0.6308124999999999 0.7874166666666667 0.02478124999999999 0.038416666666666675