0 0.041551551551551553 0.2864266666666667 0.07107982982982983 0.04464999999999994
0 0.26930930930930935 0.3153066666666667 0.0650466091091091 0.04133416666666684
0 0.2088838838838839 0.3797466666666666 0.08258571071071066 0.052007916666666765
0 0.3725275275275275 0.38847333333333334 0.07957957957957958 0.08667000000000007
0 0.08658658658658659 0.45066666666666666 0.07007007007007007 0.017333333333333333
2 0.10585585585585586 0.012 0.05155155155155155 0.024
0 0.24595095095095093 0.0496266666666667 0.07808245745745744 0.08134333333333325
0 0.09137137137137137 0.1061266666666667 0.07356919419419415 0.07264750000000003
0 0.41352352352352356 0.16532666666666668 0.07659597097097094 0.05728416666666666
0 0.7029379379379379 0.30315333333333333 0.03150681931931929 0.01733875000000004
0 0.005255255255255256 0.7723333333333333 0.010510510510510511 0.023333333333333334
0 0.14458458458458465 0.83016 0.030531468968968932 0.02067291666666673
2 0.002002002002002002 0.847 0.004004004004004004 0.023333333333333334
0 0.007267267267267258 0.8552266666666668 0.01248248248248251 0.02133875000000004
0 0.03052052052052053 0.8664466666666667 0.019041228728728703 0.033319999999999864
0 0.038458458458458473 0.8740066666666667 0.02704079079079075 0.026639166666666672
0 0.6103603603603603 0.483 0.06506506506506507 0.04566666666666667
0 0.5230230230230231 0.6843333333333333 0.08608608608608609 0.059333333333333335
0 0.5402902902902903 0.7163333333333334 0.12062062062062062 0.05266666666666667
3 0.6869369369369369 0.7416666666666667 0.21771771771771772 0.19466666666666665
0 0.8746246246246246 0.7753333333333333 0.13663663663663664 0.093
0 0.5287787787787788 0.7843333333333333 0.09759759759759759 0.066
0 0.9131631631631631 0.81 0.1478978978978979 0.11666666666666667
0 0.8265765765765766 0.8583333333333333 0.12687687687687688 0.11
0 0.8736236236236237 0.5006666666666667 0.11536536536536536 0.08133333333333333
0 0.511011011011011 0.8873333333333333 0.06181181181181181 0.09133333333333334
0 0.748998998998999 0.9153333333333333 0.09434434434434434 0.16233333333333333
0 0.6554054054054054 0.923 0.07157157157157157 0.15066666666666667
0 0.9569569569569569 0.9246666666666666 0.08283283283283284 0.12366666666666666
0 0.5758258258258259 0.9346666666666666 0.0523023023023023 0.13033333333333333
0 0.8773773773773774 0.955 0.08933933933933934 0.08633333333333333
0 0.6886886886886887 0.5176666666666667 0.06981981981981981 0.115
0 0.786036036036036 0.5366666666666666 0.08458458458458458 0.15233333333333332
0 0.5337837837837838 0.5456666666666666 0.10735735735735735 0.06433333333333334
0 0.6271271271271271 0.57 0.11861861861861862 0.149
0 0.9719719719719719 0.5966666666666667 0.055055055055055056 0.13066666666666665
0 0.8788788788788788 0.616 0.1443943943943944 0.10466666666666667
0 0.5535535535535535 0.6243333333333333 0.1463963963963964 0.09133333333333334