0 0.9328125 0.012037037037037037 0.03125 0.024074074074074074
0 0.8828802083333334 0.014240740740740736 0.014562500000000018 0.020851851851851847
0 0.9657291666666666 0.018500000000000016 0.010359375000000053 0.022851851851851856
2 0.86015625 0.019666666666666676 0.014723958333333323 0.03041666666666666
0 0.8920364583333333 0.03414814814814814 0.0109010416666667 0.041499999999999995
0 0.8699166666666667 0.040037037037037045 0.016437499999999973 0.04125
0 0.9029218750000001 0.041287037037037067 0.01593749999999995 0.042249999999999996
2 0.8388020833333333 0.044666666666666674 0.024093749999999994 0.03597222222222222
0 0.8136197916666668 0.14434259259259258 0.026265625000000004 0.030037037037037036
0 0.029427083333333333 0.44023148148148145 0.014442708333333332 0.04774074074074074
0 0.27877083333333336 0.6073333333333334 0.030338541666666666 0.039370370370370354
0 0.11275 0.6546574074074074 0.023302083333333338 0.03559259259259264
0 0.022458333333333337 0.6576666666666666 0.02855729166666666 0.024277777777777804
0 0.00859375 0.6967592592592593 0.0171875 0.032407407407407406
0 0.16304687499999998 0.7193148148148149 0.029588541666666638 0.024740740740740765
0 0.019505208333333357 0.7218981481481481 0.028953125000000003 0.024861111111111132
0 0.31428125 0.732787037037037 0.03328125000000005 0.047666666666666684
0 0.09022916666666667 0.7329166666666667 0.028781249999999994 0.025935185185185176
0 0.13639062499999993 0.7453148148148149 0.010963541666666658 0.030166666666666706
0 0.00546875 0.7453703703703703 0.0109375 0.06296296296296296
0 0.043588541666666696 0.7512222222222222 0.02020833333333334 0.027037037037037078
0 0.11623958333333331 0.7553148148148148 0.02567187500000001 0.020296296296296257
0 0.009635416666666667 0.7583333333333333 0.019270833333333334 0.027777777777777776
0 0.14638020833333332 0.7701111111111112 0.023088541666666688 0.04110185185185184
0 0.11400520833333333 0.7778240740740741 0.030010416666666668 0.021509259259259277
0 0.24031250000000004 0.7807685185185186 0.02496875000000003 0.05660185185185185
0 0.21409374999999997 0.7980555555555555 0.03093749999999999 0.024500000000000032
0 0.09466145833333334 0.8119537037037037 0.024526041666666682 0.03735185185185188
0 0.01171875 0.8208333333333333 0.0234375 0.030555555555555555
0 0.06699479166666666 0.8226666666666667 0.02294791666666667 0.02844444444444447
0 0.10932812499999998 0.8238148148148149 0.03136458333333335 0.03434259259259257
0 0.07838541666666667 0.9921296296296296 0.0265625 0.013888888888888888
0 0.9124895833333333 0.5573611111111112 0.03581770833333332 0.06163888888888888
0 0.65759375 0.6388425925925927 0.012281249999999992 0.03837037037037042
0 0.8012760416666667 0.6703148148148149 0.017619791666666686 0.04679629629629626
0 0.5856197916666667 0.7389814814814815 0.011432291666666669 0.032527777777777774
0 0.854328125 0.7773981481481481 0.024937500000000057 0.023935185185185205
0 0.9408854166666667 0.8115000000000001 0.026182291666666656 0.027314814814814816
0 0.6547291666666666 0.8147407407407407 0.014885416666666658 0.02824074074074074
0 0.9897604166666667 0.8226111111111111 0.014562500000000018 0.0393425925925926
0 0.5684895833333333 0.8384259259259259 0.0171875 0.05277777777777778
0 0.7899895833333334 0.8678148148148148 0.023526041666666647 0.04921296296296305
0 0.9773489583333334 0.9201203703703704 0.019942708333333316 0.07419444444444455