0 0.078125 0.13564814814814816 0.027083333333333334 0.05416666666666667
0 0.10963541666666667 0.1527777777777778 0.023177083333333334 0.08796296296296297
0 0.053125 0.16574074074074074 0.014322916666666666 0.08287037037037037
0 0.09088541666666666 0.17777777777777778 0.014322916666666666 0.062037037037037036
0 0.06848958333333334 0.18796296296296297 0.013802083333333333 0.0699074074074074
0 0.12213541666666666 0.19212962962962962 0.028385416666666666 0.04259259259259259
0 0.03984375 0.19583333333333333 0.016145833333333335 0.09861111111111111
0 0.10026041666666667 0.22685185185185186 0.014583333333333334 0.08796296296296297
0 0.1140625 0.23425925925925925 0.013802083333333333 0.08009259259259259
0 0.15208333333333332 0.24305555555555555 0.016666666666666666 0.075
0 0.18489583333333334 0.24351851851851852 0.026041666666666668 0.05555555555555555
0 0.06432291666666666 0.24722222222222223 0.026041666666666668 0.06712962962962964
0 0.18020833333333333 0.2652777777777778 0.029947916666666668 0.04537037037037037
0 0.10677083333333333 0.2712962962962963 0.019010416666666665 0.09444444444444444
0 0.15625 0.2824074074074074 0.02890625 0.05555555555555555
0 0.19947916666666668 0.29583333333333334 0.02265625 0.02962962962962963
0 0.16875 0.30185185185185187 0.029947916666666668 0.05416666666666667
0 0.040625 0.30416666666666664 0.014322916666666666 0.1037037037037037
0 0.07161458333333333 0.30972222222222223 0.0171875 0.08564814814814815
0 0.22109375 0.30972222222222223 0.02421875 0.0763888888888889
0 0.11536458333333334 0.31296296296296294 0.027604166666666666 0.0763888888888889
0 0.13411458333333334 0.3199074074074074 0.015104166666666667 0.08287037037037037
0 0.1671875 0.3226851851851852 0.022395833333333334 0.047685185185185185
0 0.007552083333333333 0.35138888888888886 0.015104166666666667 0.04537037037037037
3 0.19479166666666667 0.36527777777777776 0.036458333333333336 0.12407407407407407
0 0.0546875 0.37222222222222223 0.03697916666666667 0.02962962962962963
0 0.13567708333333334 0.38333333333333336 0.03854166666666667 0.04675925925925926
0 0.08489583333333334 0.38425925925925924 0.020052083333333335 0.10462962962962963
0 0.17291666666666666 0.3875 0.013802083333333333 0.08518518518518518
0 0.16119791666666666 0.3902777777777778 0.009895833333333333 0.05555555555555555
0 0.3328125 0.39490740740740743 0.0203125 0.09305555555555556
0 0.30416666666666664 0.41203703703703703 0.03619791666666667 0.08518518518518518
0 0.28619791666666666 0.4273148148148148 0.03333333333333333 0.07777777777777778
0 0.13697916666666668 0.42824074074074076 0.03177083333333333 0.03611111111111111
0 0.24505208333333334 0.4356481481481482 0.03463541666666667 0.04398148148148148
0 0.05546875 0.44166666666666665 0.03125 0.08287037037037037
0 0.23098958333333333 0.4736111111111111 0.043229166666666666 0.046296296296296294
0 0.029166666666666667 0.5393518518518519 0.028125 0.06342592592592593
0 0.20442708333333334 0.5694444444444444 0.033854166666666664 0.10092592592592593
0 0.26979166666666665 0.600462962962963 0.036458333333333336 0.06481481481481481
1 0.22005208333333334 0.6143518518518518 0.04739583333333333 0.0712962962962963
0 0.25 0.6462962962962963 0.02421875 0.04027777777777778
0 0.22552083333333334 0.6625 0.016666666666666666 0.03888888888888889
0 0.044270833333333336 0.1037037037037037 0.03619791666666667 0.049074074074074076
0 0.477515625 0.17847222222222223 0.027601562500000062 0.038898726851851806
0 0.5350729166666668 0.24343518518518514 0.031247395833333396 0.03338888888888905
0 0.4540677083333333 0.31780555555555556 0.02969401041666669 0.03057060185185197