2 0.7700520833333333 0.17777777777777778 0.03229166666666667 0.046296296296296294
0 0.6466145833333333 0.1986111111111111 0.019010416666666665 0.0412037037037037
0 0.8841145833333334 0.19953703703703704 0.016666666666666666 0.026851851851851852
0 0.8307291666666666 0.20092592592592592 0.018489583333333334 0.044444444444444446
0 0.8614583333333333 0.22962962962962963 0.029947916666666668 0.04490740740740741
2 0.6526041666666667 0.024537037037037038 0.027604166666666666 0.049074074074074076
2 0.5401041666666667 0.26944444444444443 0.021354166666666667 0.050462962962962966
0 0.5744791666666667 0.3537037037037037 0.01796875 0.0375
2 0.8859375 0.362962962962963 0.02890625 0.05740740740740741
2 0.71875 0.3814814814814815 0.024479166666666666 0.04537037037037037
2 0.6203125 0.42314814814814816 0.041666666666666664 0.06296296296296296
0 0.5671875 0.44351851851851853 0.031510416666666666 0.03518518518518519
2 0.7296875 0.4930555555555556 0.025520833333333333 0.06712962962962964
0 0.8424479166666666 0.49722222222222223 0.02734375 0.03888888888888889
0 0.5153645833333333 0.056018518518518516 0.023697916666666666 0.044444444444444446
0 0.7260416666666667 0.06944444444444445 0.014322916666666666 0.03333333333333333
0 0.9078125 0.09722222222222222 0.023958333333333335 0.05092592592592592
2 0.696875 0.14722222222222223 0.0421875 0.05694444444444444
0 0.32391666666666663 0.5643703703703703 0.022208333333333385 0.031009259259259268
0 0.22940625 0.5770277777777778 0.021401041666666683 0.05013888888888889
0 0.2664479166666667 0.589675925925926 0.024656249999999987 0.024833333333333325
0 0.3299947916666667 0.5998611111111112 0.028807291666666637 0.043962962962962954
0 0.2826510416666667 0.6138518518518519 0.01793750000000003 0.06947222222222221
0 0.4150729166666667 0.6270185185185185 0.044755208333333366 0.02174074074074073
0 0.23403125000000002 0.6313425925925926 0.01399479166666667 0.0525925925925926
0 0.3083489583333333 0.6406018518518519 0.02765624999999995 0.027638888888888897
0 0.043723958333333326 0.6430648148148148 0.03607291666666666 0.07851851851851853
0 0.25255729166666663 0.6804074074074073 0.02048437500000002 0.0507314814814815
0 0.330109375 0.7450092592592593 0.018848958333333363 0.0441296296296296
0 0.3539583333333333 0.7724722222222222 0.014958333333333348 0.04268518518518521
0 0.344875 0.7965462962962963 0.015531249999999967 0.04473148148148143
0 0.05761458333333334 0.9108240740740742 0.034677083333333324 0.07700925925925922
0 0.5078125 0.5550925925925926 0.014583333333333334 0.05092592592592592
0 0.8276302083333333 0.6314444444444445 0.03284374999999997 0.046638888888888896
0 0.7966614583333335 0.6436851851851852 0.019078125000000057 0.04765740740740742
0 0.7744427083333333 0.690287037037037 0.012864583333333356 0.048268518518518516
0 0.9312916666666666 0.7098333333333333 0.020656250000000043 0.055259259259259265
0 0.6983854166666668 0.7226851851851852 0.018416666666666675 0.037768518518518535
0 0.8049999999999999 0.7593055555555556 0.011484374999999976 0.024583333333333318
0 0.722 0.7827592592592593 0.016322916666666683 0.05174074074074074
0 0.7804583333333334 0.7958240740740741 0.011015625000000048 0.04699999999999999
0 0.797765625 0.8035370370370369 0.010630208333333375 0.04885185185185184
0 0.8342291666666667 0.8056018518518518 0.026192708333333314 0.0455555555555556
0 0.7640781249999999 0.8092037037037038 0.02105729166666667 0.029305555555555536
0 0.7400572916666666 0.8452037037037037 0.025348958333333314 0.02954629629629627
0 0.763328125 0.8638240740740741 0.0121458333333333 0.0459537037037037
0 0.7444010416666667 0.8725648148148148 0.025703124999999983 0.03258333333333338
0 0.6682291666666667 0.9819444444444444 0.03333333333333333 0.03425925925925926