0 0.5835625 0.36535185185185187 0.02179687500000001 0.053546296296296335
0 0.6438124999999999 0.40871296296296294 0.028380208333333337 0.04951851851851854
0 0.7552916666666666 0.4148888888888889 0.02582812499999996 0.032240740740740785
0 0.8415885416666666 0.41565740740740736 0.010921875000000015 0.02362037037037036
0 0.837421875 0.4986666666666666 0.019255208333333346 0.031287037037037
0 0.5752395833333334 0.7679907407407408 0.016562500000000004 0.04586111111111109
0 0.6300260416666668 0.7979259259259259 0.02321354166666669 0.027953703703703727
0 0.5139479166666666 0.9349444444444445 0.017104166666666667 0.03902777777777776
0 0.5934739583333334 0.9431203703703704 0.013432291666666662 0.03872222222222227
0 0.6885677083333334 0.9589444444444443 0.025255208333333338 0.02654629629629626
0 0.7759635416666666 0.968888888888889 0.029697916666666657 0.029148148148148166
0 0.7043177083333333 0.9747685185185185 0.022213541666666656 0.03895370370370375
0 0.8067708333333333 0.9828703703703704 0.015625 0.032407407407407406
2 0.678125 0.9861111111111112 0.029166666666666667 0.025925925925925925
0 0.6544270833333333 0.9902777777777778 0.025520833333333333 0.017592592592592594