2 0.5907135416666667 0.3756851851851852 0.01751041666666667 0.044574074074074065
0 0.9403645833333333 0.7523148148148148 0.0765625 0.05324074074074074
0 0.7390625 0.7537037037037037 0.030729166666666665 0.07361111111111111
0 0.85546875 0.7611111111111111 0.04635416666666667 0.0712962962962963
0 0.8997395833333334 0.7949074074074074 0.06614583333333333 0.03935185185185185
0 0.5734375 0.8162037037037037 0.06953125 0.06388888888888888
0 0.9796875 0.8328703703703704 0.03958333333333333 0.032407407407407406
0 0.915625 0.8388888888888889 0.071875 0.04027777777777778
0 0.5276041666666667 0.8472222222222222 0.05520833333333333 0.046296296296296294
0 0.6140625 0.850925925925926 0.0984375 0.032407407407407406
0 0.7947916666666667 0.8541666666666666 0.08645833333333333 0.03148148148148148
3 0.7067708333333333 0.8560185185185185 0.047135416666666666 0.11898148148148148
0 0.88984375 0.8736111111111111 0.08072916666666667 0.03611111111111111
0 0.94296875 0.8777777777777778 0.03802083333333333 0.06944444444444445
0 0.6158854166666666 0.8902777777777777 0.09505208333333333 0.033796296296296297
0 0.7791666666666667 0.8912037037037037 0.08020833333333334 0.03425925925925926
0 0.990625 0.8916666666666667 0.017708333333333333 0.027777777777777776
0 0.525 0.8939814814814815 0.04973958333333333 0.041666666666666664
0 0.8489583333333334 0.9078703703703703 0.05234375 0.07037037037037037
0 0.8984375 0.9273148148148148 0.0421875 0.06759259259259259
0 0.9872395833333333 0.9398148148148148 0.024479166666666666 0.05740740740740741
0 0.8151041666666666 0.9402777777777778 0.07864583333333333 0.04351851851851852
0 0.5877604166666667 0.9449074074074074 0.07890625 0.0625
0 0.5315104166666667 0.9458333333333333 0.06302083333333333 0.07361111111111111
0 0.7049479166666667 0.9601851851851851 0.03723958333333333 0.07916666666666666
0 0.6611979166666667 0.962037037037037 0.04114583333333333 0.07407407407407407
0 0.9229166666666667 0.9638888888888889 0.04739583333333333 0.07083333333333333
0 0.9596354166666666 0.7083333333333334 0.07942708333333333 0.027777777777777776
0 0.77734375 0.9666666666666667 0.07239583333333334 0.06481481481481481
0 0.9520833333333333 0.9712962962962963 0.042708333333333334 0.05648148148148148
0 0.6161458333333333 0.9712962962962963 0.05546875 0.05694444444444444
0 0.5309895833333333 0.9861111111111112 0.06197916666666667 0.025925925925925925