0 0.5533854166666666 0.01044504995458674 0.022395833333333334 0.02089009990917348
0 0.33541666666666664 0.009082652134423252 0.03125 0.018165304268846504
0 0.36489583333333336 0.02023614895549498 0.03725520833333333 0.030181653042688456
0 0.38998958333333333 0.03794732061762032 0.01519791666666667 0.06014532243415077
0 0.9289635416666666 0.05323342415985469 0.02525000000000001 0.03803814713896457
0 0.9636875 0.05489554950045413 0.028041666666666742 0.03955495004541326
0 0.9877604166666667 0.0971843778383288 0.0234375 0.025431425976385105
0 0.9677708333333332 0.1012079927338783 0.014322916666666666 0.05588555858310625
0 0.9634270833333333 0.1432879200726612 0.022312500000000075 0.0528519527702089
0 0.594359375 0.14903723887375112 0.018953125000000022 0.049818346957311556
0 0.8796458333333333 0.1503996366939146 0.021296874999999934 0.057992733878292485
0 0.41056770833333334 0.15221616712079925 0.014499999999999987 0.03256130790190738
0 0.7587916666666668 0.15675749318801088 0.020640625000000058 0.06344232515894643
0 0.9491875000000001 0.17522252497729338 0.016749999999999925 0.04950953678474113
0 0.938421875 0.2089736603088102 0.013968750000000085 0.057075386012715744
0 0.7085260416666667 0.24455040871934605 0.029161458333333338 0.02830154405086285
0 0.9448489583333333 0.26921889191643955 0.018484374999999886 0.06128973660308812
0 0.3680260416666667 0.30661217075386016 0.035671875000000006 0.03286103542234328
0 0.49998437500000004 0.31416893732970025 0.02332291666666665 0.05492279745685743
0 0.6500989583333333 0.34445049954586743 0.0230833333333333 0.055267938237965504
0 0.3589114583333333 0.3533787465940055 0.030979166666666662 0.026158038147138924
0 0.6848281249999999 0.44403269754768393 0.0203125 0.05065395095367846
0 0.6440208333333334 0.4440417801998183 0.0324583333333333 0.02764759309718443
0 0.6411458333333333 0.4673024523160763 0.034375 0.022706630336058128
0 0.715625 0.47002724795640327 0.020833333333333332 0.01725703905540418