0 0.08645833333333333 0.10833333333333334 0.029947916666666668 0.04351851851851852
0 0.12109375 0.12175925925925926 0.02578125 0.07037037037037037
0 0.058854166666666666 0.13240740740740742 0.015625 0.06620370370370371
0 0.10052083333333334 0.14166666666666666 0.015625 0.04953703703703704
0 0.07578125 0.15 0.015104166666666667 0.05555555555555555
0 0.13489583333333333 0.15324074074074073 0.031510416666666666 0.03425925925925926
0 0.04401041666666667 0.15601851851851853 0.01796875 0.07824074074074074
0 0.1109375 0.18101851851851852 0.016145833333333335 0.07037037037037037
0 0.12630208333333334 0.18703703703703703 0.015364583333333333 0.06388888888888888
0 0.16822916666666668 0.19398148148148148 0.018489583333333334 0.059722222222222225
0 0.20442708333333334 0.19444444444444445 0.02890625 0.044444444444444446
0 0.07109375 0.19675925925925927 0.02890625 0.053703703703703705
0 0.19921875 0.21157407407407408 0.03307291666666667 0.03611111111111111
0 0.11796875 0.2162037037037037 0.02109375 0.07546296296296297
0 0.17265625 0.225 0.03203125 0.044444444444444446
0 0.22057291666666667 0.2361111111111111 0.025260416666666667 0.02361111111111111
0 0.18645833333333334 0.24074074074074073 0.03307291666666667 0.04351851851851852
0 0.04479166666666667 0.24259259259259258 0.015625 0.0824074074074074
0 0.07942708333333333 0.24675925925925926 0.019010416666666665 0.06805555555555555
0 0.24427083333333333 0.24675925925925926 0.026822916666666665 0.060648148148148145
0 0.12760416666666666 0.24953703703703703 0.03046875 0.06111111111111111
0 0.1484375 0.2550925925925926 0.016666666666666666 0.06620370370370371
0 0.18489583333333334 0.2574074074074074 0.024739583333333332 0.03796296296296296
0 0.008333333333333333 0.2800925925925926 0.016666666666666666 0.03611111111111111
3 0.21536458333333333 0.2912037037037037 0.040364583333333336 0.09907407407407408
0 0.06041666666666667 0.2967592592592593 0.04088541666666667 0.02361111111111111
0 0.15 0.3055555555555556 0.04244791666666667 0.037037037037037035
0 0.09401041666666667 0.30648148148148147 0.022135416666666668 0.0837962962962963
0 0.19114583333333332 0.3087962962962963 0.015104166666666667 0.06805555555555555
0 0.178125 0.3111111111111111 0.0109375 0.044444444444444446
0 0.36796875 0.3148148148148148 0.02265625 0.07407407407407407
0 0.33619791666666665 0.3287037037037037 0.03984375 0.06805555555555555
0 0.31640625 0.34074074074074073 0.03671875 0.062037037037037036
0 0.15130208333333334 0.3416666666666667 0.03515625 0.028703703703703703
0 0.27109375 0.3472222222222222 0.03828125 0.03518518518518519
0 0.061197916666666664 0.35185185185185186 0.03463541666666667 0.06620370370370371
0 0.2552083333333333 0.37777777777777777 0.04765625 0.037037037037037035
0 0.03229166666666667 0.4300925925925926 0.030989583333333334 0.050462962962962966
0 0.22604166666666667 0.45416666666666666 0.03723958333333333 0.08055555555555556
0 0.2981770833333333 0.4787037037037037 0.040364583333333336 0.05138888888888889
1 0.24348958333333334 0.4898148148148148 0.05234375 0.05694444444444444
0 0.27630208333333334 0.5152777777777777 0.026822916666666665 0.03194444444444444
0 0.24947916666666667 0.5282407407407408 0.018229166666666668 0.031018518518518518
0 0.04895833333333333 0.0824074074074074 0.03984375 0.03935185185185185
0 0.8448802083333333 0.46426851851851847 0.013529296874999966 0.03978645833333324
0 0.3734375 0.9644259259259259 0.014559570312500015 0.041618634259259366