0 0.858578125 0.14479629629629628 0.019255208333333346 0.030277777777777768
0 0.910140625 0.16800925925925925 0.019119791666666684 0.020342592592592617
0 0.7110260416666667 0.1821574074074074 0.014453125 0.03012962962962965
0 0.7727395833333334 0.22241666666666668 0.025119791666666676 0.02850925925925928
0 0.9554739583333334 0.24985185185185182 0.026005208333333366 0.02944444444444443
0 0.9142552083333333 0.026046296296296293 0.020557291666666682 0.03272222222222222
0 0.8380833333333333 0.28259259259259256 0.021286458333333334 0.030509259259259302
0 0.9207083333333334 0.2839351851851852 0.01761458333333333 0.028361111111111108
0 0.7278645833333334 0.38055555555555554 0.022395833333333334 0.016666666666666666
0 0.8526041666666667 0.37962962962962965 0.025 0.018518518518518517
0 0.70546875 0.38101851851851853 0.022395833333333334 0.01574074074074074
0 0.746875 0.38472222222222224 0.021875 0.008333333333333333
0 0.891984375 0.059055555555555556 0.018588541666666694 0.03593518518518519
0 0.8642395833333333 0.07166666666666667 0.024239583333333314 0.033787037037037046
0 0.26901041666666664 0.6662037037037037 0.16119791666666666 0.16944444444444445