0 0.018489583333333334 0.19583333333333333 0.03697916666666667 0.12638888888888888
3 0.26614583333333336 0.2050925925925926 0.06979166666666667 0.13287037037037036
0 0.39765625 0.022685185185185187 0.035416666666666666 0.04537037037037037
0 0.31744791666666666 0.027314814814814816 0.0625 0.05462962962962963
0 0.028125 0.3875 0.05625 0.0824074074074074
0 0.24479166666666666 0.3962962962962963 0.06979166666666667 0.04537037037037037
0 0.44244791666666666 0.4060185185185185 0.0640625 0.05
0 0.06328125 0.043055555555555555 0.05260416666666667 0.06574074074074074
0 0.49140625 0.4273148148148148 0.025520833333333333 0.06111111111111111
0 0.15911458333333334 0.044444444444444446 0.05677083333333333 0.08888888888888889
0 0.22786458333333334 0.058333333333333334 0.06067708333333333 0.07962962962962963
0 0.026302083333333334 0.07777777777777778 0.04765625 0.1
0 0.3611979166666667 0.12037037037037036 0.06328125 0.040740740740740744
0 0.11041666666666666 0.0125 0.03697916666666667 0.025
0 0.7625833333333333 0.1591759259259259 0.031223958333333357 0.027834490740740715
0 0.6565052083333334 0.8776944444444444 0.03068098958333335 0.03339004629629627