0 0.08645833333333333 0.09444444444444444 0.029947916666666668 0.03796296296296296
0 0.12109375 0.10648148148148148 0.02578125 0.06111111111111111
0 0.058854166666666666 0.11527777777777778 0.015625 0.05740740740740741
0 0.10052083333333334 0.12361111111111112 0.015625 0.043055555555555555
0 0.07578125 0.1310185185185185 0.015104166666666667 0.04861111111111111
0 0.13489583333333333 0.13333333333333333 0.031510416666666666 0.02962962962962963
0 0.04401041666666667 0.1361111111111111 0.01796875 0.06851851851851852
0 0.1109375 0.15787037037037038 0.016145833333333335 0.06111111111111111
0 0.12630208333333334 0.16296296296296298 0.015364583333333333 0.056018518518518516
0 0.16822916666666668 0.16898148148148148 0.018489583333333334 0.052314814814814814
0 0.20442708333333334 0.16944444444444445 0.02890625 0.03888888888888889
0 0.07109375 0.17175925925925925 0.02890625 0.04675925925925926
0 0.19921875 0.18425925925925926 0.03307291666666667 0.03148148148148148
0 0.11796875 0.1884259259259259 0.02109375 0.06574074074074074
0 0.17265625 0.1962962962962963 0.03203125 0.03888888888888889
0 0.22057291666666667 0.20601851851851852 0.025260416666666667 0.020833333333333332
0 0.18645833333333334 0.20972222222222223 0.03307291666666667 0.03796296296296296
0 0.04479166666666667 0.21157407407407408 0.015625 0.07175925925925926
0 0.07942708333333333 0.2152777777777778 0.019010416666666665 0.05925925925925926
0 0.24427083333333333 0.2152777777777778 0.026822916666666665 0.05324074074074074
0 0.12760416666666666 0.2175925925925926 0.03046875 0.05324074074074074
0 0.1484375 0.22268518518518518 0.016666666666666666 0.05740740740740741
0 0.18489583333333334 0.22453703703703703 0.024739583333333332 0.03333333333333333
0 0.008333333333333333 0.24444444444444444 0.016666666666666666 0.03148148148148148
3 0.21536458333333333 0.2537037037037037 0.040364583333333336 0.08657407407407407
0 0.06041666666666667 0.2587962962962963 0.04088541666666667 0.020833333333333332
0 0.15 0.2662037037037037 0.04244791666666667 0.032407407407407406
0 0.09401041666666667 0.2671296296296296 0.022135416666666668 0.07268518518518519
0 0.19114583333333332 0.26944444444444443 0.015104166666666667 0.05925925925925926
0 0.178125 0.2712962962962963 0.0109375 0.03888888888888889
0 0.36796875 0.274537037037037 0.02265625 0.06481481481481481
0 0.33619791666666665 0.2865740740740741 0.03984375 0.05925925925925926
0 0.31640625 0.2972222222222222 0.03671875 0.05416666666666667
0 0.15130208333333334 0.29768518518518516 0.03515625 0.025
0 0.27109375 0.30277777777777776 0.03828125 0.030555555555555555
0 0.061197916666666664 0.30694444444444446 0.03463541666666667 0.05740740740740741
0 0.2552083333333333 0.32916666666666666 0.04765625 0.032407407407407406
0 0.03229166666666667 0.375 0.030989583333333334 0.04398148148148148
0 0.22604166666666667 0.3958333333333333 0.03723958333333333 0.07037037037037037
0 0.2981770833333333 0.41759259259259257 0.040364583333333336 0.04490740740740741
1 0.24348958333333334 0.4273148148148148 0.05234375 0.04953703703703704
0 0.27630208333333334 0.449537037037037 0.026822916666666665 0.027777777777777776
0 0.24947916666666667 0.46064814814814814 0.018229166666666668 0.026851851851851852
0 0.04895833333333333 0.07222222222222222 0.03984375 0.03425925925925926
2 0.7044322916666667 0.029083333333333305 0.015081054687500029 0.03978645833333324
0 0.45208333333333334 0.5712962962962963 0.06458333333333334 0.18333333333333332
0 0.8744791666666667 0.5833333333333334 0.090625 0.2074074074074074
0 0.5414010416666667 0.6382592592592592 0.13178352864583331 0.09722337962962965
0 0.8521406250000001 0.727175925925926 0.08227962239583336 0.2842609953703703
0 0.9420208333333334 0.7737962962962963 0.08178515625000007 0.26019444444444456
3 0.7757968749999999 0.7850277777777777 0.05886588541666669 0.4064618055555557
0 0.4554322916666667 0.8438425925925926 0.06303906249999998 0.27494444444444427
0 0.6576979166666667 0.9038981481481482 0.15520540364583332 0.12589293981481478
0 0.54453125 0.5180555555555556 0.1515625 0.07685185185185185
0 0.92421875 0.9550925925925926 0.15052083333333333 0.08796296296296297
0 0.6716145833333333 0.9796296296296296 0.12552083333333333 0.03888888888888889
0 0.9557291666666666 0.5532407407407407 0.0875 0.14722222222222223
0 0.6533854166666667 0.5532407407407407 0.1296875 0.14722222222222223