0 0.6162395833333333 0.2391111111111111 0.01334895833333333 0.039962962962962936
2 0.6652916666666667 0.26904629629629634 0.024994791666666672 0.03686111111111106
2 0.5803854166666668 0.2755277777777778 0.016984375000000006 0.0313055555555555
2 0.5062395833333333 0.29527777777777775 0.018114583333333333 0.04858333333333336
0 0.6125052083333333 0.29913888888888895 0.011088541666666663 0.0507407407407407
0 0.7462916666666667 0.31780555555555556 0.03071354166666668 0.026972222222222217
0 0.779375 0.3270648148148148 0.026072916666666637 0.04178703703703703
0 0.8144427083333333 0.415324074074074 0.032260416666666694 0.03188888888888894
0 0.07846874999999999 0.7665833333333333 0.030515625000000008 0.033787037037037046
0 0.876828125 0.8351018518518518 0.018906249999999975 0.04489814814814816
2 0.931265625 0.8755277777777778 0.02465104166666663 0.02574999999999995
0 0.8811718749999999 0.876925925925926 0.013005208333333348 0.028870370370370324
0 0.8358489583333333 0.890962962962963 0.019307291666666632 0.052907407407407396
0 0.9932291666666667 0.9189814814814815 0.0125 0.032407407407407406
0 0.6609375 0.9791666666666666 0.021875 0.03981481481481482