0 0.9010416666666666 0.006944444444444444 0.026041666666666668 0.013888888888888888
0 0.9511875 0.024333333333333308 0.02669791666666666 0.03797222222222221
0 0.9017604166666667 0.03143518518518518 0.023062499999999986 0.028712962962962968
0 0.888796875 0.049333333333333305 0.026296875000000004 0.02747222222222223
0 0.9186614583333333 0.07155555555555553 0.020921875000000038 0.03672222222222222
0 0.8755989583333333 0.07237962962962964 0.024906249999999967 0.017796296296296296
0 0.889546875 0.09202777777777776 0.02428645833333339 0.020259259259259255
0 0.8793020833333334 0.13749074074074075 0.020468749999999977 0.02477777777777777
0 0.84375 0.3388888888888889 0.014583333333333334 0.020370370370370372
0 0.01796875 0.7226851851851852 0.0359375 0.09537037037037037
0 0.676640625 0.47091666666666665 0.02790625000000002 0.035037037037037054
0 0.7424479166666667 0.6057685185185185 0.023817708333333344 0.03438888888888888
0 0.6790729166666668 0.6244444444444445 0.014015624999999983 0.03283333333333337