0 0.7658854166666667 0.003703703703703704 0.025520833333333333 0.007407407407407408
0 0.8174479166666667 0.012962962962962963 0.018229166666666668 0.025925925925925925
2 0.7942708333333334 0.018055555555555554 0.026041666666666668 0.03611111111111111
0 0.7550312499999999 0.02213888888888886 0.009682291666666624 0.038444444444444455
0 0.7660572916666666 0.025842592592592563 0.013057291666666634 0.04955555555555557
0 0.7349739583333333 0.0397222222222222 0.029390625000000004 0.022657407407407407
0 0.6352239583333333 0.10977777777777772 0.022151041666666652 0.03683333333333332
2 0.7039791666666666 0.28505555555555556 0.02158854166666669 0.0540648148148148
2 0.06154687499999998 0.8496018518518519 0.018546875000000008 0.04612037037037032
0 0.6085885416666666 0.8042499999999999 0.018875000000000006 0.05171296296296298
0 0.7077083333333333 0.9351759259259259 0.030114583333333358 0.024203703703703797
0 0.677109375 0.950425925925926 0.02791666666666668 0.021305555555555546
0 0.6632708333333334 0.9700185185185184 0.019770833333333352 0.04503703703703713
0 0.6861302083333333 0.9772499999999998 0.013640625000000028 0.03190740740740744