0 0.014583333333333334 0.5486111111111112 0.029166666666666667 0.06388888888888888
0 0.33229166666666665 0.45416666666666666 0.04791666666666667 0.028703703703703703
0 0.33984375 0.6092592592592593 0.05963541666666667 0.0875
2 0.14401041666666667 0.6393518518518518 0.05572916666666667 0.07453703703703704
0 0.2708333333333333 0.6680555555555555 0.050520833333333334 0.1087962962962963
0 0.21640625 0.6847222222222222 0.05963541666666667 0.08611111111111111
0 0.05520833333333333 0.7351851851851852 0.029947916666666668 0.1
0 0.016145833333333335 0.774537037037037 0.03229166666666667 0.08518518518518518
2 0.12942708333333333 0.8194444444444444 0.0515625 0.09398148148148149
0 0.3458333333333333 0.8462962962962963 0.05234375 0.0962962962962963
0 0.221875 0.899074074074074 0.053125 0.07777777777777778
2 0.09010416666666667 0.9393518518518519 0.052083333333333336 0.08287037037037037
0 0.38177083333333334 0.9444444444444444 0.0453125 0.04814814814814815
0 0.025 0.9731481481481481 0.05 0.05185185185185185
0 0.3015625 0.9787037037037037 0.039322916666666666 0.04212962962962963
0 0.20520833333333333 0.9861111111111112 0.03229166666666667 0.025925925925925925
2 0.04479166666666667 0.5018518518518519 0.05130208333333333 0.08888888888888889
0 0.3458333333333333 0.5074074074074074 0.06015625 0.058333333333333334
2 0.17421875 0.5370370370370371 0.05572916666666667 0.08564814814814815
0 0.4044270833333333 0.5407407407407407 0.009895833333333333 0.04814814814814815
0 0.5240104166666667 0.6919074074074074 0.01952083333333334 0.04615740740740743
0 0.6946979166666668 0.7169074074074074 0.03381250000000004 0.030722222222222175
0 0.6611875 0.7199907407407407 0.02720312500000001 0.02578703703703706
0 0.6891406250000001 0.749925925925926 0.026864583333333324 0.04490740740740741
0 0.5670729166666667 0.8286203703703704 0.015192708333333312 0.03192592592592594
0 0.7360260416666667 0.8477592592592593 0.01229166666666662 0.05201851851851847
0 0.8172864583333334 0.8497685185185185 0.01856770833333338 0.05725925925925929
2 0.5830468750000001 0.8514537037037038 0.018661458333333356 0.05537962962962958
0 0.8438541666666667 0.8516111111111111 0.034203125000000036 0.027907407407407395
0 0.7265625 0.85825 0.011072916666666661 0.04954629629629629
2 0.62003125 0.8647222222222222 0.021776041666666638 0.04858333333333336
0 0.7750937499999999 0.873675925925926 0.019598958333333392 0.04462037037037042
0 0.8178072916666667 0.8767685185185184 0.017526041666666714 0.05325925925925924
0 0.47165624999999994 0.8955833333333334 0.017479166666666667 0.043638888888888935
0 0.6919270833333333 0.9712962962962963 0.0203125 0.05555555555555555
0 0.53515625 0.9935185185185185 0.019270833333333334 0.011111111111111112