0 0.13567708333333334 0.09212962962962963 0.046875 0.037037037037037035
0 0.19036458333333334 0.10416666666666667 0.040364583333333336 0.059722222222222225
0 0.09244791666666667 0.11296296296296296 0.024739583333333332 0.05648148148148148
0 0.1578125 0.12083333333333333 0.024739583333333332 0.04212962962962963
0 0.11927083333333334 0.12824074074074074 0.023958333333333335 0.047685185185185185
0 0.21197916666666666 0.13055555555555556 0.049479166666666664 0.029166666666666667
0 0.06927083333333334 0.13333333333333333 0.028125 0.06712962962962964
0 0.17421875 0.15462962962962962 0.025520833333333333 0.059722222222222225
0 0.1984375 0.15925925925925927 0.023958333333333335 0.05462962962962963
0 0.2643229166666667 0.16574074074074074 0.02890625 0.05092592592592592
0 0.32135416666666666 0.16574074074074074 0.0453125 0.03796296296296296
0 0.11197916666666667 0.16805555555555557 0.0453125 0.04583333333333333
0 0.31302083333333336 0.18055555555555555 0.052083333333333336 0.031018518518518518
0 0.18567708333333333 0.18472222222222223 0.03307291666666667 0.06435185185185185
0 0.2716145833333333 0.19212962962962962 0.05026041666666667 0.03796296296296296
0 0.34661458333333334 0.2013888888888889 0.03958333333333333 0.020370370370370372
0 0.29322916666666665 0.20555555555555555 0.05182291666666667 0.037037037037037035
0 0.07057291666666667 0.20694444444444443 0.024739583333333332 0.07037037037037037
0 0.12473958333333333 0.21064814814814814 0.0296875 0.058333333333333334
0 0.3841145833333333 0.21064814814814814 0.0421875 0.05185185185185185
0 0.20052083333333334 0.21296296296296297 0.04791666666666667 0.05185185185185185
0 0.23333333333333334 0.2175925925925926 0.026302083333333334 0.05648148148148148
0 0.290625 0.2199074074074074 0.038802083333333334 0.032407407407407406
0 0.01328125 0.23935185185185184 0.026302083333333334 0.031018518518518518
3 0.33828125 0.24861111111111112 0.06354166666666666 0.08472222222222223
0 0.09505208333333333 0.25324074074074077 0.06432291666666666 0.020370370370370372
0 0.23567708333333334 0.26064814814814813 0.06692708333333333 0.03194444444444444
0 0.14765625 0.26157407407407407 0.03463541666666667 0.0712962962962963
0 0.30052083333333335 0.26342592592592595 0.023958333333333335 0.05787037037037037
0 0.28020833333333334 0.2657407407407407 0.0171875 0.03796296296296296
0 0.5783854166666667 0.26851851851851855 0.035416666666666666 0.06342592592592593
0 0.5286458333333334 0.28055555555555556 0.06276041666666667 0.058333333333333334
0 0.4973958333333333 0.29074074074074074 0.0578125 0.05277777777777778
0 0.23802083333333332 0.2916666666666667 0.05520833333333333 0.024537037037037038
0 0.42604166666666665 0.2962962962962963 0.06015625 0.03009259259259259
0 0.09635416666666667 0.300462962962963 0.054427083333333334 0.05648148148148148
0 0.40130208333333334 0.32222222222222224 0.075 0.03148148148148148
0 0.05078125 0.36712962962962964 0.04869791666666667 0.043055555555555555
0 0.35520833333333335 0.3875 0.05859375 0.06851851851851852
0 0.46875 0.40879629629629627 0.06354166666666666 0.04398148148148148
1 0.38255208333333335 0.41805555555555557 0.08229166666666667 0.04861111111111111
0 0.434375 0.4398148148148148 0.0421875 0.027314814814814816
0 0.3921875 0.45092592592592595 0.02890625 0.02638888888888889
0 0.07682291666666667 0.07037037037037037 0.06276041666666667 0.03333333333333333
0 0.8655885416666667 0.12336111111111113 0.026566731770833248 0.03796990740740735
0 0.36380208333333336 0.8792407407407408 0.0109134114583334 0.028655671296296405
0 0.406515625 0.8851018518518519 0.012997721354166695 0.0314525462962963