0 0.7398385416666666 0.1622685185185185 0.030338541666666666 0.03625925925925923
0 0.7596354166666667 0.23293518518518525 0.017843749999999995 0.02945370370370368
0 0.7343697916666667 0.2360185185185185 0.026692708333333332 0.02081481481481483
0 0.6613541666666667 0.29357407407407404 0.01711979166666667 0.05505555555555559
0 0.804171875 0.34835185185185186 0.032963541666666644 0.026953703703703716
0 0.3348125 0.7267777777777779 0.022421874999999977 0.0356574074074074
0 0.18279166666666669 0.7493055555555556 0.019166666666666644 0.05108333333333335
0 0.3794427083333333 0.7689074074074074 0.035588541666666626 0.02175925925925926
0 0.24688020833333332 0.79125 0.01502083333333335 0.03103703703703702
0 0.3685 0.798537037037037 0.013703124999999972 0.0412037037037037
0 0.31509375 0.8125 0.026229166666666616 0.022287037037037032
0 0.4179010416666666 0.8252222222222222 0.030213541666666663 0.032546296296296275
2 0.34453645833333335 0.8263055555555555 0.01161458333333331 0.022694444444444437
0 0.2314791666666667 0.8281018518518519 0.020817708333333348 0.023722222222222228
0 0.29885416666666664 0.8345277777777778 0.010765625000000037 0.037925925925925905
0 0.3881197916666667 0.8351018518518518 0.02205729166666662 0.022666666666666682
0 0.31161979166666665 0.8425 0.017192708333333327 0.032259259259259286
0 0.248703125 0.8528425925925927 0.027005208333333346 0.025157407407407396
2 0.27901562500000004 0.8530555555555556 0.026473958333333325 0.031740740740740715
0 0.3787447916666667 0.8562407407407407 0.026229166666666616 0.022083333333333354
0 0.35356770833333334 0.8687407407407407 0.029677083333333344 0.024870370370370383
0 0.410953125 0.8708981481481481 0.016322916666666624 0.038703703703703685
2 0.30617187500000004 0.8729629629629629 0.028437499999999952 0.035129629629629656
0 0.267234375 0.8847499999999999 0.02677083333333335 0.0272037037037037
0 0.39497916666666666 0.9076203703703704 0.019791666666666666 0.045481481481481484
0 0.26344270833333333 0.9108333333333334 0.02983854166666665 0.02565740740740744
0 0.26546875000000003 0.9353796296296296 0.024937500000000026 0.032129629629629675
0 0.380828125 0.9364722222222223 0.019614583333333376 0.02726851851851856
0 0.28915104166666666 0.9472685185185185 0.02844270833333328 0.026222222222222268
0 0.808546875 0.8840462962962963 0.016713541666666623 0.05760185185185186