0 0.023177083333333334 0.27314814814814814 0.04635416666666667 0.1763888888888889
3 0.3338541666666667 0.28564814814814815 0.08776041666666666 0.18472222222222223
0 0.4986979166666667 0.03148148148148148 0.044270833333333336 0.06296296296296296
0 0.39817708333333335 0.038425925925925926 0.07864583333333333 0.07685185185185185
0 0.03515625 0.5398148148148149 0.07005208333333333 0.11296296296296296
0 0.30703125 0.5523148148148148 0.08776041666666666 0.06296296296296296
0 0.5549479166666667 0.5652777777777778 0.08046875 0.06944444444444445
0 0.07942708333333333 0.06018518518518518 0.06614583333333333 0.0912037037037037
0 0.6161458333333333 0.5972222222222222 0.030989583333333334 0.08472222222222223
0 0.19973958333333333 0.062037037037037036 0.07109375 0.12407407407407407
0 0.28567708333333336 0.08148148148148149 0.07630208333333334 0.1111111111111111
0 0.03307291666666667 0.1087962962962963 0.059895833333333336 0.13935185185185187
0 0.453125 0.16805555555555557 0.07942708333333333 0.05648148148148148
0 0.13828125 0.018518518518518517 0.04739583333333333 0.037037037037037035
2 0.7497395833333333 0.8564814814814815 0.10338541666666666 0.1648148148148148