0 0.7285520833333334 0.4318611111111111 0.026609375000000015 0.03655555555555557
0 0.49413541666666666 0.7434537037037038 0.012114583333333328 0.05419444444444442
0 0.32284375 0.8071851851851852 0.015098958333333337 0.05016666666666662
0 0.2698802083333333 0.825851851851852 0.02624479166666669 0.04862037037037036
0 0.24340625000000002 0.8378888888888889 0.03018229166666669 0.02454629629629629
2 0.20624479166666668 0.8642777777777778 0.023312499999999996 0.05324074074074074
2 0.08591145833333333 0.9256851851851852 0.024385416666666663 0.03902777777777776
0 0.2710104166666667 0.9412685185185186 0.022942708333333308 0.023907407407407454
0 0.28646354166666665 0.9633425925925925 0.018385416666666644 0.02640740740740739
2 0.1125 0.975462962962963 0.03333333333333333 0.04722222222222222
0 0.25833333333333336 0.9930555555555556 0.011458333333333333 0.012037037037037037
0 0.21692708333333333 0.9953703703703703 0.0140625 0.007407407407407408
0 0.8817708333333333 0.5731481481481482 0.08229166666666667 0.12777777777777777
0 0.77875 0.5712407407407408 0.11416666666666668 0.12319444444444445
0 0.7234010416666667 0.6225462962962963 0.07638541666666665 0.1771851851851852
0 0.666796875 0.6413703703703705 0.04659374999999999 0.19372222222222224
0 0.6260416666666667 0.6523148148148148 0.052083333333333336 0.2101851851851852
0 0.9489583333333333 0.6621759259259259 0.06430208333333336 0.18353703703703705
3 0.790671875 0.7457870370370371 0.09636458333333332 0.25006481481481474
0 0.9671875 0.750462962962963 0.06458333333333334 0.1712962962962963
0 0.8862447916666667 0.7815740740740741 0.10323958333333334 0.09594444444444444
0 0.6286458333333333 0.8245370370370371 0.057291666666666664 0.15462962962962962
0 0.9825520833333333 0.8472222222222222 0.033854166666666664 0.0962962962962963
0 0.7950833333333333 0.8710833333333333 0.09409374999999999 0.15790740740740739
0 0.6638645833333333 0.8911481481481482 0.07589583333333334 0.16408333333333336
0 0.9152708333333334 0.9123425925925926 0.09033333333333336 0.14683333333333332
0 0.61484375 0.9273148148148148 0.0296875 0.11203703703703703
0 0.8510416666666667 0.9421296296296297 0.03958333333333333 0.11388888888888889
0 0.8111979166666666 0.9597222222222223 0.0328125 0.0787037037037037
0 0.7888020833333333 0.9800925925925926 0.0359375 0.03796296296296296
0 0.7213541666666666 0.9893518518518518 0.040625 0.019444444444444445
0 0.6333333333333333 0.5300925925925926 0.06666666666666667 0.041666666666666664
0 0.7880208333333333 0.5305555555555556 0.08854166666666667 0.04259259259259259
0 0.9471354166666667 0.5402777777777777 0.058854166666666666 0.062037037037037036