0 0.1881881881881882 0.5373333333333333 0.07007007007007007 0.024
0 0.011511511511511512 0.064 0.023023023023023025 0.07066666666666667
2 0.18489489489489494 0.06537333333333334 0.0835904654654655 0.06134249999999997
0 0.4212362362362363 0.11838666666666661 0.07456800550550553 0.06067708333333333
2 0.1692792792792793 0.17425333333333334 0.07660160160160147 0.058035
0 0.4461961961961962 0.24833333333333332 0.026526526526526525 0.05533333333333333
0 0.2884634634634634 0.2701133333333333 0.05204829829829844 0.04801249999999997
2 0.0956206206206206 0.27201333333333333 0.052100850850851005 0.10134416666666675
0 0.4264264264264264 0.3983333333333333 0.06606606606606606 0.06866666666666667
0 0.023523523523523524 0.432 0.04704704704704705 0.05733333333333333
0 0.31754254254254255 0.4367533333333333 0.05260635635635617 0.05736333333333323
0 0.630025025025025 0.04751999999999998 0.03053991491491489 0.03668583333333331
0 0.5677077077077077 0.1839466666666667 0.014003378378378374 0.040042500000000016
0 0.7026126126126127 0.22082666666666667 0.026523711211211207 0.08200625000000006
2 0.7998898898898898 0.26372 0.017005442942942976 0.019299166666666527
0 0.7626826826826828 0.2812733333333333 0.024522960460460482 0.02398000000000002
0 0.7830380380380381 0.2884933333333333 0.01547109609609615 0.03998750000000003
0 0.5668668668668668 0.2911533333333333 0.023539789789789805 0.037338750000000046
0 0.6722422422422422 0.3545933333333333 0.028014264264264305 0.018684999999999945
2 0.6785785785785785 0.4339133333333333 0.025529279279279248 0.038683749999999996
0 0.5328278278278278 0.44758 0.021538413413413383 0.040683333333333245
2 0.2675325325325325 0.8251733333333333 0.12212462462462464 0.12000999999999991
0 0.7533683683683684 0.67082 0.06508133133133145 0.11801166666666661
0 0.6571071071071072 0.6967066666666666 0.13663882632632632 0.10669958333333338
0 0.5568218218218218 0.71382 0.10256131131131133 0.10934333333333325
0 0.9517017017017017 0.753 0.09559559559559559 0.08466666666666667
0 0.7385985985985987 0.8162666666666667 0.09561311311311327 0.17129416666666672
0 0.6746246246246247 0.8321333333333334 0.10961211211211216 0.16066916666666656
0 0.8812812812812812 0.8459133333333333 0.09559121621621601 0.08935041666666665