0 0.8308697916666666 0.06947186147186148 0.0661770833333333 0.08263203463203463
0 0.964078125 0.08742857142857144 0.052822916666666705 0.1223896103896104
0 0.9060052083333333 0.15700432900432898 0.03007291666666667 0.12301298701298705
0 0.9911458333333333 0.19393939393939394 0.016666666666666666 0.12121212121212122
0 0.8123385416666667 0.19435497835497836 0.03801041666666668 0.13037229437229442
0 0.7102864583333334 0.2951948051948052 0.049546875000000025 0.10309956709956714
0 0.9427656249999999 0.2991948051948052 0.05617708333333328 0.1053419913419913
0 0.7471302083333333 0.30977489177489176 0.024911458333333296 0.11880519480519483
0 0.6776770833333333 0.3392727272727273 0.04683333333333331 0.10469264069264066
0 0.8387708333333334 0.35498701298701296 0.05228125000000006 0.08993939393939393
0 0.5486041666666667 0.39266666666666666 0.035390624999999995 0.05177489177489174
0 0.5104010416666667 0.395064935064935 0.03771875000000001 0.06619913419913423
0 0.599734375 0.39699567099567096 0.03215104166666668 0.05080519480519476
0 0.9776041666666667 0.40476190476190477 0.04375 0.0683982683982684
0 0.8582552083333332 0.40629437229437226 0.07813020833333333 0.046025974025974
0 0.7191510416666667 0.4131861471861472 0.04151562500000002 0.08510822510822506
0 0.6466145833333333 0.4264069264069264 0.050520833333333334 0.06493506493506493
0 0.8856770833333333 0.4367965367965368 0.0703125 0.04415584415584416
0 0.7421875 0.44242424242424244 0.05625 0.0329004329004329
0 0.7955729166666666 0.43982683982683984 0.0421875 0.0380952380952381
0 0.4957447916666667 0.8732294372294372 0.026520833333333337 0.03793939393939398