0 0.7503489583333334 0.29654629629629625 0.013223958333333325 0.04148148148148144
0 0.7530416666666667 0.33882407407407406 0.01513020833333334 0.04951851851851854
0 0.8566197916666667 0.34962037037037036 0.018062499999999974 0.053842592592592574
0 0.7036458333333333 0.37407407407407406 0.007291666666666667 0.05
2 0.7572343749999999 0.4462592592592593 0.023984375000000006 0.031129629629629636
0 0.7695989583333334 0.44904629629629633 0.015088541666666674 0.028925925925925935
0 0.7226197916666666 0.44926851851851857 0.019031249999999996 0.040064814814814796
2 0.733828125 0.46596296296296297 0.024812499999999998 0.033750000000000044
2 0.7049479166666667 0.4773148148148148 0.009895833333333333 0.028703703703703703
0 0.832390625 0.4943518518518518 0.021010416666666684 0.03562037037037039
0 0.786640625 0.49697222222222226 0.01772395833333332 0.04641666666666672
0 0.7488750000000001 0.5338518518518518 0.02029166666666667 0.02943518518518515
0 0.119265625 0.8817407407407407 0.023572916666666662 0.023361111111111128
0 0.04642708333333333 0.8937777777777778 0.02893229166666667 0.03262037037037039