0 0.6018177083333334 0.24621296296296294 0.03242708333333333 0.02637962962962964
0 0.43645833333333334 0.5953703703703703 0.022916666666666665 0.03148148148148148
0 0.16773437500000002 0.6478703703703704 0.019609374999999988 0.04659259259259259
0 0.47534375 0.6897314814814816 0.01829166666666661 0.016879629629629633
0 0.26003645833333333 0.7209722222222222 0.010848958333333355 0.01455555555555558
0 0.49557291666666664 0.725462962962963 0.0078125 0.03796296296296296
0 0.07066145833333333 0.7298425925925927 0.026635416666666658 0.023037037037037033
2 0.19264583333333332 0.7422870370370371 0.05184895833333331 0.0699074074074074
2 0.10853645833333332 0.7921388888888888 0.02556249999999999 0.04346296296296296
0 0.31142187499999996 0.7956111111111112 0.014010416666666714 0.024953703703703693
0 0.3677447916666667 0.8497129629629631 0.04723437500000003 0.05791666666666662
0 0.121828125 0.9209814814814814 0.016338541666666668 0.01412037037037037
0 0.301546875 0.9295648148148148 0.009885416666666676 0.016231481481481458
0 0.29991666666666666 0.9860833333333333 0.022255208333333342 0.0227777777777778