0 0.32005208333333335 0.21064814814814814 0.027083333333333334 0.0625
0 0.2265625 0.24166666666666667 0.08333333333333333 0.022685185185185187
0 0.39166666666666666 0.27175925925925926 0.03515625 0.021296296296296296
0 0.35520833333333335 0.2865740740740741 0.06432291666666666 0.02638888888888889
0 0.29244791666666664 0.2949074074074074 0.07447916666666667 0.02546296296296296
0 0.11119791666666666 0.031018518518518518 0.05078125 0.021296296296296296
0 0.36276041666666664 0.3189814814814815 0.05416666666666667 0.037037037037037035
0 0.07526041666666666 0.36435185185185187 0.07161458333333333 0.03611111111111111
2 0.37864583333333335 0.3819444444444444 0.08463541666666667 0.041666666666666664
2 0.5630208333333333 0.40046296296296297 0.08645833333333333 0.15648148148148147
0 0.22307291666666665 0.6921944444444444 0.03228320312499993 0.01768518518518531