0 0.38776041666666666 0.22777777777777777 0.0328125 0.06759259259259259
0 0.27447916666666666 0.26157407407407407 0.10078125 0.024537037037037038
0 0.4744791666666667 0.29444444444444445 0.042708333333333334 0.023148148148148147
0 0.43020833333333336 0.3106481481481482 0.07786458333333333 0.02824074074074074
0 0.3541666666666667 0.3194444444444444 0.09036458333333333 0.027777777777777776
0 0.13489583333333333 0.033796296296296297 0.06145833333333333 0.023148148148148147
0 0.4393229166666667 0.3453703703703704 0.065625 0.03981481481481482
0 0.09114583333333333 0.39490740740740743 0.08697916666666666 0.03935185185185185
2 0.4588541666666667 0.4134259259259259 0.10260416666666666 0.04537037037037037
0 0.05260416666666667 0.7212962962962963 0.10078125 0.12314814814814815
0 0.42578125 0.7407407407407407 0.08984375 0.05555555555555555
0 0.21145833333333333 0.7949074074074074 0.14036458333333332 0.07592592592592592
3 0.37734375 0.8083333333333333 0.15859375 0.08888888888888889
0 0.5106770833333333 0.8310185185185185 0.08359375 0.06018518518518518
0 0.07291666666666667 0.8768518518518519 0.13671875 0.09722222222222222
0 0.024739583333333332 0.9361111111111111 0.04921875 0.06435185185185185
0 0.33177083333333335 0.5763888888888888 0.039322916666666666 0.06157407407407407
0 0.40546875 0.6162037037037037 0.0984375 0.05277777777777778