0 0.44505208333333335 0.022685185185185187 0.06822916666666666 0.04537037037037037
0 0.27005208333333336 0.03518518518518519 0.09010416666666667 0.07037037037037037
0 0.12005208333333334 0.04722222222222222 0.10052083333333334 0.09444444444444444
0 0.33391145833333336 0.10976851851851853 0.09893424479166661 0.1287812499999999
0 0.06592187499999999 0.11116666666666666 0.0703125 0.16760185185185195
0 0.38446874999999997 0.1401296296296296 0.08020898437500001 0.18053240740740742
0 0.45208333333333334 0.1527777777777778 0.05416666666666667 0.08888888888888889
0 0.45208333333333334 0.15231481481481482 0.05416666666666667 0.08611111111111111
3 0.22384374999999998 0.15912037037037038 0.0801848958333333 0.2472141203703704
0 0.4356770833333333 0.2513888888888889 0.08697916666666666 0.11574074074074074
0 0.14697395833333332 0.25703703703703706 0.07135742187500001 0.14164814814814816
0 0.3572916666666667 0.3152592592592593 0.10828515625000001 0.07679050925925929
0 0.19479166666666667 0.32407407407407407 0.06041666666666667 0.12962962962962962
0 0.2828125 0.35833333333333334 0.05520833333333333 0.06111111111111111
0 0.3533854166666667 0.017592592592592594 0.09947916666666666 0.03518518518518519
0 0.734375 0.01990740740740741 0.020833333333333332 0.03981481481481482
0 0.7139791666666667 0.05732407407407404 0.024477539062500022 0.03330555555555558
0 0.723875 0.06750925925925923 0.01926920572916669 0.049972222222222244
0 0.5587447916666667 0.11811111111111106 0.01822005208333334 0.04731249999999987
0 0.6366041666666666 0.5064074074074075 0.014572265624999995 0.055614583333333356
0 0.48515625 0.5560185185185185 0.0109375 0.03425925925925926
0 0.7769895833333335 0.5576296296296296 0.027601236979166662 0.11389756944444447
2 0.8782187499999999 0.6172037037037037 0.017684244791666616 0.026756944444444267
0 0.8395 0.6415833333333333 0.02551757812499993 0.033277777777777615
0 0.8606822916666667 0.6516111111111111 0.016122721354166696 0.05554687499999992
0 0.6357291666666666 0.6553055555555556 0.02451302083333336 0.051866898148148266
0 0.7453854166666666 0.7434166666666666 0.0291380208333333 0.02597685185185191
2 0.7519791666666666 0.8535833333333334 0.026566406249999966 0.053727430555555546
0 0.6003072916666666 0.8725648148148148 0.02243098958333333 0.05652777777777773