0 0.2686354166666666 0.09987962962962964 0.08957161458333332 0.12966377314814817
0 0.11826041666666667 0.12667592592592594 0.10003059895833336 0.12405324074074071
0 0.33234895833333333 0.20421296296296299 0.09894628906250004 0.12874247685185186
0 0.064359375 0.2056111111111111 0.0703125 0.16759722222222223
0 0.3809895833333333 0.23425925925925925 0.0765625 0.1814814814814815
3 0.22228124999999999 0.25356481481481485 0.0801848958333333 0.2472141203703704
0 0.4049479166666667 0.3458333333333333 0.028645833333333332 0.11574074074074074
0 0.14541145833333333 0.3514814814814815 0.0713606770833333 0.14162962962962966
0 0.19401041666666666 0.03888888888888889 0.034895833333333334 0.07777777777777778
0 0.35572916666666665 0.40970370370370374 0.10828515625000001 0.07679050925925929
0 0.193 0.4213981481481482 0.05988085937499997 0.13519155092592597
0 0.25677083333333334 0.04583333333333333 0.05416666666666667 0.09166666666666666
0 0.28125 0.49537037037037035 0.05520833333333333 0.14629629629629629
0 0.36276041666666664 0.5231481481481481 0.1046875 0.09074074074074075
0 0.35165104166666666 0.0694351851851852 0.09894466145833328 0.1203252314814815
0 0.7862083333333333 0.3267777777777778 0.017164713541666644 0.050030092592592515
0 0.6820208333333333 0.40162037037037035 0.02033756510416668 0.06112037037037036
0 0.7306406249999999 0.42445370370370367 0.0192753906250001 0.054686342592592564
0 0.7786510416666667 0.4489907407407407 0.023935546874999977 0.04262037037037034
0 0.729421875 0.45625 0.0234615885416666 0.04073148148148149
0 0.7056406249999999 0.47244444444444444 0.028643554687499892 0.023156828703703787
0 0.7561666666666668 0.47306481481481477 0.01926920572916669 0.03515682870370361
2 0.7961874999999999 0.4818518518518518 0.018253255208333385 0.0546840277777777
2 0.7680572916666667 0.4844814814814815 0.024504557291666746 0.03242361111111104
0 0.07126562500000003 0.6013240740740742 0.016140625000000006 0.04728240740740735
0 0.09348958333333333 0.7465185185185186 0.01716373697916668 0.032416087962963046
0 0.14141145833333332 0.7594814814814815 0.017141927083333286 0.02501736111111107
0 0.08463541666666667 0.7769166666666667 0.02651497395833336 0.024167824074074015
0 0.1709322916666667 0.7795462962962962 0.028102213541666643 0.03512962962962947
0 0.43583854166666663 0.9762962962962963 0.029691080729166687 0.030582754629629488