0 0.45338541666666665 0.03796296296296296 0.07135416666666666 0.07592592592592592
0 0.27682291666666664 0.050462962962962966 0.09010416666666667 0.10092592592592593
0 0.12659375 0.06278703703703704 0.10003059895833336 0.12405324074074071
0 0.3406822916666667 0.14032407407407407 0.09894628906250004 0.12874247685185186
0 0.07269270833333333 0.14172222222222222 0.0703125 0.16759722222222223
0 0.3912395833333333 0.17068518518518516 0.08020865885416661 0.18054398148148154
0 0.46041666666666664 0.18333333333333332 0.057291666666666664 0.08888888888888889
0 0.46041666666666664 0.18287037037037038 0.057291666666666664 0.08611111111111111
3 0.23061458333333332 0.18967592592592594 0.08019661458333331 0.2472181712962963
0 0.4440104166666667 0.28194444444444444 0.09010416666666667 0.11574074074074074
0 0.15374479166666666 0.2875925925925926 0.07135742187500001 0.14164814814814816
0 0.3640625 0.34581481481481485 0.10828515625000001 0.07679050925925929
0 0.20133333333333334 0.35750925925925925 0.05986588541666667 0.13519791666666672
0 0.26510416666666664 0.013888888888888888 0.05416666666666667 0.027777777777777776
0 0.28958333333333336 0.44351851851851853 0.05520833333333333 0.17037037037037037
0 0.44088541666666664 0.46064814814814814 0.0609375 0.1361111111111111
0 0.37109375 0.47129629629629627 0.1046875 0.11481481481481481
0 0.36015625 0.03287037037037037 0.09947916666666666 0.06574074074074074
0 0.7903645833333334 0.22615740740740742 0.011955403645833347 0.041657407407407414
0 0.7615364583333334 0.24837037037037038 0.020847330729166558 0.043526620370370334
0 0.7621458333333334 0.28663888888888894 0.01874479166666667 0.04342476851851858
0 0.8083333333333333 0.30037037037037034 0.013518229166666628 0.03238020833333348
0 0.13073958333333333 0.8511018518518519 0.08851692708333332 0.2435104166666666
0 0.262640625 0.85375 0.0744752604166667 0.2037037037037037
0 0.3885416666666667 0.8736111111111111 0.16458333333333333 0.25092592592592594
0 0.05130208333333333 0.9416666666666667 0.059895833333333336 0.11481481481481481
0 0.90309375 0.6396388888888889 0.014583984375000015 0.04811574074074077
0 0.8899947916666666 0.7234074074074074 0.016684244791666695 0.046304398148148115
0 0.86390625 0.7398055555555556 0.017701171874999963 0.03519212962962957
0 0.8834739583333333 0.7618981481481482 0.010428059895833286 0.034259837962962975
0 0.8500520833333333 0.7715648148148148 0.022910807291666776 0.015714120370370316
0 0.869375 0.7792129629629629 0.013532552083333371 0.02688368055555562
0 0.8597291666666665 0.8095925925925926 0.023969075520833272 0.01948379629629631
0 0.8254375 0.8415370370370371 0.013021809895833413 0.04071064814814812