0 0.26484375 0.04490740740740741 0.09010416666666667 0.08981481481481482
0 0.11484375 0.05694444444444444 0.10052083333333334 0.11388888888888889
0 0.32421875 0.12962962962962962 0.09010416666666667 0.12962962962962962
0 0.06071354166666666 0.13061111111111112 0.0703125 0.16760185185185195
0 0.3541666666666667 0.15925925925925927 0.030208333333333334 0.1814814814814815
3 0.21863541666666667 0.17856481481481484 0.0801848958333333 0.2472141203703704
0 0.141765625 0.2764814814814815 0.0713606770833333 0.14162962962962966
0 0.33359375 0.33425925925925926 0.07135416666666666 0.07777777777777778
0 0.18958333333333333 0.3287037037037037 0.06041666666666667 0.1
0 0.3338541666666667 0.027314814814814816 0.07083333333333333 0.05462962962962963
0 0.55703125 0.23055555555555557 0.10208333333333333 0.14212962962962963
0 0.7091145833333333 0.23194444444444445 0.0859375 0.11898148148148148
0 0.8143229166666667 0.024074074074074074 0.17447916666666666 0.04814814814814815
0 0.8541666666666666 0.2671296296296296 0.1890625 0.19305555555555556
0 0.46588541666666666 0.3143518518518518 0.06848958333333334 0.12916666666666668
0 0.9317708333333333 0.3449074074074074 0.13515625 0.06805555555555555
0 0.9794270833333333 0.03518518518518519 0.04088541666666667 0.07037037037037037
0 0.011458333333333333 0.5097222222222222 0.022916666666666665 0.18425925925925926
0 0.07742708333333334 0.5687685185185185 0.06040950520833335 0.17034722222222218
1 0.03463541666666667 0.662962962962963 0.06927083333333334 0.10925925925925926
0 0.03411458333333333 0.8268518518518518 0.06822916666666666 0.05925925925925926
0 0.0078125 0.9287037037037037 0.015625 0.14074074074074075