0 0.4515625 0.05138888888888889 0.05520833333333333 0.08796296296296297
0 0.2830729166666667 0.06018518518518518 0.09010416666666667 0.12037037037037036
0 0.13284375 0.08223148148148149 0.10001529947916664 0.1240636574074074
0 0.34693229166666667 0.15976851851851853 0.09894628906250004 0.12874247685185186
0 0.07894270833333333 0.16116666666666668 0.0703125 0.16760185185185195
0 0.3974895833333333 0.1901296296296296 0.08020865885416661 0.18054398148148154
0 0.45859375 0.20277777777777778 0.04114583333333333 0.08888888888888889
0 0.45859375 0.2023148148148148 0.04114583333333333 0.08611111111111111
3 0.23671875 0.18703703703703703 0.08072916666666667 0.2037037037037037
0 0.4421875 0.2662037037037037 0.07395833333333333 0.04537037037037037
0 0.15989583333333332 0.2625 0.071875 0.05277777777777778
0 0.20859375 0.016666666666666666 0.034895833333333334 0.03333333333333333
0 0.2713541666666667 0.02361111111111111 0.05416666666666667 0.04722222222222222
0 0.36640625 0.04259259259259259 0.09947916666666666 0.08518518518518518
0 0.7075520833333333 0.08333333333333333 0.12760416666666666 0.16666666666666666
0 0.17784375000000002 0.5048703703703704 0.01924479166666669 0.041677662037037065
0 0.16881770833333334 0.5284814814814814 0.021859700520833296 0.04260300925925928
0 0.29401041666666666 0.6343333333333334 0.009871744791666732 0.031433449074074186
0 0.369109375 0.6625648148148149 0.013009114583333314 0.04912094907407415
0 0.3241354166666667 0.6705925925925926 0.014580078124999929 0.03424189814814819
0 0.415640625 0.6792314814814815 0.012478515625000004 0.05652777777777773
0 0.7082447916666667 0.5793888888888888 0.030726888020833225 0.02776909722222214