0 0.4903645833333333 0.09027777777777778 0.0921875 0.07592592592592592
0 0.3015625 0.09351851851851851 0.090625 0.11296296296296296
0 0.14921875 0.11666666666666667 0.10130208333333333 0.10787037037037037
0 0.36614583333333334 0.18425925925925926 0.10026041666666667 0.11203703703703703
0 0.09479166666666666 0.18564814814814815 0.07109375 0.14583333333333334
0 0.4171875 0.21064814814814814 0.08125 0.1574074074074074
0 0.4986979166666667 0.2212962962962963 0.08072916666666667 0.0763888888888889
0 0.49895833333333334 0.2212962962962963 0.08020833333333334 0.07592592592592592
3 0.2546875 0.2273148148148148 0.08125 0.2152777777777778
0 0.47708333333333336 0.30787037037037035 0.10390625 0.1
0 0.17682291666666666 0.3125 0.07239583333333334 0.12314814814814815
0 0.22604166666666667 0.037037037037037035 0.035416666666666666 0.07407407407407407
0 0.38984375 0.36342592592592593 0.10963541666666667 0.06712962962962964
0 0.225 0.3736111111111111 0.06067708333333333 0.1175925925925926
0 0.28932291666666665 0.043055555555555555 0.0546875 0.08611111111111111
0 0.3143229166666667 0.45555555555555555 0.05546875 0.16111111111111112
0 0.46796875 0.47638888888888886 0.061197916666666664 0.14537037037037037
0 0.396875 0.48009259259259257 0.10546875 0.11435185185185186
0 0.38567708333333334 0.06712962962962964 0.10026041666666667 0.10462962962962963
0 0.8084895833333333 0.11475925925925926 0.019795898437500032 0.037005787037037094
0 0.9712760416666666 0.14915740740740738 0.013019856770833253 0.04906539351851854
0 0.9882916666666667 0.25933333333333336 0.01304361979166669 0.04264004629629649
0 0.93325 0.2619537037037037 0.011975911458333263 0.04635185185185201
0 0.9493958333333334 0.2912777777777778 0.015101562500000061 0.03231249999999982
0 0.89365625 0.32999999999999996 0.02606901041666667 0.03616550925925918
0 0.8223802083333334 0.37289814814814815 0.029218749999999953 0.0296435185185184
0 0.8229843750000001 0.415787037037037 0.025014973958333422 0.04078530092592595
0 0.22559374999999998 0.9091666666666667 0.028139322916666622 0.033361111111111084
0 0.5973020833333335 0.7678148148148148 0.03176822916666673 0.02685995370370367