0 0.4927708333333333 0.06907876230661042 0.026302083333333334 0.01627285513361462
0 0.3240104166666667 0.7956821378340366 0.14177083333333335 0.199901547116737
0 0.3645833333333333 0.9479606188466948 0.16979166666666667 0.10267229254571027
0 0.0375 0.9806610407876231 0.075 0.03727144866385373
0 0.08697916666666666 0.4061181434599156 0.12916666666666668 0.11322081575246132
0 0.231765625 0.475028129395218 0.19606250000000003 0.14754571026722924
3 0.4315104166666667 0.5144163150492265 0.0359375 0.329817158931083
0 0.19215625 0.6859634317862167 0.17762500000000003 0.17561181434599157
0 0.558734375 0.44393811533052036 0.026661458333333332 0.036026722925457104
0 0.7639739583333333 0.6607383966244726 0.024515624999999968 0.02799578059071726
0 0.7927968750000001 0.6678902953586497 0.021036458333333386 0.018389592123769324
0 0.6826302083333334 0.6919127988748242 0.026333333333333306 0.01720815752461324