0 0.5427083333333333 0.22361111111111112 0.014322916666666666 0.26666666666666666
0 0.2984375 0.22407407407407406 0.07109375 0.17777777777777778
1 0.19635416666666666 0.2902777777777778 0.04244791666666667 0.3300925925925926
1 0.39375 0.3194444444444444 0.08984375 0.18009259259259258
0 0.08307291666666666 0.34305555555555556 0.030729166666666665 0.26666666666666666
1 0.27109375 0.39305555555555555 0.10338541666666666 0.1375
1 0.04192708333333333 0.39444444444444443 0.06822916666666666 0.30694444444444446
0 0.46927083333333336 0.41898148148148145 0.032552083333333336 0.2625
0 0.11484375 0.4203703703703704 0.03697916666666667 0.11203703703703703
0 0.37421875 0.044444444444444446 0.036458333333333336 0.08888888888888889
0 0.525 0.42777777777777776 0.04869791666666667 0.13148148148148148
0 0.4283854166666667 0.05092592592592592 0.037760416666666664 0.10185185185185185
1 0.17057291666666666 0.487962962962963 0.0625 0.3111111111111111
0 0.4158854166666667 0.5273148148148148 0.06302083333333333 0.19074074074074074
0 0.10390625 0.5337962962962963 0.08385416666666666 0.11018518518518519
1 0.228125 0.5370370370370371 0.07864583333333333 0.2222222222222222
0 0.3346354166666667 0.5736111111111111 0.037760416666666664 0.2074074074074074
0 0.5075520833333333 0.5828703703703704 0.033854166666666664 0.19166666666666668
1 0.3690104166666667 0.6064814814814815 0.03515625 0.14166666666666666
1 0.054947916666666666 0.6199074074074075 0.1015625 0.1175925925925926
1 0.14869791666666668 0.6412037037037037 0.05078125 0.0763888888888889
0 0.32708333333333334 0.06666666666666667 0.04895833333333333 0.13333333333333333
1 0.49609375 0.07083333333333333 0.08463541666666667 0.14166666666666666
0 0.0067708333333333336 0.10046296296296296 0.013541666666666667 0.20092592592592592
0 0.21927083333333333 0.01712962962962963 0.024739583333333332 0.033796296296296297
1 0.46822916666666664 0.2 0.08645833333333333 0.2310185185185185
0 0.2328125 0.2023148148148148 0.04088541666666667 0.2013888888888889
0 0.16796875 0.20555555555555555 0.025520833333333333 0.1439814814814815
1 0.40338541666666666 0.20925925925925926 0.09713541666666667 0.1398148148148148
0 0.6269062499999999 0.45331481481481484 0.030715820312500006 0.025047453703703898
0 0.2755208333333333 0.7555555555555555 0.040364583333333336 0.04351851851851852
0 0.30833333333333335 0.7763888888888889 0.07552083333333333 0.01990740740740741
0 0.3138020833333333 0.8004629629629629 0.0703125 0.02546296296296296
0 0.33255208333333336 0.8171296296296297 0.07109375 0.021296296296296296
0 0.146875 0.9125 0.07916666666666666 0.026851851851851852
0 0.5231770833333333 0.9162037037037037 0.052083333333333336 0.04027777777777778
0 0.4903645833333333 0.9462962962962963 0.029947916666666668 0.062037037037037036
0 0.5268229166666667 0.9763888888888889 0.04609375 0.02638888888888889
0 0.521875 0.9939814814814815 0.054947916666666666 0.011111111111111112