0 0.43463541666666666 0.1787037037037037 0.04401041666666667 0.13796296296296295
0 0.49244791666666665 0.020370370370370372 0.09270833333333334 0.040740740740740744
0 0.265625 0.22314814814814815 0.06015625 0.08148148148148149
0 0.021614583333333333 0.225 0.043229166666666666 0.09537037037037037
0 0.21588541666666666 0.024074074074074074 0.08463541666666667 0.047685185185185185
0 0.3190104166666667 0.25046296296296294 0.049479166666666664 0.05138888888888889
0 0.43697916666666664 0.25092592592592594 0.10078125 0.07962962962962963
0 0.07994791666666666 0.2587962962962963 0.05677083333333333 0.08333333333333333
0 0.21458333333333332 0.262037037037037 0.03697916666666667 0.16296296296296298
0 0.04973958333333333 0.2763888888888889 0.03697916666666667 0.07453703703703704
0 0.17526041666666667 0.2828703703703704 0.04140625 0.08148148148148149
0 0.5104166666666666 0.2902777777777778 0.05677083333333333 0.11342592592592593
0 0.35625 0.3560185185185185 0.043229166666666666 0.13796296296296295
1 0.25755208333333335 0.36064814814814816 0.04505208333333333 0.11157407407407408
0 0.4075520833333333 0.42685185185185187 0.043229166666666666 0.1361111111111111
1 0.47421875 0.4305555555555556 0.05130208333333333 0.1449074074074074
1 0.2 0.4393518518518518 0.06640625 0.15601851851851853
1 0.14192708333333334 0.45 0.06197916666666667 0.15046296296296297
1 0.26276041666666666 0.47453703703703703 0.06640625 0.14166666666666666
1 0.34661458333333334 0.49074074074074076 0.11796875 0.09212962962962963
0 0.018229166666666668 0.4935185185185185 0.0359375 0.10972222222222222
1 0.46041666666666664 0.5453703703703704 0.12421875 0.08842592592592592
0 0.16067708333333333 0.5657407407407408 0.10078125 0.06574074074074074
0 0.33828125 0.5837962962962963 0.10078125 0.07592592592592592
0 0.04192708333333333 0.5972222222222222 0.08359375 0.08657407407407407
0 0.0859375 0.6222222222222222 0.08541666666666667 0.11157407407407408
0 0.21276041666666667 0.6291666666666667 0.06015625 0.09722222222222222
1 0.15416666666666667 0.6439814814814815 0.05651041666666667 0.07083333333333333
0 0.4861979166666667 0.6435185185185185 0.10520833333333333 0.06898148148148148
0 0.02890625 0.6638888888888889 0.03046875 0.02824074074074074
1 0.053125 0.07175925925925926 0.08984375 0.14351851851851852
0 0.40390625 0.07268518518518519 0.03958333333333333 0.14537037037037037
0 0.3484375 0.10462962962962963 0.065625 0.17731481481481481
0 0.12864583333333332 0.12916666666666668 0.03958333333333333 0.1699074074074074
0 0.32734375 0.016203703703703703 0.0578125 0.032407407407407406
0 0.04192708333333333 0.1439814814814815 0.08359375 0.11157407407407408
0 0.5296875 0.16620370370370371 0.01796875 0.08148148148148149
0 0.8492708333333333 0.33911111111111114 0.12861067708333326 0.27131249999999996
0 0.5755208333333334 0.38333333333333336 0.071875 0.19814814814814816
0 0.8036458333333333 0.7092592592592593 0.06041666666666667 0.05925925925925926