0 0.42682291666666666 0.12083333333333333 0.043229166666666666 0.09305555555555556
0 0.48333333333333334 0.013888888888888888 0.09088541666666666 0.027314814814814816
0 0.26067708333333334 0.15092592592592594 0.05911458333333333 0.055092592592592596
0 0.021354166666666667 0.15231481481481482 0.042708333333333334 0.06574074074074074
0 0.21171875 0.016203703703703703 0.08307291666666666 0.032407407407407406
0 0.31328125 0.16944444444444445 0.0484375 0.034722222222222224
0 0.42890625 0.16944444444444445 0.09895833333333333 0.053703703703703705
0 0.07838541666666667 0.175 0.05572916666666667 0.056018518518518516
0 0.21067708333333332 0.17685185185185184 0.03619791666666667 0.11018518518518519
0 0.04895833333333333 0.1865740740740741 0.03619791666666667 0.050462962962962966
0 0.17213541666666668 0.1912037037037037 0.040625 0.055092592592592596
0 0.5015625 0.19583333333333333 0.05520833333333333 0.07685185185185185
0 0.3497395833333333 0.24074074074074073 0.04244791666666667 0.09305555555555556
1 0.2526041666666667 0.24351851851851852 0.044270833333333336 0.07546296296296297
0 0.4 0.2884259259259259 0.04244791666666667 0.09212962962962963
1 0.465625 0.29074074074074074 0.05026041666666667 0.09814814814814815
1 0.19635416666666666 0.2967592592592593 0.06536458333333334 0.1050925925925926
1 0.13932291666666666 0.30416666666666664 0.0609375 0.10185185185185185
1 0.2578125 0.32037037037037036 0.06536458333333334 0.09583333333333334
1 0.34036458333333336 0.3314814814814815 0.115625 0.062037037037037036
0 0.018229166666666668 0.3337962962962963 0.036458333333333336 0.07685185185185185
1 0.4518229166666667 0.3685185185185185 0.121875 0.059722222222222225
0 0.1578125 0.3819444444444444 0.09895833333333333 0.044444444444444446
0 0.33203125 0.39444444444444443 0.09869791666666666 0.05138888888888889
0 0.04114583333333333 0.40370370370370373 0.08203125 0.0587962962962963
0 0.084375 0.4203703703703704 0.08385416666666666 0.07546296296296297
0 0.20885416666666667 0.425 0.05911458333333333 0.06574074074074074
1 0.15130208333333334 0.4351851851851852 0.05546875 0.047685185185185185
0 0.47708333333333336 0.43472222222222223 0.10338541666666666 0.04675925925925926
0 0.028125 0.4486111111111111 0.029947916666666668 0.01898148148148148
1 0.052083333333333336 0.04861111111111111 0.08828125 0.09675925925925925
0 0.3966145833333333 0.049074074074074076 0.038802083333333334 0.09814814814814815
0 0.3419270833333333 0.07083333333333333 0.06458333333333334 0.11990740740740741
0 0.12630208333333334 0.0875 0.038802083333333334 0.11481481481481481
0 0.32135416666666666 0.010648148148148148 0.05651041666666667 0.021296296296296296
0 0.04114583333333333 0.09722222222222222 0.08203125 0.07546296296296297
0 0.5200520833333333 0.1125 0.017708333333333333 0.055092592592592596
0 0.6166666666666667 0.3574074074074074 0.17395833333333333 0.20185185185185187
0 0.21276041666666667 0.7813981481481481 0.024455078125000067 0.044472800925926016
0 0.18914583333333332 0.8048518518518518 0.02498632812499994 0.032416666666666656
0 0.2542552083333333 0.8474444444444444 0.017683593750000053 0.023130787037037078
0 0.25764062499999996 0.8644166666666667 0.0171751302083333 0.04532291666666647
0 0.22786458333333334 0.8655 0.015056640625000029 0.03701967592592597
0 0.2219583333333333 0.9105555555555556 0.01355501302083333 0.03608391203703718
0 0.153203125 0.917037037037037 0.030180338541666765 0.021349537037037146
0 0.1814114583333333 0.918574074074074 0.029173177083333356 0.02416550925925936
0 0.20572395833333335 0.9212037037037036 0.019840494791666666 0.024127314814814924
0 0.23810416666666664 0.9249074074074074 0.01667968749999993 0.03886226851851836
0 0.19261458333333337 0.9392592592592592 0.021348958333333338 0.04161342592592582
0 0.24817708333333333 0.9551481481481481 0.031794596354166656 0.03245254629629623
0 0.1486875 0.9596203703703703 0.021304036458333304 0.0435694444444445
0 0.10128645833333334 0.9762870370370369 0.028593750000000046 0.02134722222222228
0 0.012239583333333333 0.9768518518518519 0.024479166666666666 0.044444444444444446
0 0.815265625 0.7176574074074075 0.03020475260416665 0.024120370370370327