0 0.64453125 0.1550925925925926 0.06536458333333334 0.11990740740740741
0 0.7299479166666667 0.017592592592592594 0.13723958333333333 0.03518518518518519
0 0.39401041666666664 0.1935185185185185 0.08932291666666667 0.07083333333333333
0 0.03203125 0.19490740740740742 0.0640625 0.08287037037037037
0 0.31979166666666664 0.020833333333333332 0.12526041666666668 0.041666666666666664
0 0.47291666666666665 0.2175925925925926 0.0734375 0.044444444444444446
0 0.6479166666666667 0.2175925925925926 0.14921875 0.06898148148148148
0 0.11848958333333333 0.225 0.08411458333333334 0.07222222222222222
0 0.31796875 0.2273148148148148 0.0546875 0.1412037037037037
0 0.07395833333333333 0.23981481481481481 0.0546875 0.06481481481481481
0 0.2598958333333333 0.24537037037037038 0.06145833333333333 0.07083333333333333
0 0.7578125 0.2513888888888889 0.08411458333333334 0.09675925925925925
0 0.5283854166666667 0.3087962962962963 0.0640625 0.11990740740740741
1 0.38177083333333334 0.31296296296296294 0.06666666666666667 0.09675925925925925
0 0.6044270833333333 0.37037037037037035 0.0640625 0.11805555555555555
1 0.703125 0.3736111111111111 0.07604166666666666 0.1259259259259259
1 0.29635416666666664 0.38101851851851853 0.09869791666666666 0.13518518518518519
1 0.21041666666666667 0.3902777777777778 0.09192708333333334 0.13055555555555556
1 0.3893229166666667 0.4115740740740741 0.09869791666666666 0.12268518518518519
1 0.5140625 0.42592592592592593 0.17473958333333334 0.08009259259259259
0 0.027083333333333334 0.42824074074074076 0.053385416666666664 0.09537037037037037
1 0.6825520833333333 0.47314814814814815 0.18411458333333333 0.07685185185185185
0 0.23828125 0.49074074074074076 0.14921875 0.05694444444444444
0 0.5015625 0.5064814814814815 0.14921875 0.06620370370370371
0 0.06197916666666667 0.5185185185185185 0.12395833333333334 0.07546296296296297
0 0.12734375 0.5398148148148149 0.1265625 0.09675925925925925
0 0.31536458333333334 0.5458333333333333 0.08932291666666667 0.08425925925925926
1 0.22864583333333333 0.5587962962962963 0.08385416666666666 0.06157407407407407
0 0.7205729166666667 0.5583333333333333 0.15598958333333332 0.059722222222222225
0 0.042708333333333334 0.575925925925926 0.0453125 0.024537037037037038
1 0.07890625 0.0625 0.13385416666666666 0.125
0 0.5989583333333334 0.06342592592592593 0.05859375 0.1259259259259259
0 0.5166666666666667 0.09074074074074075 0.09739583333333333 0.1537037037037037
0 0.19088541666666667 0.11203703703703703 0.058854166666666666 0.1476851851851852
0 0.48541666666666666 0.013888888888888888 0.08541666666666667 0.027777777777777776
0 0.062239583333333334 0.125 0.12395833333333334 0.09675925925925925
0 0.7854166666666667 0.14444444444444443 0.0265625 0.07083333333333333
0 0.9741197916666666 0.3972870370370371 0.030201171874999964 0.024166666666666795
0 0.63125 0.8944444444444445 0.12916666666666668 0.20925925925925926
0 0.33098958333333334 0.9351851851851852 0.12447916666666667 0.12777777777777777