0 0.41380208333333335 0.15092592592592594 0.0109375 0.1814814814814815
0 0.22786458333333334 0.15138888888888888 0.05416666666666667 0.11990740740740741
1 0.14973958333333334 0.19583333333333333 0.03229166666666667 0.22314814814814815
1 0.30052083333333335 0.21574074074074073 0.06848958333333334 0.12175925925925926
0 0.06328125 0.23194444444444445 0.0234375 0.18009259259259258
1 0.20703125 0.2652777777777778 0.07890625 0.09305555555555556
1 0.03203125 0.26666666666666666 0.052083333333333336 0.2074074074074074
0 0.3580729166666667 0.2833333333333333 0.024739583333333332 0.17731481481481481
0 0.08776041666666666 0.28425925925925927 0.028385416666666666 0.07592592592592592
0 0.28567708333333336 0.03009259259259259 0.027864583333333335 0.06018518518518518
0 0.40078125 0.28888888888888886 0.03723958333333333 0.08888888888888889
0 0.3268229166666667 0.03425925925925926 0.02890625 0.06851851851851852
1 0.13020833333333334 0.3300925925925926 0.04765625 0.2101851851851852
0 0.31744791666666666 0.35648148148148145 0.048177083333333336 0.1287037037037037
0 0.07942708333333333 0.36064814814814816 0.0640625 0.07453703703703704
1 0.17421875 0.362962962962963 0.06015625 0.15
0 0.25546875 0.3875 0.02890625 0.14027777777777778
0 0.38723958333333336 0.3939814814814815 0.025260416666666667 0.1300925925925926
1 0.28177083333333336 0.4111111111111111 0.026822916666666665 0.09583333333333334
1 0.04192708333333333 0.41898148148148145 0.07708333333333334 0.08009259259259259
1 0.11354166666666667 0.43333333333333335 0.038802083333333334 0.05138888888888889
0 0.24973958333333332 0.04537037037037037 0.03802083333333333 0.09074074074074075
1 0.37864583333333335 0.04814814814814815 0.06458333333333334 0.09583333333333334
0 0.005208333333333333 0.06805555555555555 0.010416666666666666 0.1361111111111111
0 0.16744791666666667 0.011574074074074073 0.01875 0.023148148148148147
1 0.3572916666666667 0.13518518518518519 0.06614583333333333 0.15601851851851853
0 0.17760416666666667 0.13703703703703704 0.03125 0.1361111111111111
0 0.12838541666666667 0.1388888888888889 0.019270833333333334 0.09722222222222222
1 0.3078125 0.14166666666666666 0.07395833333333333 0.09444444444444444
0 0.6099791666666666 0.34451851851851856 0.03226497395833323 0.02602083333333351
0 0.012062499999999983 0.5525648148148148 0.020846679687499994 0.05371585648148143
0 0.029338541666666686 0.5974722222222222 0.018753906249999966 0.056504629629629606
0 0.04748437499999998 0.5974722222222222 0.01877539062500008 0.047197916666666666
0 0.053739583333333306 0.7343333333333334 0.0124879557291667 0.04634432870370359
0 0.061984374999999994 0.7917314814814815 0.017731445312499972 0.04634317129629637
0 0.02691145833333331 0.7931203703703704 0.030704427083333385 0.02139120370370388
0 0.052177083333333305 0.8090185185185186 0.0218629557291667 0.04445254629629626
0 0.022916666666666665 0.8249166666666666 0.01252376302083332 0.03700925925925928
2 0.05165104166666665 0.8462037037037037 0.020858723958333415 0.05375694444444455
2 0.7078125 0.7814814814814814 0.14557291666666666 0.1398148148148148