0 0.7096354166666666 0.19027777777777777 0.01875 0.22916666666666666
0 0.390625 0.1912037037037037 0.09296875 0.15138888888888888
1 0.25677083333333334 0.24722222222222223 0.05546875 0.2814814814814815
1 0.5153645833333333 0.2726851851851852 0.11770833333333333 0.1537037037037037
0 0.10859375 0.29259259259259257 0.04010416666666667 0.2273148148148148
1 0.35494791666666664 0.3351851851851852 0.13541666666666666 0.1175925925925926
1 0.0546875 0.3365740740740741 0.08932291666666667 0.26157407407407407
0 0.6140625 0.3574074074074074 0.04244791666666667 0.22407407407407406
0 0.15026041666666667 0.3587962962962963 0.0484375 0.09583333333333334
0 0.48984375 0.03796296296296296 0.04765625 0.07592592592592592
0 0.6869791666666667 0.3648148148148148 0.06380208333333333 0.11203703703703703
0 0.5604166666666667 0.04351851851851852 0.049479166666666664 0.08657407407407407
1 0.2234375 0.4162037037037037 0.08177083333333333 0.2652777777777778
0 0.5442708333333334 0.449537037037037 0.08255208333333333 0.1625
0 0.13619791666666667 0.4550925925925926 0.10989583333333333 0.09398148148148149
1 0.2986979166666667 0.45787037037037037 0.103125 0.18935185185185185
0 0.43776041666666665 0.48935185185185187 0.049479166666666664 0.17685185185185184
0 0.6640625 0.49722222222222223 0.04348958333333333 0.16435185185185186
1 0.4830729166666667 0.5171296296296296 0.04609375 0.12083333333333333
1 0.071875 0.5287037037037037 0.13203125 0.10092592592592593
1 0.19479166666666667 0.5467592592592593 0.06640625 0.06481481481481481
0 0.428125 0.05694444444444444 0.06380208333333333 0.11388888888888889
1 0.64921875 0.060648148148148145 0.11067708333333333 0.12083333333333333
0 0.009114583333333334 0.08611111111111111 0.018229166666666668 0.17222222222222222
0 0.2869791666666667 0.014814814814814815 0.03229166666666667 0.029166666666666667
1 0.6127604166666667 0.17083333333333334 0.11328125 0.19675925925925927
0 0.3046875 0.1726851851851852 0.05364583333333333 0.17175925925925925
0 0.22005208333333334 0.175 0.03333333333333333 0.12268518518518519
1 0.5278645833333333 0.1787037037037037 0.12682291666666667 0.11944444444444445
2 0.9752604166666666 0.12916666666666668 0.04869791666666667 0.08796296296296297
0 0.8598958333333333 0.24768518518518517 0.05 0.060648148148148145
2 0.75546875 0.2550925925925926 0.031510416666666666 0.07916666666666666
0 0.9447916666666667 0.3282407407407407 0.04192708333333333 0.06157407407407407
0 0.8390625 0.35694444444444445 0.05 0.08194444444444444
0 0.9502604166666667 0.4675925925925926 0.05286458333333333 0.06296296296296296
2 0.2046875 0.8592592592592593 0.19114583333333332 0.22777777777777777