0 0.41067708333333336 0.11574074074074074 0.041666666666666664 0.08935185185185185
0 0.46536458333333336 0.013425925925925926 0.08802083333333334 0.026851851851851852
0 0.25104166666666666 0.14444444444444443 0.05703125 0.05277777777777778
0 0.020572916666666666 0.14537037037037037 0.04114583333333333 0.06296296296296296
0 0.20390625 0.01574074074074074 0.08072916666666667 0.03148148148148148
0 0.3015625 0.16203703703703703 0.046614583333333334 0.03333333333333333
0 0.41302083333333334 0.1625 0.09505208333333333 0.05138888888888889
0 0.07552083333333333 0.1675925925925926 0.05364583333333333 0.053703703703703705
0 0.20286458333333332 0.16944444444444445 0.034895833333333334 0.10555555555555556
0 0.047135416666666666 0.1787037037037037 0.034895833333333334 0.04814814814814815
0 0.165625 0.18287037037037038 0.0390625 0.05277777777777778
0 0.4822916666666667 0.18796296296296297 0.05364583333333333 0.07314814814814814
0 0.33671875 0.23055555555555557 0.04088541666666667 0.08935185185185185
1 0.24322916666666666 0.23333333333333334 0.04244791666666667 0.07222222222222222
0 0.38515625 0.2763888888888889 0.04088541666666667 0.08796296296296297
1 0.44817708333333334 0.27870370370370373 0.0484375 0.09398148148148149
1 0.1890625 0.28425925925925927 0.06276041666666667 0.10092592592592593
1 0.13411458333333334 0.2912037037037037 0.05859375 0.09722222222222222
1 0.24817708333333333 0.30694444444444446 0.06276041666666667 0.09166666666666666
1 0.32760416666666664 0.3175925925925926 0.11145833333333334 0.059722222222222225
0 0.0171875 0.3194444444444444 0.03411458333333333 0.07083333333333333
1 0.43515625 0.3527777777777778 0.1171875 0.05740740740740741
0 0.15182291666666667 0.3662037037037037 0.0953125 0.04259259259259259
0 0.31979166666666664 0.37777777777777777 0.09505208333333333 0.049074074074074076
0 0.03958333333333333 0.38657407407407407 0.07890625 0.056018518518518516
0 0.08125 0.4027777777777778 0.08072916666666667 0.07222222222222222
0 0.20104166666666667 0.40694444444444444 0.05703125 0.06296296296296296
1 0.14557291666666666 0.4166666666666667 0.05364583333333333 0.04583333333333333
0 0.459375 0.4162037037037037 0.09947916666666666 0.044444444444444446
0 0.027083333333333334 0.42962962962962964 0.02890625 0.018518518518518517
1 0.05026041666666667 0.046296296296296294 0.08489583333333334 0.09259259259259259
0 0.38177083333333334 0.04722222222222222 0.0375 0.09398148148148149
0 0.32916666666666666 0.06759259259259259 0.06197916666666667 0.11481481481481481
0 0.12161458333333333 0.0837962962962963 0.0375 0.11018518518518519
0 0.309375 0.010648148148148148 0.05520833333333333 0.021296296296296296
0 0.03958333333333333 0.09305555555555556 0.07916666666666666 0.07222222222222222
0 0.5005208333333333 0.10787037037037037 0.016927083333333332 0.05277777777777778
0 0.79140625 0.3104166666666667 0.011955403645833347 0.041657407407407414
0 0.762578125 0.33262962962962966 0.020847330729166558 0.043526620370370334
0 0.7631875000000001 0.3708981481481482 0.018747395833333395 0.04347164351851844
0 0.809375 0.3846296296296296 0.013518229166666628 0.03238020833333348
0 0.3795208333333333 0.5111944444444444 0.06928287760416664 0.10276909722222224
0 0.960421875 0.7204537037037037 0.017731445312499972 0.05276909722222224
0 0.9790885416666666 0.8221388888888889 0.018228515624999986 0.04262094907407417
0 0.9269947916666667 0.8514537037037038 0.013022786458333376 0.052824652777777856
0 0.9036458333333334 0.8821666666666667 0.01661914062500003 0.042575231481481526
0 0.9207500000000001 0.8891111111111111 0.02239257812499993 0.030539351851851918