0 0.4669270833333333 0.12083333333333333 0.04739583333333333 0.09305555555555556
0 0.52890625 0.013888888888888888 0.09947916666666666 0.027314814814814816
0 0.28541666666666665 0.15092592592592594 0.06484375 0.055092592592592596
0 0.023177083333333334 0.15185185185185185 0.04635416666666667 0.06481481481481481
0 0.23177083333333334 0.016203703703703703 0.09088541666666666 0.032407407407407406
0 0.34270833333333334 0.16944444444444445 0.053125 0.034722222222222224
0 0.46953125 0.16944444444444445 0.10833333333333334 0.053703703703703705
0 0.08567708333333333 0.175 0.0609375 0.056018518518518516
0 0.23046875 0.17685185185185184 0.03958333333333333 0.11018518518518519
0 0.053385416666666664 0.1865740740740741 0.03958333333333333 0.050462962962962966
0 0.18828125 0.1912037037037037 0.04453125 0.055092592592592596
0 0.5489583333333333 0.19583333333333333 0.06041666666666667 0.07685185185185185
0 0.3828125 0.24074074074074073 0.04635416666666667 0.09305555555555556
1 0.2765625 0.24351851851851852 0.0484375 0.07546296296296297
0 0.43802083333333336 0.2884259259259259 0.04635416666666667 0.09212962962962963
1 0.509375 0.29074074074074074 0.05520833333333333 0.09814814814814815
1 0.21484375 0.2967592592592593 0.07135416666666666 0.1050925925925926
1 0.15234375 0.30416666666666664 0.06666666666666667 0.10185185185185185
1 0.28203125 0.32037037037037036 0.07135416666666666 0.09583333333333334
1 0.3723958333333333 0.3314814814814815 0.1265625 0.062037037037037036
0 0.01953125 0.3337962962962963 0.038802083333333334 0.07407407407407407
1 0.49453125 0.3685185185185185 0.13333333333333333 0.059722222222222225
0 0.17265625 0.3819444444444444 0.10833333333333334 0.044444444444444446
0 0.36354166666666665 0.39444444444444443 0.10807291666666667 0.05138888888888889
0 0.04505208333333333 0.40370370370370373 0.08984375 0.0587962962962963
0 0.0921875 0.4203703703703704 0.09166666666666666 0.07546296296296297
0 0.22838541666666667 0.425 0.06484375 0.06574074074074074
1 0.165625 0.4351851851851852 0.0609375 0.047685185185185185
0 0.5221354166666666 0.43472222222222223 0.11302083333333333 0.04675925925925926
0 0.030989583333333334 0.4486111111111111 0.0328125 0.01898148148148148
1 0.05703125 0.04861111111111111 0.09661458333333334 0.09675925925925925
0 0.43411458333333336 0.049074074074074076 0.04244791666666667 0.09814814814814815
0 0.37421875 0.07083333333333333 0.07057291666666667 0.11990740740740741
0 0.13828125 0.0875 0.04244791666666667 0.11481481481481481
0 0.3515625 0.010648148148148148 0.06171875 0.021296296296296296
0 0.04505208333333333 0.09722222222222222 0.08984375 0.07546296296296297
0 0.5690104166666666 0.1125 0.019270833333333334 0.055092592592592596
0 0.8021406249999999 0.3300092592592592 0.03331673177083327 0.03243518518518516
2 0.8136822916666666 0.4088518518518518 0.030214518229166744 0.04356423611111116
0 0.898765625 0.43971296296296297 0.029672526041666696 0.038914930555555595
0 0.8783854166666667 0.45185185185185184 0.033854166666666664 0.012962962962962963
0 0.06901041666666667 0.7317037037037037 0.023389973958333362 0.028721064814814772
0 0.3055 0.8103981481481481 0.022415364583333285 0.052784722222222163
1 0.710546875 0.8128981481481482 0.10575195312500002 0.0842569444444445