0 0.5956614583333334 0.3900462962962963 0.022187499999999954 0.03997222222222219
2 0.965765625 0.4381851851851852 0.021973958333333363 0.054768518518518494
0 0.6097239583333334 0.4746018518518519 0.029489583333333277 0.0313055555555555
0 0.6398489583333333 0.4818611111111111 0.028281249999999977 0.02174074074074076
0 0.67475 0.48787037037037034 0.014749999999999966 0.05413888888888892
2 0.8260416666666667 0.6189814814814815 0.025 0.019444444444444445
2 0.008072916666666667 0.7273148148148149 0.016145833333333335 0.04722222222222222
0 0.0825625 0.8370000000000001 0.01995833333333333 0.031712962962962964
2 0.050484375000000005 0.8608425925925927 0.03359895833333333 0.041425925925925935
0 0.13617187500000003 0.8858333333333334 0.015343750000000005 0.02475925925925927
0 0.1558385416666667 0.9436944444444445 0.011953125000000024 0.03122222222222225
0 0.20052083333333334 0.9722222222222222 0.015625 0.053703703703703705
0 0.19557291666666668 0.9800925925925926 0.016145833333333335 0.03796296296296296
1 0.6690104166666667 0.8027777777777778 0.08828125 0.0587962962962963