0 0.6563125 0.24269444444444446 0.025255208333333338 0.04712037037037036
0 0.7192552083333333 0.3116666666666667 0.02123958333333332 0.049879629629629635
0 0.5503072916666666 0.3439259259259259 0.021640625000000004 0.04301851851851855
0 0.59875 0.430787037037037 0.022666666666666658 0.05108333333333329
0 0.8012083333333334 0.47337962962962965 0.025307291666666624 0.024240740740740747
2 0.6784531250000001 0.5080925925925927 0.01590624999999998 0.04828703703703712
0 0.7995208333333333 0.5439999999999999 0.01865104166666664 0.0257222222222222
0 0.8269947916666667 0.5475092592592592 0.008515624999999952 0.03037037037037033
0 0.8353072916666666 0.5535833333333333 0.009927083333333305 0.03249999999999992
0 0.8476354166666666 0.5619722222222222 0.012609375000000018 0.050287037037036984
0 0.7556979166666667 0.5651574074074074 0.025885416666666692 0.02446296296296303
0 0.7885260416666667 0.5659166666666667 0.022776041666666677 0.020611111111111104
0 0.8083958333333333 0.5682962962962963 0.012739583333333353 0.041398148148148184
0 0.7769375000000001 0.587324074074074 0.024401041666666647 0.021370370370370304
0 0.6720833333333334 0.6868055555555556 0.02191666666666669 0.03349074074074076
2 0.5709375 0.7091851851851851 0.031421874999999995 0.031018518518518518
0 0.7622916666666666 0.7442129629629629 0.034619791666666684 0.025777777777777754
2 0.790765625 0.744824074074074 0.03323958333333333 0.02824999999999999
0 0.8986770833333334 0.8076203703703704 0.039484374999999974 0.032527777777777774