0 0.4140625 0.1449074074074074 0.010416666666666666 0.17314814814814813
0 0.22786458333333334 0.1449074074074074 0.05416666666666667 0.11481481481481481
1 0.14973958333333334 0.1875 0.03229166666666667 0.21388888888888888
1 0.30052083333333335 0.20694444444444443 0.06848958333333334 0.11666666666666667
0 0.06328125 0.2222222222222222 0.0234375 0.1726851851851852
1 0.20703125 0.25416666666666665 0.07890625 0.08888888888888889
1 0.03203125 0.2550925925925926 0.052083333333333336 0.1986111111111111
0 0.3580729166666667 0.2712962962962963 0.024739583333333332 0.1699074074074074
0 0.08776041666666666 0.2722222222222222 0.028385416666666666 0.07268518518518519
0 0.28567708333333336 0.028703703703703703 0.027864583333333335 0.05740740740740741
0 0.40078125 0.27685185185185185 0.03723958333333333 0.08472222222222223
0 0.3268229166666667 0.03287037037037037 0.02890625 0.06574074074074074
1 0.13020833333333334 0.31574074074074077 0.04765625 0.2013888888888889
0 0.31744791666666666 0.34120370370370373 0.048177083333333336 0.12314814814814815
0 0.07942708333333333 0.3453703703703704 0.0640625 0.0712962962962963
1 0.17421875 0.3472222222222222 0.06015625 0.14351851851851852
0 0.25546875 0.3712962962962963 0.02890625 0.13425925925925927
0 0.38723958333333336 0.3773148148148148 0.025260416666666667 0.12453703703703704
1 0.28177083333333336 0.3925925925925926 0.026822916666666665 0.09166666666666666
1 0.04192708333333333 0.4009259259259259 0.07760416666666667 0.07592592592592592
1 0.11354166666666667 0.4148148148148148 0.038802083333333334 0.04953703703703704
0 0.24973958333333332 0.043055555555555555 0.03723958333333333 0.08611111111111111
1 0.37864583333333335 0.04583333333333333 0.06458333333333334 0.09166666666666666
0 0.005208333333333333 0.06527777777777778 0.010416666666666666 0.1300925925925926
0 0.16744791666666667 0.011111111111111112 0.01875 0.02175925925925926
1 0.3572916666666667 0.12962962962962962 0.06614583333333333 0.14953703703703702
0 0.17760416666666667 0.1310185185185185 0.03125 0.1300925925925926
0 0.12838541666666667 0.13287037037037036 0.019270833333333334 0.09305555555555556
1 0.3078125 0.13564814814814816 0.07395833333333333 0.09027777777777778
0 0.5927083333333333 0.4131944444444444 0.016642578125000067 0.028693865740740843
2 0.9489583333333333 0.5643518518518519 0.10078125 0.08518518518518518
0 0.71015625 0.6791666666666667 0.10364583333333334 0.0587962962962963
2 0.49375 0.6861111111111111 0.06536458333333334 0.0763888888888889
0 0.8854166666666666 0.7574074074074074 0.08697916666666666 0.059722222222222225
0 0.6669270833333333 0.7847222222222222 0.10364583333333334 0.07916666666666666
0 0.896875 0.8916666666666667 0.10963541666666667 0.060648148148148145