0 0.24166666666666667 0.13148148148148148 0.024479166666666666 0.10138888888888889
0 0.27395833333333336 0.015277777777777777 0.052083333333333336 0.030555555555555555
0 0.14765625 0.16435185185185186 0.03359375 0.059722222222222225
0 0.011979166666666667 0.16527777777777777 0.023958333333333335 0.07037037037037037
0 0.12005208333333334 0.017592592592592594 0.046875 0.03518518518518519
0 0.17734375 0.18425925925925926 0.027604166666666666 0.03796296296296296
0 0.24296875 0.18472222222222223 0.055989583333333336 0.0587962962962963
0 0.044270833333333336 0.19074074074074074 0.031510416666666666 0.06111111111111111
0 0.11927083333333334 0.1925925925925926 0.020572916666666666 0.11990740740740741
0 0.027604166666666666 0.20324074074074075 0.020572916666666666 0.05462962962962963
0 0.09739583333333333 0.20787037037037037 0.022916666666666665 0.059722222222222225
0 0.28411458333333334 0.21342592592592594 0.031510416666666666 0.08194444444444444
0 0.19817708333333334 0.262037037037037 0.023958333333333335 0.10138888888888889
1 0.14322916666666666 0.2652777777777778 0.025 0.08194444444444444
0 0.2265625 0.3138888888888889 0.023958333333333335 0.10046296296296296
1 0.2635416666666667 0.31666666666666665 0.028385416666666666 0.10694444444444444
1 0.11119791666666666 0.32314814814814813 0.03697916666666667 0.11481481481481481
1 0.07890625 0.33101851851851855 0.034375 0.11064814814814815
1 0.14609375 0.3490740740740741 0.03697916666666667 0.10416666666666667
1 0.19270833333333334 0.3611111111111111 0.065625 0.06759259259259259
0 0.01015625 0.36342592592592593 0.020052083333333335 0.08055555555555556
1 0.2559895833333333 0.4009259259259259 0.06901041666666667 0.06527777777777778
0 0.08932291666666667 0.4162037037037037 0.055989583333333336 0.04814814814814815
0 0.18802083333333333 0.42962962962962964 0.055989583333333336 0.056018518518518516
0 0.0234375 0.4398148148148148 0.046875 0.06481481481481481
0 0.04765625 0.45787037037037037 0.04739583333333333 0.08194444444444444
0 0.11822916666666666 0.46296296296296297 0.03359375 0.07175925925925926
1 0.08567708333333333 0.4736111111111111 0.031510416666666666 0.052314814814814814
0 0.2703125 0.47314814814814815 0.05859375 0.05092592592592592
0 0.015885416666666666 0.48842592592592593 0.016927083333333332 0.020833333333333332
1 0.029427083333333333 0.05277777777777778 0.05 0.10555555555555556
0 0.22473958333333333 0.053703703703703705 0.021875 0.10694444444444444
0 0.19375 0.07685185185185185 0.036458333333333336 0.1300925925925926
0 0.07161458333333333 0.09490740740740741 0.022135416666666668 0.125
0 0.18203125 0.012037037037037037 0.0328125 0.024074074074074074
0 0.0234375 0.10601851851851851 0.046614583333333334 0.08194444444444444
0 0.29453125 0.12222222222222222 0.009895833333333333 0.059722222222222225
0 0.6114583333333333 0.2740740740740741 0.28854166666666664 0.287962962962963
0 0.43697916666666664 0.6449074074074074 0.06692708333333333 0.06898148148148148
0 0.7796875 0.6513888888888889 0.13307291666666668 0.05324074074074074
0 0.7033854166666667 0.8305555555555556 0.12395833333333334 0.15694444444444444