0 0.6512 0.1712 0.0168 0.2048
0 0.358 0.17146666666666666 0.0852 0.136
1 0.2354 0.22186666666666666 0.0508 0.2528
1 0.4726 0.24453333333333332 0.1078 0.1376
0 0.0996 0.26266666666666666 0.0368 0.204
1 0.3254 0.3005333333333333 0.1242 0.10533333333333333
1 0.0502 0.30186666666666667 0.082 0.23493333333333333
0 0.5632 0.3208 0.039 0.20106666666666667
0 0.1378 0.3216 0.0444 0.08586666666666666
0 0.4492 0.034133333333333335 0.0438 0.068
0 0.63 0.3272 0.0586 0.10053333333333334
0 0.514 0.038933333333333334 0.0454 0.07786666666666667
1 0.2048 0.3736 0.075 0.23813333333333334
0 0.499 0.40346666666666664 0.0758 0.14586666666666667
0 0.1248 0.40826666666666667 0.1008 0.08426666666666667
1 0.2738 0.4106666666666667 0.0946 0.16986666666666667
0 0.4014 0.43893333333333334 0.0454 0.15866666666666668
0 0.6088 0.4461333333333333 0.0398 0.14746666666666666
1 0.4428 0.464 0.0422 0.10853333333333333
1 0.0658 0.4744 0.121 0.09066666666666667
1 0.1786 0.49066666666666664 0.061 0.0584
0 0.3926 0.0512 0.0588 0.1024
1 0.5952 0.0544 0.1016 0.10853333333333333
0 0.0082 0.07706666666666667 0.0164 0.15386666666666668
0 0.2632 0.013066666666666667 0.0296 0.025866666666666666
1 0.5618 0.15306666666666666 0.1038 0.1768
0 0.2792 0.15493333333333334 0.0492 0.15386666666666668
0 0.2018 0.15706666666666666 0.0304 0.11013333333333333
1 0.484 0.16026666666666667 0.1164 0.10693333333333334
0 0.6077560000000001 0.573056 0.01319499999999989 0.026116666666666667
0 0.061452 0.72504 0.01398499999999999 0.020778000000000005
0 0.544412 0.8322826666666666 0.02315799999999999 0.035767333333333345
0 0.058896000000000004 0.8355413333333332 0.022418499999999994 0.00910066666666668
0 0.9280639999999999 0.7253759999999999 0.011990000000000054 0.02130566666666673