0 0.8203125 0.14722222222222223 0.026302083333333334 0.08425925925925926
0 0.8416666666666667 0.18703703703703703 0.04921875 0.038425925925925926
0 0.8450520833333334 0.23333333333333334 0.04609375 0.04953703703703704
0 0.8575520833333333 0.2657407407407407 0.046614583333333334 0.0412037037037037
0 0.7359375 0.45 0.05182291666666667 0.052314814814814814
0 0.9825520833333333 0.45740740740740743 0.033854166666666664 0.07777777777777778
0 0.9609375 0.5157407407407407 0.01953125 0.11990740740740741
0 0.9846354166666667 0.5740740740740741 0.0296875 0.05185185185185185
0 0.9815104166666667 0.6078703703703704 0.0359375 0.021296296296296296
0 0.19034375 0.8744722222222223 0.016562499999999977 0.04586111111111109
0 0.24513020833333332 0.9044074074074074 0.02321354166666669 0.027953703703703755
2 0.9971354166666667 0.6583333333333333 0.0046875 0.05925925925925926
2 0.7722395833333333 0.6875648148148149 0.019796874999999995 0.05352777777777778
2 0.7351666666666666 0.7110185185185185 0.026921874999999998 0.02637037037037036
0 0.9586406249999999 0.7508333333333334 0.015859375000000023 0.061537037037037015