0 0.39453125 0.15231481481481482 0.04010416666666667 0.1175925925925926
0 0.446875 0.017592592592592594 0.084375 0.03518518518518519
0 0.24114583333333334 0.19027777777777777 0.0546875 0.06944444444444445
0 0.01953125 0.19166666666666668 0.0390625 0.08148148148148149
0 0.19583333333333333 0.020370370370370372 0.07682291666666667 0.040740740740740744
0 0.28958333333333336 0.21388888888888888 0.04479166666666667 0.04398148148148148
0 0.3966145833333333 0.21388888888888888 0.09140625 0.06805555555555555
0 0.07239583333333334 0.22083333333333333 0.05130208333333333 0.07083333333333333
0 0.19479166666666667 0.22314814814814815 0.03359375 0.1388888888888889
0 0.0453125 0.23564814814814813 0.03359375 0.06342592592592593
0 0.15911458333333334 0.2412037037037037 0.0375 0.06944444444444445
0 0.4630208333333333 0.24768518518518517 0.05130208333333333 0.09675925925925925
0 0.32317708333333334 0.3037037037037037 0.0390625 0.1175925925925926
1 0.23359375 0.3074074074074074 0.04088541666666667 0.09490740740740741
0 0.3697916666666667 0.3638888888888889 0.0390625 0.1162037037037037
1 0.43020833333333336 0.36712962962962964 0.046614583333333334 0.12361111111111112
1 0.18151041666666667 0.37453703703703706 0.06041666666666667 0.13287037037037036
1 0.12864583333333332 0.3837962962962963 0.05625 0.12824074074074074
1 0.23828125 0.4046296296296296 0.06041666666666667 0.12083333333333333
1 0.3145833333333333 0.4185185185185185 0.10703125 0.0787037037037037
0 0.016666666666666666 0.4212962962962963 0.03333333333333333 0.09675925925925925
1 0.41770833333333335 0.4648148148148148 0.1125 0.07546296296296297
0 0.14583333333333334 0.4824074074074074 0.09140625 0.056018518518518516
0 0.30703125 0.4981481481481482 0.09140625 0.06481481481481481
0 0.03802083333333333 0.5092592592592593 0.07578125 0.07407407407407407
0 0.07786458333333333 0.5305555555555556 0.07760416666666667 0.09490740740740741
0 0.19296875 0.5365740740740741 0.0546875 0.08287037037037037
1 0.13984375 0.549074074074074 0.05130208333333333 0.06018518518518518
0 0.44114583333333335 0.5486111111111112 0.09557291666666666 0.0587962962962963
0 0.026041666666666668 0.5662037037037037 0.027864583333333335 0.024074074074074074
1 0.048177083333333336 0.06111111111111111 0.08151041666666667 0.12222222222222222
0 0.36666666666666664 0.062037037037037036 0.0359375 0.12361111111111112
0 0.31614583333333335 0.08935185185185185 0.05963541666666667 0.15092592592592594
0 0.11666666666666667 0.11018518518518519 0.0359375 0.1449074074074074
0 0.29713541666666665 0.013888888888888888 0.05260416666666667 0.027777777777777776
0 0.03802083333333333 0.12268518518518519 0.07604166666666666 0.09537037037037037
0 0.48072916666666665 0.14166666666666666 0.01640625 0.06944444444444445
0 0.6464322916666667 0.38416666666666666 0.030194661458333272 0.03150925925925924
0 0.14192708333333334 0.9628888888888889 0.02758040364583335 0.033362847222222235