0 0.6174479166666667 0.14097222222222222 0.012635416666666661 0.02669444444444443
0 0.42716666666666664 0.5414537037037037 0.021046875 0.05389814814814815
0 0.4444427083333334 0.5863611111111111 0.018781250000000003 0.05666666666666666
0 0.46258854166666663 0.5863611111111111 0.018953124999999994 0.047027777777777786
0 0.46884374999999995 0.7232222222222222 0.012307291666666664 0.04706481481481482
0 0.47708854166666664 0.7806203703703705 0.01807812499999999 0.047046296296296246
0 0.44201562499999997 0.7820092592592593 0.030531250000000003 0.022055555555555603
0 0.46728125 0.7979074074074074 0.021682291666666666 0.044574074074074065
0 0.43802083333333336 0.8138055555555556 0.012880208333333329 0.03659259259259257
2 0.46675520833333334 0.8350925925925926 0.021036458333333327 0.054129629629629666
0 0.40841666666666665 0.8600925925925925 0.01896875 0.03005555555555559
0 0.39296875 0.913425925925926 0.0067708333333333336 0.058333333333333334