0 0.1796875 0.4175347222222222 0.048828125 0.034613715277777776
0 0.188232421875 0.042534722222222224 0.02685546875 0.08506944444444445
0 0.11865234375 0.4427083333333333 0.0517578125 0.0537109375
0 0.0771484375 0.4652777777777778 0.02740478515625 0.050455729166666664
0 0.23974609375 0.046875 0.02734375 0.09375
0 0.2900390625 0.0842013888888889 0.02337646484375 0.0693359375
0 0.3330078125 0.0998263888888889 0.0498046875 0.07286241319444445
0 0.00439453125 0.11241319444444445 0.0087890625 0.051215277777777776
0 0.321044921875 0.011284722222222222 0.05029296875 0.022569444444444444
0 0.14208984375 0.1154513888888889 0.05572509765625 0.048502604166666664
0 0.21923828125 0.1284722222222222 0.043975830078125 0.05029296875
0 0.26025390625 0.13802083333333334 0.0263671875 0.08159722222222222
0 0.1728515625 0.14149305555555555 0.048797607421875 0.08506944444444445
0 0.03271484375 0.1701388888888889 0.03424072265625 0.10590277777777778
0 0.232421875 0.1875 0.0439453125 0.07454427083333333
0 0.2724609375 0.2092013888888889 0.0419921875 0.09027777777777778
0 0.14501953125 0.22395833333333334 0.03607177734375 0.06781684027777778
0 0.216796875 0.23524305555555555 0.0234375 0.09022352430555555
0 0.30322265625 0.2717013888888889 0.02642822265625 0.08680555555555555
0 0.12548828125 0.2951388888888889 0.041961669921875 0.06597222222222222
0 0.27587890625 0.3020833333333333 0.034149169921875 0.0954861111111111
0 0.2333984375 0.3177083333333333 0.054718017578125 0.04345703125
0 0.01611328125 0.3185763888888889 0.021484375 0.10069444444444445
0 0.129638671875 0.03298611111111111 0.02294921875 0.06597222222222222
0 0.08837890625 0.3394097222222222 0.025390625 0.09895833333333333
0 0.026123046875 0.03515625 0.02880859375 0.0703125
0 0.1865234375 0.3645833333333333 0.0478515625 0.0625
0 0.1328125 0.3767361111111111 0.05078125 0.046875
0 0.2216796875 0.3871527777777778 0.033233642578125 0.08512369791666667
0 0.7998046875 0.3385416666666667 0.0166015625 0.03634982638888889
0 0.1357421875 0.8836805555555556 0.0322265625 0.027886284722222224
0 0.068359375 0.9305555555555556 0.0126953125 0.038140190972222224
0 0.10791015625 0.9409722222222222 0.0126953125 0.034722222222222224
0 0.08642578125 0.9435763888888888 0.01666259765625 0.03993055555555555
0 0.09619140625 0.9756944444444444 0.017578125 0.043402777777777776
0 0.08056640625 0.9826388888888888 0.0224609375 0.03298611111111111