0 0.4052734375 0.3255208333333333 0.048828125 0.03466796875
0 0.34423828125 0.3506944444444444 0.0517578125 0.053765190972222224
0 0.0634765625 0.359375 0.044921875 0.033040364583333336
0 0.302734375 0.3628472222222222 0.0283203125 0.03125
0 0.19287109375 0.006510416666666667 0.0478515625 0.013020833333333334
0 0.22265625 0.023003472222222224 0.0234375 0.04600694444444445
0 0.36767578125 0.023871527777777776 0.056640625 0.04774305555555555
0 0.44482421875 0.036458333333333336 0.04400634765625 0.050238715277777776
0 0.021728515625 0.04296875 0.02587890625 0.0859375
0 0.3984375 0.049479166666666664 0.048797607421875 0.08506944444444445
0 0.10205078125 0.05555555555555555 0.0556640625 0.06429036458333333
0 0.25830078125 0.078125 0.034210205078125 0.10590277777777778
0 0.45263671875 0.0954861111111111 0.033203125 0.07465277777777778
0 0.16064453125 0.1015625 0.0546875 0.04177517361111111
0 0.37060546875 0.13194444444444445 0.03607177734375 0.06781684027777778
0 0.4423828125 0.14322916666666666 0.0234375 0.09016927083333333
0 0.015380859375 0.15104166666666666 0.03076171875 0.0798611111111111
0 0.2021484375 0.1640625 0.0546875 0.06597222222222222
0 0.35107421875 0.203125 0.04193115234375 0.06597222222222222
0 0.140625 0.20833333333333334 0.0595703125 0.043402777777777776
0 0.026123046875 0.22135416666666666 0.05224609375 0.05381944444444445
0 0.4501953125 0.22569444444444445 0.0380859375 0.04513888888888889
0 0.24169921875 0.2265625 0.021484375 0.10069444444444445
0 0.31396484375 0.24739583333333334 0.025390625 0.09895833333333333
0 0.412109375 0.2725694444444444 0.0478515625 0.0625
0 0.3583984375 0.2847222222222222 0.05078125 0.046875
0 0.1904296875 0.2855902777777778 0.0341796875 0.05908203125
0 0.447265625 0.2951388888888889 0.033233642578125 0.08512369791666667
1 0.817626953125 0.07942708333333333 0.12841796875 0.15885416666666666
0 0.04931640625 0.6449652777777778 0.020538330078125 0.05029296875
0 0.13134765625 0.8064236111111112 0.024444580078125 0.022623697916666668
2 0.0087890625 0.8411458333333334 0.015625 0.04698350694444445
0 0.1298828125 0.8767361111111112 0.0185546875 0.024359809027777776
0 0.1572265625 0.8802083333333334 0.007843017578125 0.029513888888888888
0 0.16552734375 0.8862847222222222 0.009765625 0.03293185763888889
0 0.177734375 0.8949652777777778 0.011749267578125 0.05029296875
0 0.0859375 0.8984375 0.02545166015625 0.024305555555555556
0 0.11865234375 0.8993055555555556 0.0224609375 0.020724826388888888
0 0.138671875 0.9010416666666666 0.0126953125 0.04161241319444445
0 0.107421875 0.9201388888888888 0.02349853515625 0.020833333333333332
0 0.0908203125 0.9696180555555556 0.02154541015625 0.03309461805555555
0 0.8955078125 0.7369791666666666 0.0205078125 0.055609809027777776
0 0.4931640625 0.7447916666666666 0.028289794921875 0.022623697916666668
0 0.529296875 0.7508680555555556 0.0244140625 0.041558159722222224
0 0.55908203125 0.7595486111111112 0.029327392578125 0.03477647569444445
0 0.6015625 0.7690972222222222 0.0244140625 0.024305555555555556
0 0.50830078125 0.7769097222222222 0.0263671875 0.020941840277777776
0 0.65087890625 0.7907986111111112 0.017547607421875 0.027723524305555556
0 0.60791015625 0.7925347222222222 0.015594482421875 0.03477647569444445
0 0.546875 0.8055555555555556 0.0302734375 0.03293185763888889
0 0.75146484375 0.9375 0.019500732421875 0.06076388888888889