0 0.09033203125 0.025173611111111112 0.0263671875 0.050347222222222224
0 0.353515625 0.3880208333333333 0.048828125 0.03466796875
0 0.362060546875 0.027777777777777776 0.02685546875 0.05555555555555555
0 0.29248046875 0.4131944444444444 0.0517578125 0.053765190972222224
0 0.017333984375 0.421875 0.03466796875 0.034722222222222224
0 0.2509765625 0.4357638888888889 0.02740478515625 0.050455729166666664
0 0.41357421875 0.03211805555555555 0.02734375 0.0642361111111111
0 0.143310546875 0.484375 0.04150390625 0.06944444444444445
0 0.062255859375 0.037760416666666664 0.02685546875 0.07552083333333333
0 0.14111328125 0.042534722222222224 0.04779052734375 0.0642361111111111
0 0.4638671875 0.0546875 0.023406982421875 0.06939019097222222
0 0.5068359375 0.0703125 0.0498046875 0.07286241319444445
0 0.1708984375 0.08246527777777778 0.023406982421875 0.050347222222222224
0 0.31591796875 0.0859375 0.055694580078125 0.04855685763888889
0 0.39306640625 0.09895833333333333 0.04400634765625 0.050238715277777776
0 0.43408203125 0.10850694444444445 0.0263671875 0.08159722222222222
0 0.3466796875 0.11197916666666667 0.04876708984375 0.08506944444444445
0 0.05029296875 0.11805555555555555 0.0556640625 0.06429036458333333
0 0.20654296875 0.140625 0.03424072265625 0.10590277777777778
0 0.40625 0.1579861111111111 0.0439453125 0.07459852430555555
0 0.10888671875 0.1640625 0.0546875 0.04172092013888889
0 0.0283203125 0.005208333333333333 0.0234375 0.010416666666666666
0 0.4462890625 0.1796875 0.0419921875 0.09027777777777778
0 0.31884765625 0.19444444444444445 0.036102294921875 0.06776258680555555
0 0.390625 0.20572916666666666 0.0234375 0.09022352430555555
0 0.150390625 0.2265625 0.0546875 0.06597222222222222
0 0.47705078125 0.2421875 0.02642822265625 0.08680555555555555
0 0.29931640625 0.265625 0.041961669921875 0.06597222222222222
0 0.0888671875 0.2708333333333333 0.0595703125 0.043402777777777776
0 0.44970703125 0.2725694444444444 0.03411865234375 0.0954861111111111
0 0.4072265625 0.2881944444444444 0.054718017578125 0.04345703125
0 0.18994140625 0.2890625 0.021484375 0.10069444444444445
0 0.303466796875 0.018229166666666668 0.02294921875 0.036458333333333336
0 0.26220703125 0.3098958333333333 0.025390625 0.09895833333333333
0 0.199951171875 0.020399305555555556 0.02880859375 0.04079861111111111
0 0.3603515625 0.3350694444444444 0.0478515625 0.0625
0 0.306640625 0.3472222222222222 0.05078125 0.046875
0 0.138671875 0.3480902777777778 0.0341796875 0.059136284722222224
0 0.3955078125 0.3576388888888889 0.033233642578125 0.08512369791666667
0 0.96044921875 0.1440972222222222 0.078125 0.2881944444444444
3 0.8017578125 0.24131944444444445 0.277374267578125 0.4548611111111111
0 0.6279296875 0.2960069444444444 0.076171875 0.18055555555555555
2 0.16455078125 0.9149305555555556 0.021484375 0.0556640625
0 0.427734375 0.9635416666666666 0.0146484375 0.027777777777777776
0 0.3935546875 0.9678819444444444 0.009735107421875 0.022515190972222224
0 0.43408203125 0.9748263888888888 0.02044677734375 0.04676649305555555
0 0.38916015625 0.9869791666666666 0.0107421875 0.024305555555555556
0 0.400146484375 0.9921875 0.01416015625 0.013888888888888888