0 0.29248046875 0.020399305555555556 0.0263671875 0.04079861111111111
0 0.093994140625 0.01953125 0.05224609375 0.0390625
0 0.5556640625 0.3784722222222222 0.048828125 0.03466796875
0 0.564208984375 0.023003472222222224 0.02685546875 0.04600694444444445
0 0.13427734375 0.390625 0.029296875 0.09022352430555555
0 0.0078125 0.3971354166666667 0.015625 0.0546875
0 0.49462890625 0.4036458333333333 0.0517578125 0.0537109375
0 0.2138671875 0.4123263888888889 0.044921875 0.033040364583333336
0 0.453125 0.4244791666666667 0.0283203125 0.04861111111111111
0 0.160400390625 0.4305555555555556 0.03271484375 0.036458333333333336
0 0.264404296875 0.03298611111111111 0.02685546875 0.06597222222222222
0 0.34326171875 0.03298611111111111 0.04779052734375 0.0642361111111111
0 0.373046875 0.07291666666666667 0.02337646484375 0.050347222222222224
0 0.51806640625 0.0763888888888889 0.05572509765625 0.048502604166666664
0 0.5859375 0.08940972222222222 0.0263671875 0.050347222222222224
0 0.171875 0.09375 0.025390625 0.09022352430555555
0 0.13720703125 0.0954861111111111 0.03228759765625 0.09733072916666667
0 0.548828125 0.10243055555555555 0.048797607421875 0.08506944444444445
0 0.08837890625 0.1076388888888889 0.0556640625 0.036458333333333336
0 0.25244140625 0.10850694444444445 0.0556640625 0.06429036458333333
0 0.40869140625 0.1310763888888889 0.034210205078125 0.10590277777777778
0 0.5927734375 0.1484375 0.0126953125 0.07465277777777778
0 0.007568359375 0.1484375 0.01513671875 0.0798611111111111
0 0.31103515625 0.1545138888888889 0.0546875 0.04172092013888889
0 0.10888671875 0.1753472222222222 0.02044677734375 0.09016927083333333
0 0.52099609375 0.18489583333333334 0.03607177734375 0.06781684027777778
0 0.0615234375 0.1857638888888889 0.037078857421875 0.046875
0 0.590087890625 0.19618055555555555 0.01806640625 0.09027777777777778
0 0.158203125 0.20399305555555555 0.044921875 0.07823350694444445
0 0.3525390625 0.2170138888888889 0.0546875 0.06597222222222222
0 0.009033203125 0.22960069444444445 0.01806640625 0.06336805555555555
0 0.07373046875 0.2482638888888889 0.04791259765625 0.08680555555555555
0 0.171142578125 0.009982638888888888 0.03466796875 0.019965277777777776
0 0.50146484375 0.2560763888888889 0.041961669921875 0.06597222222222222
0 0.291015625 0.2612847222222222 0.0595703125 0.043402777777777776
0 0.17529296875 0.2743055555555556 0.053741455078125 0.05213758680555555
0 0.042724609375 0.012152777777777778 0.03564453125 0.024305555555555556
0 0.59033203125 0.2786458333333333 0.017578125 0.04513888888888889
0 0.39208984375 0.2795138888888889 0.021484375 0.10069444444444445
0 0.505615234375 0.013454861111111112 0.02294921875 0.026909722222222224
0 0.46435546875 0.3003472222222222 0.025390625 0.09895833333333333
0 0.402099609375 0.015625 0.02880859375 0.03125
0 0.5625 0.3255208333333333 0.0478515625 0.0625
0 0.5087890625 0.3376736111111111 0.05078125 0.046875
0 0.3408203125 0.3385416666666667 0.0341796875 0.059136284722222224
0 0.58984375 0.3480902777777778 0.0185546875 0.08680555555555555