0 0.002685546875 0.3587239583333333 0.00537109375 0.0625
0 0.15380859375 0.0361328125 0.011962890625 0.072265625
0 0.064453125 0.036783854166666664 0.023193359375 0.0673828125
0 0.012451171875 0.3763020833333333 0.019775390625 0.045572916666666664
0 0.272216796875 0.3779296875 0.02197265625 0.03125
0 0.276123046875 0.038411458333333336 0.011962890625 0.07682291666666667
0 0.082763671875 0.3889973958333333 0.01318359375 0.08138020833333333
0 0.017822265625 0.39453125 0.023193359375 0.048502604166666664
0 0.244873046875 0.4007161458333333 0.023193359375 0.048502604166666664
0 0.11865234375 0.4085286458333333 0.020263671875 0.029947916666666668
0 0.22607421875 0.4212239583333333 0.01220703125 0.045572916666666664
0 0.29931640625 0.042317708333333336 0.011962890625 0.08463541666666667
0 0.0029296875 0.4309895833333333 0.005859375 0.06673177083333333
0 0.094482421875 0.4485677083333333 0.014404296875 0.07845052083333333
0 0.00537109375 0.4524739583333333 0.0087890625 0.050130208333333336
0 0.177734375 0.4713541666666667 0.0185546875 0.0751953125
0 0.14111328125 0.051106770833333336 0.011962890625 0.087890625
0 0.1767578125 0.06575520833333333 0.021484375 0.057942708333333336
0 0.322021484375 0.07682291666666667 0.010498046875 0.0625
0 0.005615234375 0.0791015625 0.009765625 0.042317708333333336
0 0.34130859375 0.0908203125 0.0224609375 0.06575520833333333
0 0.190185546875 0.10188802083333333 0.010498046875 0.045572916666666664
0 0.335693359375 0.010416666666666666 0.02294921875 0.020833333333333332
0 0.25537109375 0.10514322916666667 0.025146484375 0.0439453125
0 0.165283203125 0.01171875 0.009765625 0.0234375
0 0.2900390625 0.11686197916666667 0.019775390625 0.045247395833333336
0 0.099609375 0.12076822916666667 0.011474609375 0.08138020833333333
0 0.083984375 0.12239583333333333 0.014404296875 0.087890625
0 0.30859375 0.12532552083333334 0.011962890625 0.07356770833333333
0 0.269287109375 0.12858072916666666 0.02197265625 0.07682291666666667
0 0.062255859375 0.13346354166666666 0.025146484375 0.032877604166666664
0 0.135986328125 0.13411458333333334 0.025146484375 0.058268229166666664
0 0.206298828125 0.15462239583333334 0.015380859375 0.095703125
0 0.2958984375 0.17024739583333334 0.019775390625 0.0673828125
0 0.020751953125 0.17024739583333334 0.016357421875 0.07063802083333333
0 0.162353515625 0.17578125 0.024658203125 0.037760416666666664
0 0.1259765625 0.018229166666666668 0.0107421875 0.036458333333333336
0 0.31396484375 0.18977864583333334 0.018798828125 0.08170572916666667
0 0.0712890625 0.1943359375 0.00927734375 0.08138020833333333
0 0.256591796875 0.203125 0.016357421875 0.061197916666666664
0 0.050048828125 0.20377604166666666 0.0166015625 0.042317708333333336
0 0.2890625 0.21321614583333334 0.010498046875 0.08138020833333333
0 0.093505859375 0.22037760416666666 0.020263671875 0.07063802083333333
0 0.00537109375 0.22265625 0.0107421875 0.029947916666666668
0 0.180908203125 0.23209635416666666 0.024658203125 0.0595703125
0 0.0244140625 0.2431640625 0.011962890625 0.056315104166666664
0 0.327880859375 0.24609375 0.011962890625 0.07845052083333333
0 0.0556640625 0.2604166666666667 0.021484375 0.07845052083333333
0 0.099365234375 0.026692708333333332 0.015380859375 0.053385416666666664
0 0.247802734375 0.267578125 0.018798828125 0.0595703125
0 0.1533203125 0.2721354166666667 0.02685546875 0.0390625
0 0.3154296875 0.2737630208333333 0.015380859375 0.08626302083333333
0 0.101318359375 0.2838541666666667 0.024169921875 0.047200520833333336
0 0.04150390625 0.028645833333333332 0.015869140625 0.057291666666666664
0 0.29638671875 0.2877604166666667 0.024658203125 0.039388020833333336
0 0.19873046875 0.2887369791666667 0.009765625 0.0908203125
0 0.249755859375 0.029947916666666668 0.010009765625 0.0595703125
0 0.231201171875 0.3072916666666667 0.011474609375 0.08951822916666667
0 0.203125 0.031901041666666664 0.0126953125 0.0634765625
0 0.275390625 0.330078125 0.021484375 0.056315104166666664
0 0.251220703125 0.3411458333333333 0.02294921875 0.042317708333333336
0 0.17578125 0.341796875 0.015380859375 0.053385416666666664
0 0.291259765625 0.3505859375 0.014892578125 0.07682291666666667
0 0.29931640625 0.732421875 0.177734375 0.10416666666666667
0 0.22509765625 0.9205729166666666 0.1787109375 0.140625
0 0.47900390625 0.7936197916666666 0.028350830078125 0.036417643229166664
2 0.79736328125 0.818359375 0.017578125 0.026123046875
0 0.7138671875 0.8359375 0.02154541015625 0.0234375
0 0.64599609375 0.91015625 0.0283203125 0.0247802734375
0 0.9423828125 0.9361979166666666 0.0234375 0.04296875
2 0.5009765625 0.9674479166666666 0.0263671875 0.042887369791666664