0 0.09130859375 0.3984375 0.048828125 0.034613715277777776
0 0.099853515625 0.03298611111111111 0.02685546875 0.06597222222222222
0 0.0302734375 0.4236111111111111 0.0517578125 0.053765190972222224
0 0.1513671875 0.03732638888888889 0.02734375 0.07465277777777778
0 0.20166015625 0.06510416666666667 0.02337646484375 0.0693359375
0 0.24462890625 0.08072916666666667 0.0498046875 0.07286241319444445
0 0.0537109375 0.09635416666666667 0.055694580078125 0.04855685763888889
0 0.130859375 0.109375 0.043975830078125 0.05029296875
0 0.171875 0.1189236111111111 0.0263671875 0.08159722222222222
0 0.08447265625 0.12239583333333333 0.048797607421875 0.08506944444444445
0 0.14404296875 0.1684027777777778 0.0439453125 0.07459852430555555
0 0.18408203125 0.19010416666666666 0.0419921875 0.09027777777777778
0 0.056640625 0.2048611111111111 0.03607177734375 0.06781684027777778
0 0.12841796875 0.21614583333333334 0.0234375 0.09016927083333333
0 0.21484375 0.2526041666666667 0.02642822265625 0.08680555555555555
0 0.037109375 0.2760416666666667 0.041961669921875 0.06597222222222222
0 0.1875 0.2829861111111111 0.03411865234375 0.0954861111111111
0 0.14501953125 0.2986111111111111 0.054718017578125 0.04345703125
0 0.041259765625 0.0234375 0.02294921875 0.046875
0 0.006591796875 0.3207465277777778 0.01318359375 0.0998263888888889
0 0.09814453125 0.3454861111111111 0.0478515625 0.0625
0 0.04443359375 0.3576388888888889 0.05078125 0.046875
0 0.13330078125 0.3680555555555556 0.033233642578125 0.08512369791666667
0 0.65380859375 0.0876736111111111 0.035186767578125 0.06081814236111111
0 0.89453125 0.11805555555555555 0.01953125 0.06944444444444445
0 0.39892578125 0.16927083333333334 0.01177978515625 0.03819444444444445
0 0.751953125 0.19618055555555555 0.0341796875 0.04161241319444445
0 0.54296875 0.20052083333333334 0.017578125 0.04676649305555555
0 0.595703125 0.3081597222222222 0.024444580078125 0.022623697916666668
2 0.75439453125 0.3376736111111111 0.02728271484375 0.03125
0 0.68212890625 0.3420138888888889 0.025421142578125 0.027723524305555556
0 0.39599609375 0.3454861111111111 0.0146484375 0.027777777777777776
0 0.7314453125 0.3532986111111111 0.014617919921875 0.039876302083333336
0 0.927734375 0.3576388888888889 0.021484375 0.03298611111111111
2 0.82666015625 0.3802083333333333 0.03125 0.031195746527777776
0 0.53125 0.3984375 0.0234375 0.04861111111111111
0 0.71875 0.4505208333333333 0.01953125 0.07459852430555555
0 0.2890625 0.5390625 0.02056884765625 0.026150173611111112
0 0.44873046875 0.921875 0.02239990234375 0.03993055555555555
2 0.81884765625 0.9704861111111112 0.02239990234375 0.05392795138888889
0 0.462646484375 0.9952256944444444 0.02978515625 0.0078125