0 0.46197916666666666 0.1398148148148148 0.019270833333333334 0.05648148148148148
0 0.5734375 0.16898148148148148 0.03828125 0.05324074074074074
0 0.5229166666666667 0.2324074074074074 0.03828125 0.03611111111111111
0 0.48723958333333334 0.24305555555555555 0.045572916666666664 0.03935185185185185
0 0.6111979166666667 0.25 0.023177083333333334 0.03425925925925926
0 0.20572916666666666 0.3282407407407407 0.040625 0.05555555555555555
0 0.17578125 0.41064814814814815 0.04479166666666667 0.04814814814814815
0 0.5200520833333333 0.42916666666666664 0.0375 0.05138888888888889
0 0.8815104166666666 0.4335648148148148 0.02338932291666668 0.025018518518518502
0 0.28254687500000003 0.9101018518518518 0.03276432291666668 0.025982638888888864
0 0.8577239583333333 0.8959074074074075 0.0338496093749999 0.025094907407407583