0 0.2453125 0.13472222222222222 0.01015625 0.05462962962962963
0 0.30442708333333335 0.16296296296296298 0.0203125 0.05138888888888889
0 0.27760416666666665 0.22453703703703703 0.0203125 0.03518518518518519
0 0.25859375 0.23472222222222222 0.02421875 0.03796296296296296
0 0.32447916666666665 0.2412037037037037 0.012239583333333333 0.03287037037037037
0 0.109375 0.31712962962962965 0.021614583333333333 0.053703703703703705
0 0.09348958333333333 0.39675925925925926 0.023697916666666666 0.046296296296296294
0 0.2760416666666667 0.4148148148148148 0.020052083333333335 0.04953703703703704
0 0.5849791666666666 0.4131851851851852 0.025013020833333264 0.032416087962963046
0 0.6127604166666667 0.42275000000000007 0.01929427083333337 0.025046875000000076
0 0.5578072916666666 0.4508333333333333 0.013493489583333348 0.04079513888888881
0 0.8538541666666667 0.774425925925926 0.023459960937499958 0.039788194444444494
0 0.7627604166666667 0.9842592592592593 0.016145833333333335 0.02962962962962963