0 0.275734375 0.11534259259259258 0.016182291666666633 0.05094328703703705
0 0.309453125 0.13387962962962963 0.0249635416666667 0.024082175925925944
0 0.21725520833333334 0.13649074074074075 0.028136393229166737 0.015766782407407396
0 0.30516666666666664 0.16576851851851848 0.02919238281249991 0.03517418981481479
0 0.2760104166666667 0.18101851851851852 0.0124752604166666 0.054679976851851796
0 0.2304895833333333 0.18783333333333335 0.009862630208333318 0.048098379629629595
0 0.24672395833333335 0.2055185185185185 0.020828450520833285 0.022217592592592598
0 0.26696875000000003 0.21722222222222223 0.014051432291666662 0.05280208333333334
0 0.25007291666666664 0.23314814814814816 0.02135677083333327 0.019452546296296367
0 0.23165624999999998 0.23432407407407407 0.010930989583333309 0.0204305555555555
0 0.17485416666666667 0.2429351851851852 0.01927669270833334 0.024991898148148183
0 0.301296875 0.24764814814814812 0.013017578125000047 0.05090162037037037
0 0.2142291666666667 0.2618425925925926 0.01823079427083331 0.03332638888888884
0 0.3570885416666666 0.26516666666666666 0.016129557291666666 0.04544444444444438
0 0.2306979166666667 0.2656296296296296 0.012489583333333342 0.03701793981481482
0 0.24717708333333335 0.269212962962963 0.017162760416666718 0.042575231481481526
0 0.17411458333333332 0.28005555555555556 0.0109495442708333 0.03983854166666676
0 0.31082812499999996 0.3482962962962963 0.0218509114583334 0.027850694444444456
0 0.323359375 0.4011203703703704 0.011976562500000062 0.0546469907407407
0 0.8265625 0.22546296296296298 0.10078125 0.10231481481481482
0 0.5973958333333333 0.28935185185185186 0.20885416666666667 0.12083333333333333
0 0.08880208333333334 0.962037037037037 0.1078125 0.07407407407407407
0 0.7796927083333334 0.6219814814814815 0.025996093749999952 0.03887152777777782
0 0.9548906250000001 0.64775 0.028123372395833474 0.03245370370370366
0 0.7721354166666666 0.6739814814814815 0.029734375000000077 0.03709027777777789
0 0.9827604166666667 0.6906388888888889 0.016148437500000057 0.03706307870370375