0 0.46041666666666664 0.024537037037037038 0.016666666666666666 0.049074074074074076
0 0.4943489583333333 0.04128703703703704 0.02498177083333329 0.024078125000000037
0 0.40215104166666665 0.043898148148148144 0.028136393229166737 0.015766782407407396
0 0.49006249999999996 0.0731759259259259 0.029218098958333272 0.035163194444444414
0 0.46090625 0.08842592592592592 0.012450520833333319 0.05473032407407406
0 0.4153854166666667 0.09524074074074075 0.009879231770833267 0.04812326388888887
0 0.4316197916666667 0.1129259259259259 0.02082356770833336 0.022212962962962865
0 0.45186458333333335 0.12462962962962965 0.014056966145833271 0.0527899305555555
0 0.43496875 0.14055555555555557 0.02135546874999991 0.01944849537037046
0 0.4165520833333333 0.14173148148148149 0.010930989583333309 0.0204305555555555
0 0.35975 0.15034259259259258 0.01927669270833334 0.024991898148148183
0 0.48619270833333333 0.15505555555555553 0.013017578125000047 0.05090162037037037
0 0.399125 0.16925 0.01823079427083331 0.03332638888888884
0 0.541984375 0.17257407407407407 0.0161376953125 0.045407407407407376
0 0.41559375000000004 0.17303703703703704 0.012479166666666685 0.036998842592592604
0 0.4320729166666667 0.17662037037037037 0.017162760416666718 0.042575231481481526
0 0.35901041666666667 0.18746296296296294 0.0109495442708333 0.03983854166666676
0 0.4957239583333333 0.2557037037037037 0.0218629557291667 0.027814236111111064
0 0.5082552083333334 0.3085277777777778 0.011977864583333423 0.05463831018518527
0 0.8878281250000001 0.12050925925925923 0.03699316406249989 0.0657569444444444
2 0.6781406249999999 0.19984259259259257 0.04897298177083335 0.05002314814814813
2 0.7592916666666666 0.20274074074074072 0.05415722656250003 0.04449652777777776
0 0.827515625 0.267 0.02758854166666668 0.04914236111111113
2 0.2454375 0.6937592592592593 0.17134309895833333 0.20647974537037045
0 0.8943229166666666 0.5347962962962963 0.017691406249999868 0.05463831018518506
0 0.6291666666666667 0.5810185185185185 0.01875 0.04722222222222222