0 0.49530208333333337 0.17908333333333332 0.0301634114583333 0.03795254629629633
0 0.4280416666666667 0.3048148148148148 0.011463216145833262 0.04262152777777778
0 0.41346354166666666 0.3077222222222222 0.009907552083333234 0.03607523148148144
0 0.39755729166666665 0.32625925925925925 0.02137955729166663 0.01853703703703702
0 0.42346874999999995 0.3438425925925926 0.012527994791666686 0.04164525462962969
0 0.415640625 0.37053703703703705 0.024991536458333265 0.02871238425925924
0 0.3439270833333333 0.37897222222222227 0.022383463541666634 0.017565393518518557
0 0.42030208333333335 0.4179814814814815 0.028159505208333258 0.024915509259259203
0 0.4680677083333334 0.5447592592592593 0.01094368489583341 0.050898726851852
0 0.21110937500000002 0.6847962962962963 0.03124479166666667 0.024905092592592416
0 0.8006875000000001 0.7205925925925926 0.031743489583333326 0.02412962962962958