0 0.37068229166666666 0.15294444444444444 0.03644531249999995 0.03330266203703705
0 0.4401875 0.15428703703703703 0.03230208333333344 0.02878356481481482
0 0.408125 0.20931481481481481 0.01613671874999992 0.061143518518518486
0 0.38306250000000003 0.22207407407407406 0.025468098958333366 0.033269675925925904
0 0.38896875000000003 0.25499074074074074 0.010404947916666766 0.024949074074074016
0 0.40581249999999996 0.26599074074074075 0.022401367187500063 0.05553587962962962
0 0.3788958333333333 0.267537037037037 0.010942382812500047 0.04446354166666666
0 0.4432291666666667 0.2847222222222222 0.03229166666666667 0.03796296296296296
0 0.33259375 0.37143518518518515 0.019792317708333347 0.018450231481481463
0 0.3508802083333334 0.3871759259259259 0.0145755208333334 0.04074479166666665
0 0.3292395833333333 0.43850000000000006 0.011472981770833357 0.03799826388888871
0 0.3231614583333334 0.4854074074074074 0.013002929687500024 0.04075636574074076
0 0.33932291666666664 0.5597222222222222 0.024479166666666666 0.017592592592592594
0 0.22864583333333333 0.5587962962962963 0.025 0.019444444444444445
0 0.7184895833333333 0.20833333333333334 0.08776041666666666 0.12175925925925926
0 0.7768229166666667 0.3416666666666667 0.10130208333333333 0.1037037037037037
0 0.5645833333333333 0.40370370370370373 0.0796875 0.12777777777777777
0 0.7802083333333333 0.4652777777777778 0.13229166666666667 0.11157407407407408
2 0.55 0.5 0.11067708333333333 0.075
0 0.8559895833333333 0.513425925925926 0.07708333333333334 0.08287037037037037
2 0.7479166666666667 0.1162037037037037 0.10677083333333333 0.09907407407407408
0 0.4942708333333333 0.15601851851851853 0.06875 0.15416666666666667
2 0.9033854166666667 0.17962962962962964 0.10677083333333333 0.08287037037037037
2 0.29991666666666666 0.8483703703703703 0.01926920572916669 0.04723032407407404