0 0.3562916666666667 0.028685185185185175 0.023974609375 0.042488425925925916
0 0.607640625 0.08501851851851851 0.04634016927083332 0.05276446759259259
0 0.4073177083333333 0.0926574074074074 0.02081250000000002 0.06299421296296293
0 0.48035416666666664 0.10275000000000002 0.02603190104166669 0.05556597222222224
0 0.4341875 0.11712037037037037 0.0270875651041667 0.030590856481481504
0 0.32453645833333333 0.14684259259259258 0.018729166666666568 0.03244328703703708
0 0.41343749999999996 0.2009166666666667 0.028134765624999978 0.029636574074074017
0 0.46446354166666665 0.2262222222222222 0.035441406250000064 0.03151388888888886
0 0.3208697916666667 0.2324259259259259 0.014610026041666776 0.04257754629629629
0 0.433921875 0.2985555555555556 0.029155598958333327 0.043517361111111194
0 0.5270520833333333 0.37662962962962965 0.03434375000000003 0.03522569444444449
0 0.9950520833333333 0.26342592592592595 0.008854166666666666 0.028703703703703703
0 0.8570260416666666 0.6847962962962963 0.028597005208333335 0.03250347222222221