0 0.30546875 0.29583333333333334 0.018229166666666668 0.04675925925925926
0 0.3515625 0.3226851851851852 0.025 0.02824074074074074
0 0.36614583333333334 0.3958333333333333 0.026822916666666665 0.030555555555555555
0 0.3151041666666667 0.4162037037037037 0.020572916666666666 0.05
0 0.30234375 0.43148148148148147 0.022135416666666668 0.02962962962962963
0 0.38229166666666664 0.4398148148148148 0.013541666666666667 0.0625
0 0.29661458333333335 0.46620370370370373 0.01953125 0.031018518518518518
0 0.4995052083333333 0.3858888888888889 0.02710384114583332 0.0500109953703704
0 0.920140625 0.5625648148148149 0.018253906249999948 0.041760416666666605
0 0.9144166666666665 0.565962962962963 0.014038411458333282 0.04350115740740745
0 0.8445208333333334 0.6159537037037037 0.028670572916666734 0.034266782407407465
2 0.7918229166666666 0.7532777777777777 0.018753906249999966 0.052821180555555555