0 0.236984375 0.0502037037037037 0.029183268229166733 0.055586805555555556
0 0.1765625 0.1095462962962963 0.03431575520833334 0.021285879629629613
0 0.13426562499999997 0.11508333333333333 0.02550000000000002 0.030498842592592564
0 0.21635416666666665 0.11698148148148148 0.0374967447916666 0.04909953703703701
0 0.19760416666666666 0.15311111111111111 0.021384765624999958 0.05840509259259258
0 0.18263020833333332 0.17097222222222225 0.020283203125000072 0.05644097222222229
0 0.25154166666666666 0.18023148148148152 0.03749316406250003 0.029630208333333345
0 0.22891145833333332 0.20242592592592593 0.02341243489583332 0.05280150462962962
0 0.2549166666666667 0.22237962962962965 0.024471354166666733 0.044416666666666584
0 0.23127083333333331 0.25344444444444447 0.01666210937500002 0.04171064814814816
0 0.16831249999999998 0.2560925925925926 0.015615885416666586 0.04073842592592598
0 0.19390624999999997 0.2984074074074074 0.015070963541666652 0.042638888888888844
0 0.21478125 0.30118518518518517 0.020296875000000013 0.047233796296296336
0 0.12333854166666663 0.34622222222222226 0.023951822916666643 0.03425810185185193
0 0.21250520833333333 0.45122222222222225 0.0207760416666666 0.045344907407407486
0 0.2578125 0.010185185185185186 0.042708333333333334 0.020370370370370372
0 0.18714583333333337 0.511824074074074 0.01770572916666673 0.03145486111111116
0 0.2598958333333333 0.5550925925925926 0.03854166666666667 0.06944444444444445
0 0.1846614583333333 0.579324074074074 0.03075130208333334 0.03518344907407393
0 0.17204687500000002 0.6457499999999999 0.024998046874999957 0.03243518518518516
0 0.22361979166666668 0.6627222222222222 0.01770703125000009 0.037028356481481395
2 0.20043229166666668 0.6713611111111112 0.0255247395833333 0.03898263888888883
0 0.16128125 0.6776944444444444 0.00986914062499989 0.03883333333333317
0 0.1723072916666667 0.6813981481481481 0.0130253906250001 0.049944444444444284
0 0.14122395833333332 0.6952777777777778 0.029194661458333233 0.022276620370370294
0 0.04147395833333333 0.7653333333333333 0.02236523437500001 0.036201388888888755
2 0.11022916666666666 0.9406111111111112 0.021383463541666595 0.05374884259259274