0 0.24739583333333334 0.012962962962962963 0.030208333333333334 0.025925925925925925
0 0.36822916666666666 0.016203703703703703 0.05520833333333333 0.032407407407407406
0 0.18697916666666667 0.056768518518518524 0.03434537760416667 0.021291087962962956
0 0.14468229166666666 0.06230555555555555 0.025510416666666678 0.030527199074074033
0 0.2267708333333333 0.06420370370370371 0.0374967447916666 0.04909953703703701
0 0.3787447916666667 0.08760185185185186 0.027054036458333285 0.05553819444444443
0 0.20802083333333332 0.10033333333333334 0.021369466145833252 0.058369212962962956
0 0.19304687499999998 0.11819444444444445 0.020297851562499976 0.056461226851851884
0 0.31834375000000004 0.11981481481481482 0.02603776041666658 0.06482002314814811
0 0.35313541666666665 0.12617592592592597 0.0166256510416666 0.08330671296296292
0 0.26195833333333335 0.12745370370370374 0.03749316406250003 0.029630208333333345
0 0.239328125 0.14964814814814814 0.02341243489583332 0.05280150462962962
0 0.26533333333333337 0.16960185185185186 0.0244752604166667 0.04443055555555557
0 0.24168749999999997 0.2006666666666667 0.01666210937500002 0.04171064814814816
0 0.17872916666666666 0.2033148148148148 0.015620442708333234 0.04073958333333341
0 0.20432291666666663 0.24562962962962961 0.015070963541666652 0.042638888888888844
0 0.22519791666666666 0.24840740740740738 0.02028124999999991 0.04724537037037035
0 0.1337552083333333 0.29344444444444445 0.023951822916666643 0.03425810185185193
0 0.222921875 0.3984444444444445 0.0207760416666666 0.045344907407407486
0 0.3292552083333334 0.418962962962963 0.031252278645833326 0.03982060185185177
0 0.33489583333333334 0.44583333333333336 0.03333333333333333 0.025
0 0.19765625 0.45046296296296295 0.018229166666666668 0.01574074074074074
2 0.14921875 0.987037037037037 0.027604166666666666 0.024074074074074074
0 0.43490625 0.8617222222222223 0.023946289062500032 0.03982754629629626
0 0.6432552083333333 0.865824074074074 0.017687499999999783 0.056472222222222125
0 0.6717291666666667 0.9142777777777777 0.0286367187499998 0.045399305555555554
0 0.4346197916666667 0.9533240740740742 0.026565104166666725 0.023196759259259268
0 0.49254166666666666 0.96875 0.008887369791666681 0.05187037037037035
0 0.48775 0.9769722222222224 0.03280501302083335 0.027762731481481576
0 0.49947916666666664 0.9953703703703703 0.016666666666666666 0.007407407407407408
0 0.45390625 0.9925925925925926 0.021354166666666667 0.012962962962962963