0 0.28742708333333333 0.06561111111111112 0.03178059895833331 0.040694444444444436
0 0.2914479166666667 0.10155555555555557 0.028614583333333242 0.06753356481481479
0 0.35175 0.11903703703703704 0.04063281250000005 0.043549768518518515
0 0.2599270833333333 0.12187037037037038 0.015659505208333258 0.062111111111111096
0 0.341078125 0.14846296296296296 0.020817057291666666 0.052732638888888905
0 0.32121354166666666 0.1874814814814815 0.03335807291666673 0.039750000000000056
0 0.3026041666666667 0.19555555555555554 0.022917317708333346 0.062000000000000034
0 0.3287395833333333 0.26781481481481484 0.029178385416666567 0.031459490740740684
0 0.3054479166666667 0.27631481481481485 0.024472981770833256 0.03979687500000003
0 0.2951302083333333 0.3017037037037037 0.010414062500000062 0.04910879629629632
0 0.26878645833333337 0.30392592592592593 0.013526041666666681 0.05091261574074077
0 0.2927135416666667 0.32773148148148146 0.020888020833333344 0.03893171296296295
0 0.32394791666666667 0.3550092592592593 0.03334374999999999 0.02132754629629624
0 0.29318229166666665 0.3725648148148148 0.02863541666666656 0.03886689814814809
2 0.7245677083333334 0.1091759259259259 0.01872526041666672 0.03338888888888905
2 0.15459375000000003 0.894037037037037 0.01822395833333334 0.05286921296296306
2 0.6470208333333333 0.7486574074074074 0.020844401041666672 0.04545833333333336