0 0.47213541666666664 0.21666666666666667 0.018229166666666668 0.05
0 0.42604166666666665 0.2388888888888889 0.0125 0.05740740740740741
0 0.4510416666666667 0.2800925925925926 0.02578125 0.023148148148148147
0 0.5028645833333333 0.30462962962962964 0.027604166666666666 0.04259259259259259
0 0.4515625 0.3125 0.02421875 0.032407407407407406
0 0.43828125 0.33240740740740743 0.02734375 0.031018518518518518
0 0.46927083333333336 0.3574074074074074 0.021614583333333333 0.041666666666666664
0 0.4244791666666667 0.35833333333333334 0.02578125 0.01990740740740741
0 0.4390625 0.38055555555555554 0.024739583333333332 0.022685185185185187
0 0.4283854166666667 0.43194444444444446 0.02109375 0.02824074074074074
0 0.39166666666666666 0.6708333333333333 0.0140625 0.04675925925925926
0 0.4544270833333333 0.7092592592592593 0.025260416666666667 0.05185185185185185
0 0.3776041666666667 0.7319444444444444 0.015104166666666667 0.01990740740740741
0 0.5505208333333333 0.7379629629629629 0.013541666666666667 0.022222222222222223
0 0.13776041666666666 0.9694444444444444 0.1078125 0.05925925925925926
0 0.7325520833333333 0.8236111111111111 0.0859375 0.14722222222222223
0 0.832546875 0.8725185185185185 0.13178352864583331 0.09722337962962965
0 0.7463541666666667 0.9694444444444444 0.06354166666666666 0.05925925925925926
0 0.8356770833333333 0.7703703703703704 0.1515625 0.040740740740740744
0 0.9395833333333333 0.8055555555555556 0.11979166666666667 0.1111111111111111