0 0.42439583333333336 0.2187037037037037 0.01146809895833331 0.042650462962962966
0 0.40981770833333336 0.2216111111111111 0.009907552083333234 0.03607523148148144
0 0.3939114583333333 0.24014814814814817 0.021366861979166648 0.018527777777777768
0 0.41982291666666666 0.2577314814814815 0.012527994791666686 0.04164525462962969
0 0.41199479166666664 0.2844259259259259 0.02498307291666665 0.028721064814814876
0 0.34028125000000004 0.2928611111111111 0.022371093750000053 0.017538194444444415
0 0.41665625 0.33187037037037037 0.02814225260416663 0.02495775462962955
0 0.46458333333333335 0.45555555555555555 0.011458333333333333 0.046296296296296294
0 0.7494947916666667 0.1879074074074074 0.12711328124999993 0.28796238425925924
0 0.05676562500000001 0.7310925925925926 0.029142252604166665 0.030508101851851658
0 0.5953020833333333 0.8688888888888888 0.030183593749999935 0.026879050925925782