0 0.3828125 0.25 0.023177083333333334 0.03611111111111111
0 0.4080729166666667 0.26666666666666666 0.01171875 0.05092592592592592
0 0.42265625 0.2763888888888889 0.01953125 0.037037037037037035
0 0.42578125 0.3162037037037037 0.02265625 0.03009259259259259
0 0.328125 0.33796296296296297 0.022135416666666668 0.049074074074074076
0 0.43828125 0.34814814814814815 0.01640625 0.04259259259259259
0 0.4140625 0.4634259259259259 0.01953125 0.04537037037037037
0 0.346875 0.6680555555555555 0.01796875 0.022685185185185187
0 0.7755208333333333 0.27175925925925926 0.036458333333333336 0.1398148148148148
0 0.3341145833333333 0.6884259259259259 0.024479166666666666 0.017592592592592594
0 0.9033854166666667 0.8398148148148148 0.05520833333333333 0.09861111111111111