0 0.23534375000000002 0.07487037037037038 0.03178059895833331 0.040694444444444436
0 0.23936458333333335 0.11081481481481482 0.028630208333333348 0.06756307870370369
0 0.2996666666666667 0.1282962962962963 0.04063281250000005 0.043549768518518515
0 0.20784374999999997 0.13112962962962962 0.01564225260416663 0.06207407407407404
0 0.2889947916666667 0.15772222222222224 0.020817057291666666 0.052732638888888905
0 0.26913020833333334 0.19674074074074074 0.033345703125000035 0.03978240740740744
0 0.25052083333333336 0.2048148148148148 0.022916992187500065 0.062018518518518535
0 0.27665625 0.2770740740740741 0.029178385416666567 0.031459490740740684
0 0.25336458333333334 0.2855740740740741 0.024472981770833256 0.03979687500000003
0 0.243046875 0.31096296296296294 0.010415364583333423 0.04909143518518525
0 0.21670312500000002 0.3131851851851852 0.013526041666666681 0.05091261574074077
0 0.24063020833333332 0.33699074074074076 0.020888020833333344 0.03893171296296295
0 0.27186458333333335 0.36426851851851855 0.03335416666666665 0.021358796296296292
0 0.2410989583333333 0.3818240740740741 0.028640625000000006 0.03887789351851849
3 0.6682291666666667 0.22777777777777777 0.15364583333333334 0.16064814814814815
0 0.9755208333333333 0.2351851851851852 0.04739583333333333 0.13055555555555556
0 0.8705729166666667 0.2388888888888889 0.14765625 0.044444444444444446
0 0.5393229166666667 0.2759259259259259 0.13255208333333332 0.08842592592592592
0 0.6546875 0.32083333333333336 0.12161458333333333 0.0962962962962963
0 0.97890625 0.3476851851851852 0.040625 0.07824074074074074
0 0.9041666666666667 0.3638888888888889 0.14427083333333332 0.07083333333333333
0 0.45859375 0.38333333333333336 0.049479166666666664 0.07037037037037037
0 0.6369791666666667 0.3907407407407407 0.15859375 0.053703703703703705
0 0.9604166666666667 0.04675925925925926 0.07760416666666667 0.09305555555555556
0 0.01938541666666668 0.6402037037037037 0.02707389322916664 0.05280729166666668
0 0.02528645833333331 0.8526759259259259 0.010940104166666487 0.06486689814814803