0 0.2709114583333333 0.1381388888888889 0.014595703125000033 0.06757175925925922
0 0.2534322916666667 0.15243518518518517 0.018252604166666585 0.06566782407407407
0 0.21100520833333333 0.15901851851851853 0.017184244791666595 0.04353356481481483
0 0.4539270833333333 0.19224074074074074 0.026535807291666675 0.07137615740740746
0 0.27739583333333334 0.19749074074074074 0.02759472656250009 0.031502314814814796
0 0.35385416666666664 0.2128148148148148 0.03385286458333343 0.05645833333333335
0 0.3081875 0.21662037037037035 0.019766927083333267 0.06292592592592595
0 0.4267239583333333 0.22969444444444445 0.03854622395833331 0.03144791666666667
0 0.31466666666666665 0.25458333333333333 0.032802083333333225 0.018559027777777716
0 0.34534374999999995 0.2891481481481481 0.021851562499999963 0.06574074074074074
0 0.26622395833333334 0.291 0.025015624999999986 0.02775868055555556
0 0.29597395833333334 0.2929537037037037 0.029170572916666634 0.04531828703703706
0 0.2721875 0.3262777777777778 0.015626302083333245 0.042585648148148206
0 0.29180729166666663 0.3303981481481481 0.015128906250000067 0.04349074074074066
0 0.31629166666666664 0.3574537037037037 0.03437955729166665 0.022207175925925915
0 0.30111979166666664 0.396537037037037 0.020845052083333235 0.02596064814814817
0 0.335390625 0.43325925925925934 0.03229427083333339 0.046313078703703756
0 0.40368229166666664 0.49354629629629626 0.0171878255208334 0.05921064814814814
0 0.606765625 0.08541666666666667 0.024951171875 0.03983333333333332
2 0.34545312499999997 0.6980648148148147 0.02186328124999998 0.05190856481481479
2 0.05443749999999999 0.7363333333333334 0.0182740885416667 0.05464583333333327
0 0.10392708333333331 0.7539259259259259 0.01401953125000001 0.04350115740740745
2 0.12302604166666668 0.7619537037037036 0.020823242187500077 0.05367592592592595
0 0.20255208333333338 0.8843055555555556 0.015108723958333315 0.05934837962962968