0 0.534375 0.13796296296296295 0.01875 0.03518518518518519
0 0.5731770833333333 0.15092592592592594 0.02890625 0.016666666666666666
0 0.4666666666666667 0.1527777777777778 0.032552083333333336 0.010648148148148148
0 0.5682291666666667 0.1726851851851852 0.03359375 0.024074074074074074
0 0.5346354166666667 0.18333333333333332 0.014322916666666666 0.0375
0 0.48203125 0.18796296296296297 0.011458333333333333 0.03333333333333333
0 0.50078125 0.20046296296296295 0.023958333333333335 0.015277777777777777
0 0.52421875 0.20833333333333334 0.016145833333333335 0.03657407407407407
0 0.2203125 0.022222222222222223 0.03307291666666667 0.027314814814814816
0 0.5046875 0.21944444444444444 0.024739583333333332 0.013425925925925926
0 0.48333333333333334 0.2199074074074074 0.0125 0.013888888888888888
0 0.41770833333333335 0.22592592592592592 0.022135416666666668 0.01712962962962963
0 0.5638020833333334 0.22916666666666666 0.015104166666666667 0.03518518518518519
0 0.46328125 0.2388888888888889 0.02109375 0.023148148148148147
0 0.628125 0.2412037037037037 0.01875 0.03148148148148148
0 0.4822916666666667 0.24166666666666667 0.014322916666666666 0.02546296296296296
0 0.5013020833333334 0.2439814814814815 0.019791666666666666 0.029166666666666667
0 0.41692708333333334 0.2513888888888889 0.012760416666666666 0.027314814814814816
0 0.5747395833333333 0.2986111111111111 0.025260416666666667 0.01898148148148148
0 0.5893229166666667 0.3351851851851852 0.013802083333333333 0.0375
0 0.4890625 0.449537037037037 0.022916666666666665 0.018518518518518517
0 0.4856770833333333 0.575462962962963 0.13307291666666668 0.056018518518518516
0 0.41953125 0.663425925925926 0.13854166666666667 0.06157407407407407
0 0.18645833333333334 0.6819444444444445 0.090625 0.08009259259259259
0 0.5770833333333333 0.6865740740740741 0.11953125 0.05138888888888889
0 0.25078125 0.7694444444444445 0.09791666666666667 0.055092592592592596
0 0.37005208333333334 0.5287037037037037 0.10598958333333333 0.055092592592592596
0 0.9403645833333333 0.7221481481481481 0.012973307291666696 0.025868055555555554
2 0.9820364583333333 0.726462962962963 0.010891276041666724 0.028607638888888898