0 0.27930208333333334 0.08762037037037036 0.01979296875000003 0.049038194444444454
0 0.27050520833333336 0.1367962962962963 0.02292513020833328 0.06019965277777778
0 0.30378645833333334 0.19717592592592592 0.01666341145833338 0.06855902777777782
0 0.37908854166666667 0.20828703703703702 0.0416630859375001 0.041667245370370386
0 0.26280729166666666 0.20900925925925928 0.019282877604166634 0.04908738425925924
0 0.28167708333333336 0.20911111111111108 0.013554036458333366 0.06845486111111108
0 0.2611875 0.2386388888888889 0.031753906249999984 0.029623842592592573
0 0.31241145833333334 0.24542592592592594 0.02189160156249995 0.05003240740740738
0 0.22159895833333335 0.24748148148148147 0.025572265625000055 0.04448379629629631
0 0.293890625 0.2546851851851852 0.025511718750000037 0.02221585648148155
0 0.2681927083333333 0.26475925925925925 0.028126302083333242 0.025
0 0.24538541666666666 0.2824537037037037 0.02184505208333327 0.01850462962962964
0 0.2992708333333333 0.28450925925925924 0.018753255208333406 0.042553240740740725
0 0.26795833333333335 0.2887314814814815 0.019288085937499963 0.02222800925925928
0 0.3419270833333333 0.2933611111111111 0.013027018229166742 0.06292997685185177
0 0.2885625 0.3195925925925926 0.013023111979166658 0.047208333333333345
0 0.26199999999999996 0.32175000000000004 0.02081998697916667 0.03054166666666668
0 0.312640625 0.32175000000000004 0.01353841145833338 0.045342592592592615
0 0.33093229166666666 0.35137962962962965 0.017208007812500033 0.05276331018518519
0 0.18466666666666665 0.41844444444444445 0.020302408854166742 0.07314525462962956
0 0.25296875 0.49446296296296294 0.012016927083333328 0.038868055555555524
0 0.26882291666666663 0.5065 0.022886067708333378 0.03701620370370367
0 0.2 0.55 0.011458333333333333 0.016666666666666666
0 0.26484375 0.5648148148148148 0.0296875 0.011111111111111112
0 0.28203125 0.5675925925925925 0.0265625 0.016666666666666666
0 0.30441666666666667 0.5777407407407408 0.02446940104166669 0.03329861111111114
0 0.43870312499999997 0.6277314814814815 0.041161132812500036 0.041667245370370386
0 0.19462499999999996 0.6426481481481481 0.013548177083333357 0.04073495370370368
0 0.3830208333333333 0.6572592592592592 0.03804199218749993 0.03795023148148152
0 0.28005208333333337 0.6601388888888889 0.021883463541666735 0.05092592592592592
0 0.3467864583333334 0.6621944444444445 0.0171992187499999 0.06015972222222219
0 0.3008854166666667 0.6944907407407407 0.02656770833333333 0.02591319444444448
0 0.28022916666666664 0.7106388888888889 0.019821614583333275 0.04909895833333335
0 0.31396875 0.7201111111111111 0.027067708333333346 0.028715856481481433
0 0.34702083333333333 0.7339907407407408 0.035929036458333265 0.03332581018518523
0 0.20932291666666666 0.8666944444444444 0.013563802083333224 0.05184201388888899
0 0.18327604166666667 0.9010555555555555 0.022919270833333272 0.029557870370370276
0 0.23079687499999998 0.9919907407407407 0.015639648437500025 0.01574884259259277
0 0.7574583333333335 0.6989907407407407 0.029164062500000063 0.029658564814814815