0 0.17091145833333332 0.10758333333333334 0.014595703125000033 0.06757175925925922
0 0.1534322916666667 0.12187962962962963 0.018240885416666568 0.0657042824074074
0 0.11100520833333333 0.12846296296296297 0.017184244791666595 0.04353356481481483
0 0.3450520833333333 0.16203703703703703 0.008854166666666666 0.07222222222222222
0 0.17739583333333334 0.1669351851851852 0.02759472656250009 0.031502314814814796
0 0.25385416666666666 0.18225925925925923 0.03385286458333343 0.05645833333333335
0 0.20818750000000003 0.1860648148148148 0.019766927083333267 0.06292592592592595
0 0.3267239583333333 0.1991388888888889 0.03854622395833331 0.03144791666666667
0 0.21466666666666664 0.22402777777777777 0.032802083333333225 0.018559027777777716
0 0.24534374999999997 0.25859259259259254 0.02186328124999998 0.06574074074074074
0 0.1662239583333333 0.2604444444444444 0.025015624999999986 0.02775868055555556
0 0.19597395833333334 0.26239814814814816 0.029170572916666634 0.04531828703703706
0 0.17218750000000002 0.2957222222222222 0.015627604166666604 0.042578703703703716
0 0.19180729166666666 0.2998425925925926 0.015128906250000067 0.04349074074074066
0 0.21629166666666666 0.32689814814814816 0.03437955729166665 0.022207175925925915
0 0.20111979166666666 0.36598148148148146 0.020839192708333225 0.025943287037036994
0 0.23539062500000002 0.4027037037037038 0.03229427083333339 0.046313078703703756
0 0.7447916666666666 0.08333333333333333 0.1234375 0.16666666666666666
0 0.40286458333333336 0.11851851851851852 0.10572916666666667 0.0787037037037037
0 0.9450520833333333 0.1287037037037037 0.10963541666666667 0.10324074074074074
0 0.5067708333333333 0.225 0.16666666666666666 0.15324074074074073
3 0.65390625 0.25324074074074077 0.13645833333333332 0.3055555555555556
0 0.39739583333333334 0.27685185185185185 0.08697916666666666 0.21203703703703702
0 0.89140625 0.30277777777777776 0.21536458333333333 0.08796296296296297
0 0.584375 0.41203703703703703 0.096875 0.053703703703703705
0 0.5479166666666667 0.043055555555555555 0.08359375 0.08564814814814815
0 0.40520833333333334 0.42407407407407405 0.11041666666666666 0.02962962962962963
0 0.9260416666666667 0.42777777777777776 0.14635416666666667 0.022685185185185187
0 0.6356770833333333 0.04583333333333333 0.08046875 0.09166666666666666
0 0.8234375 0.0625 0.08958333333333333 0.125
0 0.5386249999999999 0.8099537037037037 0.02913932291666666 0.025944444444444426