0 0.16055208333333332 0.1295925925925926 0.024489257812499925 0.06759432870370369
0 0.2921666666666667 0.13011111111111112 0.03645507812500005 0.03795196759259262
0 0.14295833333333335 0.23966666666666664 0.020365234374999968 0.046232638888888865
0 0.16506249999999997 0.24758333333333332 0.03337500000000008 0.021269675925925977
0 0.1807552083333333 0.2741203703703704 0.012486979166666618 0.02962326388888896
0 0.1974739583333333 0.30950925925925926 0.03280729166666667 0.01853703703703702
0 0.16309895833333332 0.3109537037037037 0.024988281250000098 0.03697106481481474
0 0.21954687499999997 0.9176666666666667 0.03383235677083339 0.027825231481481676
0 0.1410625 0.939425925925926 0.02239257812499993 0.030460648148147973
0 0.1464427083333333 0.9520740740740741 0.014608723958333413 0.05275925925925928
2 0.7368281250000001 0.7395462962962963 0.07917545572916668 0.21665914351851856