0 0.30546875 0.18055555555555555 0.0109375 0.07407407407407407
0 0.29244791666666664 0.1962962962962963 0.013802083333333333 0.07175925925925926
0 0.26067708333333334 0.20324074074074075 0.012760416666666666 0.047685185185185185
0 0.4427083333333333 0.23981481481481481 0.019791666666666666 0.07824074074074074
0 0.3104166666666667 0.24537037037037038 0.020572916666666666 0.034722222222222224
0 0.36770833333333336 0.2625 0.025260416666666667 0.06157407407407407
0 0.33359375 0.26666666666666666 0.01484375 0.06898148148148148
0 0.42239583333333336 0.28055555555555556 0.02890625 0.03425925925925926
0 0.33828125 0.30787037037037035 0.024479166666666666 0.020370370370370372
0 0.3614583333333333 0.3458333333333333 0.01640625 0.07175925925925926
0 0.3020833333333333 0.3476851851851852 0.01875 0.030555555555555555
0 0.32421875 0.35 0.021875 0.04953703703703704
0 0.3065104166666667 0.38657407407407407 0.01171875 0.04675925925925926
0 0.32109375 0.3912037037037037 0.011458333333333333 0.047685185185185185
0 0.33958333333333335 0.4203703703703704 0.02578125 0.024537037037037038
0 0.328125 0.4634259259259259 0.015625 0.02824074074074074
0 0.35390625 0.5037037037037037 0.02421875 0.050462962962962966
0 0.40520833333333334 0.5694444444444444 0.013020833333333334 0.06481481481481481
0 0.3 0.7138888888888889 0.008333333333333333 0.02962962962962963
0 0.6460052083333333 0.8824907407407406 0.022914388020833225 0.047213541666666685
0 0.6697916666666667 0.9912037037037037 0.016666666666666666 0.01574074074074074