0 0.24583854166666666 0.08825000000000001 0.036443359375000026 0.028707175925925924
0 0.312171875 0.1152037037037037 0.038058593749999994 0.037995370370370395
0 0.10923958333333333 0.1676574074074074 0.030197591145833334 0.04633043981481482
0 0.325015625 0.1863888888888889 0.029159179687500016 0.027760416666666655
0 0.3426666666666666 0.1928611111111111 0.026062825520833263 0.026853587962962947
0 0.36483333333333334 0.2082962962962963 0.02447428385416662 0.03331597222222221
0 0.25504166666666667 0.2732037037037037 0.01355468749999993 0.04072916666666673
0 0.34046875000000004 0.2906944444444444 0.021883463541666735 0.05092592592592592
0 0.36130208333333336 0.32504629629629633 0.02656770833333333 0.02591319444444448
0 0.3406458333333333 0.34119444444444447 0.019851562500000006 0.04912384259259263
0 0.3743854166666667 0.3506666666666667 0.027052083333333244 0.028728009259259262
0 0.39427083333333335 0.36435185185185187 0.010416666666666666 0.03425925925925926
0 0.2697395833333333 0.49724999999999997 0.0135859374999999 0.05183217592592592
0 0.2436927083333333 0.5316111111111111 0.02291796874999991 0.029593750000000058
0 0.2912135416666667 0.6225462962962963 0.015654296874999928 0.015756944444444587
0 0.32526041666666666 0.6416666666666667 0.0140625 0.03333333333333333
0 0.553125 0.6685185185185185 0.023958333333333335 0.018518518518518517
0 0.5174427083333334 0.7329444444444445 0.032861328125 0.019502314814814816
0 0.52265625 0.7588703703703704 0.015080403645833348 0.037915509259259066
0 0.48661979166666663 0.7718240740740742 0.018753255208333285 0.05459895833333319
0 0.6294375 0.7847870370370371 0.027626302083333342 0.03986168981481489
0 0.67059375 0.9600740740740742 0.029666666666666685 0.027802083333333442