0 0.42207812499999997 0.125875 0.029691406250000087 0.07350347222222224
0 0.4088828125 0.1996388888888889 0.03440039062500002 0.09032118055555556
0 0.4588046875 0.2902083333333333 0.024997558593750035 0.10280815972222225
0 0.3973359375 0.30795833333333333 0.02892431640624995 0.07363107638888886
0 0.42564062500000005 0.30811111111111106 0.020321777343749937 0.10273003472222228
0 0.39490625 0.3524027777777778 0.04763085937499998 0.044435763888888855
0 0.4717421875 0.3625833333333333 0.032862304687500024 0.07509722222222229
0 0.3355234375 0.36566666666666664 0.03835839843750009 0.06672569444444447
0 0.4439609375 0.3764722222222222 0.038267578125000055 0.03332378472222233
0 0.40541406249999995 0.39158333333333334 0.042189453124999866 0.0375
0 0.37120312499999997 0.418125 0.032767578124999905 0.027756944444444463
0 0.45203125 0.4212083333333333 0.028127441406249964 0.06385937499999998
0 0.4050625 0.42754166666666665 0.028958007812499888 0.03335069444444435
0 0.512109375 0.4340277777777778 0.01328125 0.09583333333333334
0 0.43596874999999996 0.4738333333333334 0.01953808593749997 0.07079166666666654
0 0.39612499999999995 0.47706944444444443 0.03122998046875001 0.04581250000000002
0 0.4720859375 0.47706944444444443 0.02030761718750007 0.06801388888888893
0 0.4995234375 0.5215138888888889 0.02584277343749992 0.07912326388888889
0 0.93984375 0.009027777777777777 0.0265625 0.018055555555555554
0 0.50234375 0.6229166666666667 0.0328125 0.043055555555555555
0 0.51015625 0.6756944444444445 0.0171875 0.06527777777777778
0 0.809375 0.7534722222222222 0.083984375 0.12013888888888889