0 0.39680208333333333 0.10635185185185186 0.03178059895833331 0.040694444444444436
0 0.4008229166666667 0.1422962962962963 0.028630208333333348 0.06756307870370369
0 0.3693020833333333 0.16261111111111112 0.01564225260416663 0.06207407407407404
0 0.42135416666666664 0.22777777777777777 0.015625 0.040740740740740744
0 0.4119791666666667 0.23629629629629628 0.022916992187500065 0.062018518518518535
0 0.42630208333333336 0.3087962962962963 0.005729166666666666 0.032407407407407406
0 0.4148229166666667 0.3170555555555556 0.024466796874999967 0.03977893518518514
0 0.4045052083333333 0.34244444444444444 0.010414062500000062 0.04910879629629632
0 0.37816145833333337 0.3446666666666667 0.013510416666666577 0.05089930555555561
0 0.4020885416666667 0.3684722222222222 0.020888020833333344 0.03893171296296295
0 0.42265625 0.39537037037037037 0.013020833333333334 0.022222222222222223
0 0.40255729166666665 0.41330555555555554 0.02863541666666656 0.03886689814814809
0 0.309546875 0.5969166666666667 0.02138671875 0.025009259259259252
0 0.3203125 0.6152777777777778 0.01875 0.006481481481481481
2 0.1792552083333333 0.8222870370370371 0.020808593750000052 0.040834490740740685
2 0.5980104166666665 0.6705925925925926 0.020809244791666615 0.05279513888888885
2 0.6552239583333334 0.7141111111111111 0.01351985677083339 0.026843171296296212
2 0.5756979166666667 0.7292314814814815 0.018753906249999966 0.04361111111111124
0 0.7148697916666666 0.7475925925925926 0.029666992187500085 0.03428645833333319
2 0.6938593750000001 0.7971203703703703 0.031229817708333486 0.03153356481481469
0 0.7976041666666667 0.8373981481481482 0.024997721354166676 0.05095138888888881