0 0.3095703125 0.07604166666666666 0.037109375 0.023177083333333334
0 0.3771484375 0.09765625 0.0388671875 0.030729166666666665
0 0.1703125 0.14010416666666667 0.030859375 0.0375
0 0.390234375 0.15546875 0.0296875 0.022395833333333334
0 0.6126953125 0.15989583333333332 0.038671875 0.027083333333333334
0 0.4083984375 0.16067708333333333 0.0265625 0.021614583333333333
0 0.430859375 0.17317708333333334 0.025 0.026822916666666665
0 0.5677734375 0.21354166666666666 0.0419921875 0.033854166666666664
0 0.3189453125 0.22552083333333334 0.0138671875 0.03307291666666667
0 0.6029296875 0.228125 0.0365234375 0.04791666666666667
0 0.5111328125 0.2375 0.0388671875 0.030729166666666665
0 0.4060546875 0.23984375 0.022265625 0.04114583333333333
0 0.4740234375 0.24140625 0.017578125 0.04869791666666667
0 0.42734375 0.2677083333333333 0.0271484375 0.02109375
0 0.40625 0.28072916666666664 0.0203125 0.03984375
0 0.440625 0.28828125 0.0275390625 0.023177083333333334
0 0.4744140625 0.2994791666666667 0.03671875 0.027083333333333334
0 0.333984375 0.40703125 0.0138671875 0.04192708333333333
0 0.307421875 0.4348958333333333 0.0234375 0.023958333333333335
0 0.355859375 0.5083333333333333 0.016015625 0.012760416666666666
0 0.390234375 0.5244791666666667 0.0138671875 0.028385416666666666
0 0.8439453125 0.29713541666666665 0.0337890625 0.12369791666666667
0 0.23678125 0.79040625 0.021854492187499998 0.017241536458333328
2 0.901171875 0.6033854166666667 0.12265625 0.12760416666666666
2 0.7267578125 0.7869791666666667 0.094140625 0.12708333333333333