0 0.4161458333333333 0.1287037037037037 0.019791666666666666 0.04398148148148148
0 0.04375 0.15787037037037038 0.0203125 0.04490740740740741
0 0.40729166666666666 0.17314814814814813 0.022916666666666665 0.05416666666666667
0 0.440625 0.2273148148148148 0.016666666666666666 0.06157407407407407
0 0.51640625 0.2375 0.04192708333333333 0.0375
0 0.39947916666666666 0.23796296296296296 0.019270833333333334 0.04398148148148148
0 0.41848958333333336 0.23842592592592593 0.013541666666666667 0.06157407407407407
0 0.39791666666666664 0.26481481481481484 0.03203125 0.026851851851851852
0 0.44947916666666665 0.2708333333333333 0.021875 0.04490740740740741
0 0.3580729166666667 0.2726851851851852 0.02578125 0.03981481481481482
0 0.43072916666666666 0.2791666666666667 0.025520833333333333 0.01990740740740741
0 0.4049479166666667 0.2884259259259259 0.028385416666666666 0.022685185185185187
0 0.38203125 0.30416666666666664 0.021875 0.016666666666666666
0 0.4361979166666667 0.3060185185185185 0.01875 0.038425925925925926
0 0.4046875 0.30972222222222223 0.019270833333333334 0.01990740740740741
0 0.4791666666666667 0.3138888888888889 0.013020833333333334 0.05648148148148148
0 0.42552083333333335 0.3375 0.013020833333333334 0.04259259259259259
0 0.39869791666666665 0.33935185185185185 0.020833333333333332 0.027314814814814816
0 0.44973958333333336 0.33935185185185185 0.013541666666666667 0.040740740740740744
0 0.46796875 0.3662037037037037 0.0171875 0.047685185185185185
0 0.32109375 0.4263888888888889 0.0203125 0.06574074074074074
0 0.38958333333333334 0.4949074074074074 0.011979166666666667 0.03518518518518519
0 0.40572916666666664 0.5060185185185185 0.022916666666666665 0.03333333333333333
0 0.33619791666666665 0.5546296296296296 0.0109375 0.03425925925925926
0 0.39166666666666666 0.5694444444444444 0.022916666666666665 0.014814814814814815
0 0.3453125 0.5800925925925926 0.015625 0.026851851851851852
0 0.2992135416666667 0.9127314814814815 0.027555338541666665 0.03890740740740739