0 0.3972447916666667 0.16775925925925927 0.03643229166666669 0.03327199074074077
0 0.45989583333333334 0.16944444444444445 0.01875 0.02962962962962963
0 0.4346875 0.22412962962962962 0.01613671874999992 0.061143518518518486
0 0.409625 0.23688888888888887 0.025494466145833408 0.033301504629629566
0 0.41553125 0.2698055555555555 0.010404947916666766 0.024949074074074016
0 0.432375 0.28080555555555553 0.02240690104166667 0.055516203703703686
0 0.40545833333333337 0.28235185185185185 0.010942382812500047 0.04446354166666666
0 0.46145833333333336 0.29953703703703705 0.015625 0.03796296296296296
0 0.35915625 0.38625 0.019791992187499947 0.01848437499999999
0 0.3774427083333334 0.4019907407407407 0.014567708333333347 0.04074884259259256
0 0.35580208333333335 0.45331481481481484 0.011487630208333263 0.03803356481481467
0 0.34972395833333336 0.5002222222222222 0.012985026041666714 0.04077199074074079
0 0.3658125 0.5782037037037038 0.02397395833333332 0.023106481481481415
0 0.2552083333333333 0.5861111111111111 0.025 0.044444444444444446
0 0.6296875 0.2962962962962963 0.15286458333333333 0.11527777777777778
0 0.22994791666666667 0.6231481481481481 0.024479166666666666 0.027777777777777776
2 0.19739583333333333 0.6342592592592593 0.016666666666666666 0.05
0 0.4383177083333333 0.7201111111111111 0.014024088541666656 0.053716435185185256
2 0.7947083333333335 0.9221296296296296 0.016141927083333365 0.051906249999999925