0 0.346046875 0.11534259259259258 0.016182291666666633 0.05094328703703705
0 0.379765625 0.13387962962962963 0.0249635416666667 0.024082175925925944
0 0.28756770833333334 0.13649074074074075 0.02814778645833336 0.015792824074074105
0 0.37547916666666664 0.16576851851851848 0.02919238281249991 0.03517418981481479
0 0.3463229166666667 0.18101851851851852 0.012450520833333319 0.05473032407407406
0 0.3008020833333333 0.18783333333333335 0.009879231770833267 0.04812326388888887
0 0.3170364583333333 0.2055185185185185 0.02082356770833336 0.022212962962962865
0 0.33728125000000003 0.21722222222222223 0.014051432291666662 0.05280208333333334
0 0.32038541666666664 0.23314814814814816 0.02135546874999991 0.01944849537037046
0 0.30196875 0.23432407407407407 0.010930989583333309 0.0204305555555555
0 0.24516666666666667 0.2429351851851852 0.01927669270833334 0.024991898148148183
0 0.371609375 0.24764814814814812 0.013017578125000047 0.05090162037037037
0 0.2845416666666667 0.2618425925925926 0.01823079427083331 0.03332638888888884
0 0.4274010416666666 0.26516666666666666 0.016129557291666666 0.04544444444444438
0 0.30101041666666667 0.2656296296296296 0.012479166666666685 0.036998842592592604
0 0.3174895833333334 0.269212962962963 0.0171751302083333 0.042583912037037056
0 0.24442708333333332 0.28005555555555556 0.0109615885416666 0.03986226851851861
0 0.38114062499999996 0.3482962962962963 0.0218509114583334 0.027850694444444456
0 0.39375 0.3907407407407407 0.0125 0.03518518518518519
0 0.10013541666666666 0.5295833333333334 0.015078776041666705 0.022275462962962966
0 0.25390625 0.5501018518518519 0.023496744791666656 0.0277951388888889
0 0.2898645833333333 0.6265925925925926 0.02862500000000002 0.02315625000000002
0 0.4471354166666667 0.6453703703703704 0.0046875 0.05925925925925926
0 0.34044270833333334 0.6754629629629629 0.025495442708333253 0.01572569444444443
0 0.31072916666666667 0.6866111111111111 0.01195638020833331 0.04902893518518515
0 0.26974479166666665 0.6992407407407408 0.027109374999999977 0.02771875000000008
0 0.2326302083333333 0.7111296296296297 0.015632161458333252 0.03705671296296297
0 0.41040625000000003 0.7153333333333333 0.02083170572916669 0.04538541666666668
0 0.42135416666666664 0.7517962962962963 0.01148795572916678 0.05002835648148147
0 0.1270625 0.8764722222222222 0.02239453125000003 0.03620486111111105
0 0.39196875000000003 0.9325 0.015079752604166666 0.04812905092592604