0 0.35989583333333336 0.07685185185185185 0.023697916666666666 0.028703703703703703
0 0.4734375 0.13842592592592592 0.01875 0.03333333333333333
0 0.39947916666666666 0.16435185185185186 0.0171875 0.02546296296296296
0 0.50390625 0.1912037037037037 0.011197916666666667 0.03657407407407407
0 0.4432291666666667 0.2 0.013020833333333334 0.03148148148148148
0 0.39401041666666664 0.22453703703703703 0.01015625 0.027314814814814816
0 0.4122395833333333 0.22453703703703703 0.023177083333333334 0.011111111111111112
0 0.4348958333333333 0.22592592592592592 0.01171875 0.021296296296296296
0 0.62734375 0.23194444444444445 0.028125 0.03657407407407407
0 0.40234375 0.24768518518518517 0.02734375 0.014814814814814815
0 0.44192708333333336 0.24768518518518517 0.015625 0.03194444444444444
0 0.4283854166666667 0.29768518518518516 0.011979166666666667 0.02824074074074074
0 0.20234375 0.39444444444444443 0.025260416666666667 0.020370370370370372
0 0.38776041666666666 0.42453703703703705 0.0109375 0.030555555555555555
0 0.38333333333333336 0.4638888888888889 0.02109375 0.009722222222222222
0 0.188625 0.6351018518518519 0.026028320312500006 0.037008680555555465
2 0.8106770833333333 0.7726851851851851 0.07317708333333334 0.12222222222222222