0 0.45598958333333334 0.18981481481481483 0.027604166666666666 0.03981481481481482
0 0.39453125 0.32222222222222224 0.010416666666666666 0.04490740740740741
0 0.3809895833333333 0.325 0.009114583333333334 0.03796296296296296
0 0.36666666666666664 0.34444444444444444 0.01953125 0.019444444444444445
0 0.39036458333333335 0.362962962962963 0.011458333333333333 0.04351851851851852
0 0.38307291666666665 0.3912037037037037 0.022916666666666665 0.03009259259259259
0 0.31744791666666666 0.4 0.020572916666666666 0.018518518518518517
0 0.38723958333333336 0.44074074074074077 0.02578125 0.02638888888888889
0 0.4309895833333333 0.5740740740740741 0.009895833333333333 0.05324074074074074
0 0.6547604166666666 0.39651851851851855 0.029180989583333292 0.03241550925925923
0 0.2620625 0.8193611111111111 0.032277994791666605 0.029601851851851876
0 0.93828125 0.9958333333333333 0.03177083333333333 0.006481481481481481