0 0.41119791666666666 0.1814814814814815 0.025 0.03796296296296296
0 0.35572916666666665 0.30787037037037035 0.009375 0.04259259259259259
0 0.34375 0.3106481481481482 0.008072916666666667 0.03611111111111111
0 0.33046875 0.3296296296296296 0.017708333333333333 0.018518518518518517
0 0.35182291666666665 0.3472222222222222 0.010416666666666666 0.041666666666666664
0 0.3455729166666667 0.37407407407407406 0.020572916666666666 0.028703703703703703
0 0.28619791666666666 0.3824074074074074 0.018489583333333334 0.017592592592592594
0 0.34921875 0.4217592592592593 0.023177083333333334 0.025
0 0.3888020833333333 0.549074074074074 0.009114583333333334 0.05092592592592592
0 0.5833489583333333 0.45145370370370375 0.012478515625000004 0.05652777777777773
1 0.22526041666666666 0.8138888888888889 0.3190104166666667 0.1162037037037037