0 0.46796875 0.012037037037037037 0.0296875 0.024074074074074074
0 0.4388020833333333 0.024537037037037038 0.013020833333333334 0.049074074074074076
0 0.39351041666666664 0.02764814814814816 0.009862630208333318 0.048098379629629595
0 0.40974479166666666 0.045333333333333316 0.02082356770833336 0.022212962962962865
0 0.42998958333333337 0.05703703703703706 0.014056966145833271 0.0527899305555555
0 0.41309375 0.07296296296296298 0.02135546874999991 0.01944849537037046
0 0.39467708333333335 0.07413888888888888 0.010934244791666714 0.020400462962962884
0 0.33787500000000004 0.08275 0.01927669270833334 0.024991898148148183
0 0.46431770833333336 0.08746296296296295 0.013017578125000047 0.05090162037037037
0 0.37725000000000003 0.10165740740740743 0.01823079427083331 0.03332638888888884
0 0.520109375 0.10498148148148148 0.016129557291666666 0.04544444444444438
0 0.39371875 0.10544444444444444 0.012489583333333342 0.03701793981481482
0 0.41019791666666666 0.10902777777777778 0.0171751302083333 0.042583912037037056
0 0.33713541666666663 0.11987037037037035 0.0109615885416666 0.03986226851851861
0 0.4738489583333333 0.18811111111111115 0.0218509114583334 0.027850694444444456
0 0.48638020833333334 0.24093518518518522 0.011976562500000062 0.0546469907407407
0 0.32005208333333335 0.5731481481481482 0.029166666666666667 0.044444444444444446
0 0.39791666666666664 0.6074074074074074 0.029166666666666667 0.02962962962962963
0 0.096875 0.6277777777777778 0.022135416666666668 0.044444444444444446
0 0.19036458333333334 0.6865740740740741 0.037760416666666664 0.041666666666666664
0 0.4666666666666667 0.7268518518518519 0.038802083333333334 0.043055555555555555
0 0.4041666666666667 0.4 0.030729166666666665 0.04861111111111111
0 0.2890625 0.774537037037037 0.03229166666666667 0.044444444444444446
0 0.4140625 0.7763888888888889 0.026822916666666665 0.041666666666666664
0 0.12239583333333333 0.9217592592592593 0.03229166666666667 0.032407407407407406
0 0.3111979166666667 0.9273148148148148 0.037760416666666664 0.04722222222222222
0 0.08880208333333334 0.9305555555555556 0.033854166666666664 0.04583333333333333
0 0.15104166666666666 0.9462962962962963 0.03229166666666667 0.05694444444444444
0 0.06380208333333333 0.9731481481481481 0.039322916666666666 0.04212962962962963
0 0.37057291666666664 0.44814814814814813 0.027604166666666666 0.05277777777777778
0 0.32864583333333336 0.4666666666666667 0.03697916666666667 0.05
0 0.7494791666666667 0.5712962962962963 0.171875 0.17546296296296296