0 0.18861979166666665 0.14925 0.014595703125000033 0.06757175925925922
0 0.17114062500000002 0.1635462962962963 0.018252604166666585 0.06566782407407407
0 0.12871354166666665 0.17012962962962963 0.01718098958333331 0.043548611111111135
0 0.37163541666666666 0.20335185185185187 0.02654915364583322 0.07133622685185188
0 0.1951041666666667 0.20860185185185182 0.027585286458333396 0.03152314814814811
0 0.2715625 0.2239259259259259 0.03385351562499998 0.056469907407407365
0 0.22589583333333335 0.22773148148148148 0.019779296874999967 0.06294444444444446
0 0.3444322916666666 0.24080555555555555 0.03854622395833331 0.03144791666666667
0 0.23237499999999997 0.26569444444444446 0.03280729166666667 0.01853877314814817
0 0.2630520833333333 0.3002592592592592 0.021851562499999963 0.06574074074074074
0 0.18393229166666666 0.3021111111111111 0.025015624999999986 0.02775868055555556
0 0.21368229166666666 0.3040648148148148 0.02916861979166659 0.04534432870370366
0 0.18989583333333335 0.3373888888888889 0.015626302083333245 0.042585648148148206
0 0.20951562499999998 0.34150925925925923 0.015116536458333366 0.04350462962962964
0 0.23399999999999999 0.36856481481481485 0.03437955729166665 0.022207175925925915
0 0.21882812499999998 0.40764814814814815 0.020845052083333235 0.02596064814814817
0 0.25309895833333335 0.4443703703703704 0.03229427083333339 0.046313078703703756
0 0.32135416666666666 0.48703703703703705 0.017708333333333333 0.024074074074074074
0 0.004427083333333333 0.9111111111111111 0.008854166666666666 0.020370370370370372
0 0.012244791666666663 0.925537037037037 0.016123046874999977 0.03976736111111092
0 0.5001666666666666 0.5824814814814815 0.02603645833333334 0.03713310185185184