0 0.5205729166666667 0.1625 0.018229166666666668 0.0412037037037037
0 0.55859375 0.17731481481481481 0.028125 0.019444444444444445
0 0.4546875 0.17962962962962964 0.03177083333333333 0.012962962962962963
0 0.5536458333333333 0.20324074074074075 0.0328125 0.028703703703703703
0 0.5208333333333334 0.21574074074074073 0.0140625 0.044444444444444446
0 0.46953125 0.2212962962962963 0.011197916666666667 0.03888888888888889
0 0.48802083333333335 0.2351851851851852 0.0234375 0.018055555555555554
0 0.5106770833333333 0.2449074074074074 0.015885416666666666 0.04259259259259259
0 0.21484375 0.025925925925925925 0.03229166666666667 0.032407407407407406
0 0.49166666666666664 0.25787037037037036 0.023958333333333335 0.01574074074074074
0 0.47109375 0.2587962962962963 0.012239583333333333 0.016666666666666666
0 0.40703125 0.2657407407407407 0.021614583333333333 0.020370370370370372
0 0.54921875 0.26944444444444443 0.014583333333333334 0.0412037037037037
0 0.4513020833333333 0.2810185185185185 0.020572916666666666 0.026851851851851852
0 0.6119791666666666 0.28379629629629627 0.018229166666666668 0.03657407407407407
0 0.46979166666666666 0.28425925925925927 0.0140625 0.03009259259259259
0 0.48854166666666665 0.28703703703703703 0.019270833333333334 0.03425925925925926
0 0.40625 0.29583333333333334 0.012239583333333333 0.032407407407407406
0 0.56015625 0.3509259259259259 0.024479166666666666 0.022685185185185187
0 0.57421875 0.3939814814814815 0.013541666666666667 0.044444444444444446
0 0.47630208333333335 0.5282407407407408 0.022395833333333334 0.02175925925925926
0 0.2908854166666667 0.5532407407407407 0.018229166666666668 0.026851851851851852
0 0.17897395833333332 0.6488518518518518 0.017218098958333292 0.0500219907407408
0 0.026260416666666675 0.7817037037037037 0.021871744791666668 0.04723090277777786
0 0.25 0.7857314814814815 0.023964518229166742 0.03985358796296307
0 0.334125 0.7883148148148148 0.02341894531250001 0.03983449074074075
0 0.30309375000000005 0.8089629629629629 0.0187252604166666 0.037993634259259404
0 0.32315625000000003 0.8160462962962963 0.014582031249999971 0.024087384259259235
0 0.3647239583333333 0.8271666666666667 0.025545572916666735 0.02309953703703703
0 0.29739583333333336 0.8326481481481481 0.015673828125 0.0268206018518518
0 0.335453125 0.8354722222222222 0.026075520833333244 0.022179398148148267
0 0.26096874999999997 0.8425555555555556 0.027108723958333296 0.02217245370370367
0 0.27219791666666665 0.843462962962963 0.023392578124999966 0.049983796296296366
2 0.33759895833333337 0.8524537037037037 0.01719205729166665 0.04353703703703723
0 0.36797916666666663 0.8674999999999999 0.021376953125000025 0.033359953703703864
0 0.23975000000000002 0.8807685185185186 0.012496744791666596 0.03797048611111117
0 0.07122916666666666 0.888175925925926 0.01719401041666669 0.06389583333333328
0 0.31050520833333334 0.9363148148148148 0.023971354166666594 0.034265625000000036
0 0.9312447916666666 0.7224537037037037 0.07503190104166665 0.06755324074074072
0 0.7833333333333333 0.8449074074074074 0.06666666666666667 0.08796296296296297
2 0.9809895833333333 0.8851851851851852 0.03697916666666667 0.08703703703703704
0 0.88971875 0.956175925925926 0.03436067708333332 0.0472581018518519