0 0.3005586592178771 0.22439678284182304 0.027374301675977653 0.03431635388739947
0 0.3527374301675978 0.2257372654155496 0.024245810055865923 0.02975871313672922
0 0.3287150837988827 0.28257372654155494 0.012067039106145252 0.06327077747989276
0 0.30983240223463687 0.29571045576407506 0.019106145251396648 0.03431635388739947
0 0.3143016759776536 0.3297587131367292 0.00782122905027933 0.025737265415549597
0 0.32692737430167595 0.3412868632707775 0.01675977653631285 0.05737265415549598
0 0.3067039106145251 0.34289544235924935 0.008156424581005586 0.04611260053619303
0 0.3568715083798883 0.3605898123324397 0.02770949720670391 0.03833780160857909
0 0.375195530726257 0.4222520107238606 0.012849162011173185 0.06514745308310992
0 0.27206703910614527 0.45013404825737263 0.014860335195530726 0.01903485254691689
0 0.28569832402234635 0.46648793565683644 0.010949720670391062 0.042091152815013404
0 0.3964245810055866 0.48230563002680965 0.024245810055865923 0.029490616621983913
0 0.26949720670391064 0.5195710455764075 0.008603351955307263 0.03941018766756032
0 0.26491620111731845 0.5680965147453083 0.009720670391061453 0.042091152815013404
0 0.2769832402234637 0.6487935656836461 0.01798882681564246 0.02386058981233244
0 0.1940782122905028 0.6584450402144773 0.01798882681564246 0.04691689008042895
0 0.3627932960893855 0.6742627345844504 0.025027932960893853 0.02868632707774799
2 0.6326256983240224 0.4951742627345844 0.010726256983240224 0.035656836461126
2 0.21262569832402234 0.8662198391420911 0.009608938547486033 0.014745308310991957
3 0.7229050279329609 0.9150134048257372 0.44603351955307263 0.16890080428954424