0 0.21875 0.008333333333333333 0.034375 0.016666666666666666
0 0.1765625 0.013425925925925926 0.026041666666666668 0.026851851851851852
0 0.25859375 0.01898148148148148 0.03802083333333333 0.03796296296296296
0 0.41051562500000005 0.03667592592592594 0.027054036458333285 0.05553819444444443
0 0.23979166666666665 0.04940740740740742 0.021369466145833252 0.058369212962962956
0 0.2248177083333333 0.06726851851851855 0.020283203125000072 0.05644097222222226
0 0.35011458333333334 0.06888888888888889 0.026033854166666735 0.06482523148148145
0 0.38490625 0.07525000000000004 0.0166256510416666 0.08330671296296294
0 0.2937291666666667 0.0765277777777778 0.03749316406250003 0.029630208333333345
0 0.2710989583333333 0.09872222222222223 0.02341243489583332 0.05280150462962962
0 0.29710416666666667 0.11867592592592593 0.0244752604166667 0.04443055555555557
0 0.2734583333333333 0.14974074074074076 0.016664388020833344 0.041688657407407466
0 0.2105 0.15238888888888888 0.015615885416666586 0.04073842592592598
0 0.23609374999999996 0.19470370370370368 0.015070963541666652 0.042638888888888844
0 0.25696875 0.19748148148148145 0.02028124999999991 0.04724537037037035
2 0.010677083333333334 0.22777777777777777 0.021354166666666667 0.05185185185185185
0 0.16552604166666665 0.24251851851851852 0.02394531249999995 0.0342569444444445
0 0.2546875 0.34120370370370373 0.020833333333333332 0.03425925925925926
0 0.3611979166666667 0.3527777777777778 0.03177083333333333 0.011111111111111112
0 0.5760416666666667 0.3398148148148148 0.12083333333333333 0.037037037037037035
0 0.33515625 0.7016018518518519 0.02346126302083332 0.037044560185185246
0 0.49166666666666664 0.4930555555555556 0.024739583333333332 0.03935185185185185
0 0.7890625 0.5060185185185185 0.024739583333333332 0.04583333333333333
2 0.7838541666666666 0.3787037037037037 0.02734375 0.03796296296296296
0 0.5940104166666667 0.575462962962963 0.02109375 0.04583333333333333
2 0.6953125 0.5782407407407407 0.016145833333333335 0.04953703703703704
0 0.9182291666666667 0.6203703703703703 0.02734375 0.03518518518518519
0 0.7963541666666667 0.625 0.026041666666666668 0.04953703703703704
0 0.8375 0.6597222222222222 0.0296875 0.03657407407407407
0 0.6270833333333333 0.6625 0.025520833333333333 0.033796296296296297
2 0.9708333333333333 0.6736111111111112 0.021614583333333333 0.04583333333333333
0 0.7013020833333333 0.6777777777777778 0.019791666666666666 0.05092592592592592
0 0.9424479166666667 0.7087962962962963 0.015625 0.06018518518518518
0 0.7848958333333333 0.7384259259259259 0.027864583333333335 0.03148148148148148
0 0.9723958333333333 0.7833333333333333 0.026041666666666668 0.040740740740740744
0 0.92890625 0.7967592592592593 0.029166666666666667 0.043055555555555555
0 0.8903645833333333 0.8412037037037037 0.0265625 0.03287037037037037
0 0.6856770833333333 0.874537037037037 0.021614583333333333 0.027314814814814816
0 0.91328125 0.875462962962963 0.022395833333333334 0.03148148148148148
0 0.73125 0.962037037037037 0.02421875 0.033796296296296297
0 0.865625 0.9629629629629629 0.0203125 0.03796296296296296
0 0.8989583333333333 0.9703703703703703 0.029166666666666667 0.040740740740740744
0 0.746875 0.43425925925925923 0.01484375 0.033796296296296297
2 0.9671875 0.4486111111111111 0.026041666666666668 0.03796296296296296
0 0.8846354166666667 0.4583333333333333 0.021875 0.03287037037037037
0 0.7315104166666667 0.46944444444444444 0.027864583333333335 0.033796296296296297
0 0.9239583333333333 0.4791666666666667 0.01171875 0.043055555555555555