0 0.19584374999999998 0.024046296296296295 0.02293131510416669 0.0406863425925926
0 0.305640625 0.11148148148148149 0.018218098958333328 0.047174768518518484
0 0.23421875000000003 0.14789814814814814 0.016658854166666733 0.0360868055555556
0 0.3350416666666666 0.18626851851851853 0.010910807291666677 0.051865740740740726
0 0.27652604166666667 0.1988240740740741 0.012468098958333347 0.044407407407407444
0 0.22877604166666668 0.23349074074074075 0.009907226562499953 0.03889525462962956
0 0.246484375 0.23359259259259257 0.022416015624999966 0.01574074074074074
0 0.26825 0.23585185185185187 0.01143229166666669 0.030503472222222244
0 0.23688020833333331 0.2664074074074074 0.026558268229166633 0.02128356481481475
0 0.27514062499999997 0.2664074074074074 0.015102213541666742 0.0453825231481481
0 0.26194270833333333 0.3375925925925926 0.011499348958333282 0.03981134259259262
0 0.04356249999999999 0.4752222222222222 0.024449218749999998 0.028695601851851885
0 0.222875 0.5179166666666667 0.010438802083333224 0.04352662037037055
0 0.21875 0.5726851851851852 0.020833333333333332 0.012037037037037037
0 0.48959375 0.1653703703703704 0.015647786458333358 0.06295543981481476
0 0.39947916666666666 0.3523148148148148 0.019791666666666666 0.030555555555555555
0 0.3932291666666667 0.38796296296296295 0.007291666666666667 0.025925925925925925
0 0.4322916666666667 0.4080925925925926 0.019839192708333304 0.031497685185185115
0 0.24036458333333333 0.7810925925925927 0.0265384114583334 0.028656249999999807