0 0.2296875 0.1449074074074074 0.017708333333333333 0.04953703703703704
0 0.23177083333333334 0.1884259259259259 0.015885416666666666 0.08194444444444444
0 0.26536458333333335 0.20972222222222223 0.02265625 0.05277777777777778
0 0.21432291666666667 0.21296296296296297 0.00859375 0.07546296296296297
0 0.259375 0.24537037037037038 0.011458333333333333 0.06388888888888888
0 0.2484375 0.29259259259259257 0.018489583333333334 0.04814814814814815
0 0.23802083333333332 0.30277777777777776 0.012760416666666666 0.07546296296296297
0 0.2526041666666667 0.3902777777777778 0.016145833333333335 0.03796296296296296
0 0.23958333333333334 0.40046296296296297 0.013541666666666667 0.04814814814814815
0 0.23385416666666667 0.43148148148148147 0.005729166666666666 0.059722222222222225
0 0.21927083333333333 0.43425925925925923 0.007552083333333333 0.06157407407407407
0 0.23255208333333333 0.46296296296296297 0.011458333333333333 0.04722222222222222
0 0.25 0.4962962962962963 0.018489583333333334 0.025925925925925925
0 0.2328125 0.5175925925925926 0.015885416666666666 0.04722222222222222
0 0.18125 0.7402777777777778 0.011979166666666667 0.030555555555555555
0 0.18723958333333332 0.7731481481481481 0.01015625 0.02824074074074074
0 0.1859375 0.7949074074074074 0.004166666666666667 0.02824074074074074
2 0.7162343750000001 0.3820092592592593 0.016641276041666587 0.04361226851851846
0 0.13776041666666666 0.8555555555555555 0.09010416666666667 0.09259259259259259
0 0.7059895833333333 0.9203703703703704 0.058854166666666666 0.1574074074074074