0 0.3484375 0.02528703703703704 0.03431575520833334 0.021285879629629613
0 0.306140625 0.030824074074074066 0.02550000000000002 0.030498842592592564
0 0.3882291666666667 0.03272222222222222 0.0374967447916666 0.04909953703703701
0 0.36947916666666664 0.06885185185185186 0.021384765624999958 0.05840509259259258
0 0.3545052083333333 0.08671296296296299 0.020283203125000072 0.05644097222222226
0 0.42341666666666666 0.09597222222222225 0.03748632812500006 0.029630787037037035
0 0.4007864583333333 0.11816666666666667 0.02341243489583332 0.05280150462962962
0 0.4267916666666667 0.1381203703703704 0.0244752604166667 0.04443055555555557
0 0.4031458333333333 0.16918518518518522 0.01666210937500002 0.04171064814814816
0 0.3401875 0.1718333333333333 0.015620442708333234 0.04073958333333341
0 0.36578125 0.21414814814814812 0.0150875651041666 0.04261574074074072
0 0.38665625 0.2169259259259259 0.020296875000000013 0.047233796296296336
2 0.13924479166666667 0.24723148148148147 0.023417968749999987 0.051754629629629616
0 0.29521354166666663 0.26196296296296295 0.023951822916666643 0.03425810185185193
0 0.3843802083333333 0.366962962962963 0.0207760416666666 0.045344907407407486
0 0.35902083333333334 0.4275648148148148 0.01770572916666673 0.03145486111111116
0 0.093640625 0.4437685185185185 0.021896484374999994 0.06014814814814818
0 0.43385416666666665 0.4625 0.042708333333333334 0.05277777777777778
0 0.3567708333333333 0.4828703703703704 0.03125 0.012037037037037037