0 0.0743203125 0.078453125 0.014845703125000043 0.027563802083333342
0 0.06772265625 0.10611458333333333 0.01720019531250001 0.03387044270833333
0 0.09268359374999999 0.140078125 0.012497558593750036 0.03856445312500002
0 0.14916015625 0.146328125 0.031247314453125074 0.02343782552083334
0 0.061949218750000014 0.146734375 0.014462158203124974 0.02761165364583332
0 0.07610156250000003 0.14679166666666665 0.010160888671874969 0.03852376302083336
0 0.06073437500000001 0.16340104166666666 0.023802734374999978 0.016660156249999978
0 0.09915234375000001 0.16721875 0.016431152343750012 0.028161458333333358
0 0.03104296875000001 0.168375 0.019179199218750043 0.025022135416666678
0 0.08526171874999999 0.17242708333333334 0.019126953125000058 0.012492838541666688
0 0.06598828124999997 0.17809375 0.021094726562499933 0.0140625
0 0.0488828125 0.188046875 0.016395019531249933 0.01041276041666664
0 0.08929687500000001 0.189203125 0.014064941406250054 0.02393619791666666
0 0.06581250000000001 0.191578125 0.014466064453124972 0.012503255208333345
0 0.1212890625 0.19418229166666665 0.009770263671875057 0.03539811197916662
0 0.08126562499999998 0.20893750000000003 0.009769042968749985 0.026546874999999956
0 0.06134374999999999 0.21015104166666668 0.015604980468750007 0.017171875000000014
0 0.09932421875 0.21015104166666668 0.010155029296875017 0.02551302083333334
0 0.11304296875 0.22681770833333334 0.01292138671874996 0.029671223958333333
0 0.0056640625 0.26458333333333334 0.011328125 0.041666666666666664
0 0.054570312500000016 0.3073020833333333 0.009012695312499996 0.02186328124999998
0 0.0664609375 0.31407291666666665 0.01716455078125003 0.020821614583333314
0 0.01467578125000002 0.34456770833333333 0.008186523437500082 0.021348307291666774
0 0.055960937499999995 0.3537708333333333 0.01718823242187497 0.009388671874999944
0 0.0216796875 0.35572916666666665 0.012109375 0.007291666666666667
2 0.20234375 0.6947916666666667 0.0056640625 0.03333333333333333
2 0.1267578125 0.7192708333333333 0.0046875 0.034895833333333334
0 0.105078125 0.7260416666666667 0.0076171875 0.0203125
0 0.1396484375 0.73046875 0.0037109375 0.027864583333333335
2 0.14453125 0.7356770833333334 0.00546875 0.034375
0 0.0583984375 0.7502604166666667 0.0048828125 0.03723958333333333
0 0.1041015625 0.7510416666666667 0.0046875 0.023697916666666666
0 0.1099609375 0.7760416666666666 0.005078125 0.030989583333333334
0 0.165234375 0.8138020833333334 0.00390625 0.03802083333333333
0 0.031640625 0.9348958333333334 0.0048828125 0.03333333333333333
0 0.5731640625 0.7076093750000001 0.14178320312500006 0.14943619791666657
0 0.46723046875000007 0.7197760416666666 0.04685839843750008 0.08335156249999992
2 0.44032421875 0.7566510416666666 0.055839355468750004 0.13437369791666665
0 0.38062890625 0.8943645833333334 0.069111328125 0.0905911458333333
0 0.9360624999999999 0.9370416666666667 0.07305712890625013 0.08020898437500014
0 0.447265625 0.9565104166666667 0.0765625 0.0859375
0 0.3642578125 0.9846354166666667 0.080859375 0.0296875
0 0.51640625 0.9627604166666667 0.075 0.0734375
0 0.42165234374999994 0.4855677083333333 0.05976708984375003 0.07135546875000003
2 0.83470703125 0.5445833333333333 0.12577661132812495 0.1265836588541666
0 0.41102343750000003 0.5649947916666667 0.059388671874999945 0.11511393229166664
0 0.42556640625000003 0.6617604166666666 0.04723388671875002 0.06297330729166657
0 0.368265625 0.6967604166666667 0.07304638671875 0.20208333333333334