0 0.4105520833333333 0.13391666666666666 0.01979296875000003 0.049038194444444454
0 0.039838541666666664 0.16612037037037036 0.020366536458333345 0.04999189814814813
0 0.40175520833333334 0.1830925925925926 0.022933593750000016 0.06021412037037037
0 0.4350364583333333 0.2434722222222222 0.016665039062500022 0.06853877314814817
0 0.5103385416666667 0.25458333333333333 0.04165950520833341 0.041667824074073996
0 0.3940572916666667 0.25530555555555556 0.01929492187500005 0.04910069444444439
0 0.41292708333333333 0.25540740740740736 0.013554036458333366 0.06845486111111108
0 0.3924375 0.2849351851851852 0.03173697916666664 0.029618055555555512
0 0.44366145833333337 0.2917222222222222 0.02189160156249995 0.05003240740740738
0 0.35284895833333335 0.29377777777777775 0.025572265625000055 0.04448379629629631
0 0.425140625 0.30098148148148146 0.02550260416666674 0.02220949074074078
0 0.3994427083333333 0.31105555555555553 0.028126302083333242 0.025
0 0.37663541666666667 0.32875 0.02184505208333327 0.01850462962962964
0 0.43052083333333335 0.3308055555555555 0.018751627604166644 0.04257291666666666
0 0.39920833333333333 0.33502777777777776 0.019305338541666592 0.022233796296296234
0 0.47317708333333336 0.3396574074074074 0.013033203125000033 0.06289699074074066
0 0.4198125 0.36588888888888893 0.013023111979166658 0.047208333333333345
0 0.39325 0.3680462962962963 0.02081998697916667 0.03054166666666668
0 0.443890625 0.3680462962962963 0.01353841145833338 0.045342592592592615
0 0.46218229166666663 0.39767592592592593 0.017228515624999947 0.05274884259259259
0 0.31614583333333335 0.4532407407407407 0.020833333333333332 0.05092592592592592
0 0.8412291666666666 0.4503796296296296 0.02498632812499994 0.03799131944444454
0 0.237421875 0.8792407407407408 0.014061848958333319 0.03421122685185196
0 0.06969270833333331 0.9210555555555555 0.026554687500000066 0.02594212962962956
0 0.49492708333333335 0.9755185185185185 0.022903645833333285 0.0362025462962964
0 0.8450364583333333 0.8414907407407407 0.0536282552083333 0.20926331018518526