0 0.2888072916666667 0.13799074074074072 0.023496093749999978 0.03526620370370368
0 0.31435937500000005 0.154 0.0119511718750001 0.05000231481481476
0 0.3291822916666666 0.16378703703703704 0.019779947916666648 0.036120370370370365
0 0.3321614583333333 0.20286111111111108 0.02291210937500002 0.0296064814814815
0 0.23358333333333334 0.22421296296296295 0.022393229166666608 0.04819907407407413
0 0.34482812500000004 0.23397222222222222 0.016646484375000034 0.04163136574074081
0 0.3203229166666667 0.34721296296296295 0.01976822916666663 0.04445717592592599
0 0.48828125 0.44066666666666665 0.012973307291666696 0.025868055555555554
2 0.529953125 0.44498148148148153 0.010891276041666724 0.028607638888888898
0 0.16276041666666666 0.7967592592592593 0.023177083333333334 0.03425925925925926
0 0.38229166666666664 0.8074074074074075 0.020052083333333335 0.022685185185185187
0 0.3390625 0.8300925925925926 0.02109375 0.023148148148148147
0 0.04609375 0.8314814814814815 0.025 0.02638888888888889
0 0.26015625 0.8375 0.025260416666666667 0.03425925925925926
0 0.21744791666666666 0.8425925925925926 0.02734375 0.022685185185185187
0 0.19401041666666666 0.8476851851851852 0.026302083333333334 0.03564814814814815
0 0.17005208333333333 0.5731481481481482 0.029427083333333333 0.027777777777777776