0 0.39388541666666665 0.10984259259259259 0.01979296875000003 0.049038194444444454
0 0.023171874999999998 0.14204629629629628 0.02033951822916668 0.049995949074074036
0 0.3850885416666667 0.15901851851851853 0.022933593750000016 0.06021412037037037
0 0.41836979166666666 0.21939814814814815 0.016665039062500022 0.06853877314814817
0 0.49367187500000004 0.23050925925925925 0.0416630859375001 0.041667245370370386
0 0.37739062500000004 0.2312314814814815 0.01929492187500005 0.04910069444444439
0 0.39626041666666667 0.2313333333333333 0.013547851562499958 0.06848668981481486
0 0.37577083333333333 0.26086111111111115 0.031753906249999984 0.029623842592592573
0 0.4269947916666667 0.26764814814814814 0.02189160156249995 0.05003240740740738
0 0.3361822916666667 0.26970370370370367 0.025546549479166694 0.044464120370370376
0 0.40847395833333333 0.27690740740740744 0.025511718750000037 0.02221585648148155
0 0.3827760416666666 0.2869814814814815 0.028127604166666605 0.025
0 0.35996875 0.30467592592592596 0.021860026041666578 0.018511574074074028
0 0.4138541666666667 0.30673148148148144 0.018751627604166644 0.04257291666666666
0 0.38254166666666667 0.3109537037037037 0.019288085937499963 0.02222800925925928
0 0.45651041666666664 0.3155833333333333 0.013027018229166742 0.06292997685185177
0 0.4031458333333333 0.34181481481481485 0.013025390624999982 0.047194444444444365
0 0.3765833333333333 0.34397222222222223 0.020806640625000008 0.030527777777777803
0 0.4272239583333333 0.34397222222222223 0.013540039062500024 0.04535648148148149
0 0.44551562499999997 0.37360185185185185 0.017228515624999947 0.05274884259259259
0 0.29924999999999996 0.44066666666666665 0.020292317708333365 0.07314236111111098
0 0.36755208333333333 0.5166851851851851 0.011998046875000057 0.0388784722222222
0 0.38340625 0.5287222222222222 0.02290136718750008 0.037026620370370356
0 0.31435937500000005 0.5829351851851853 0.010926432291666661 0.03795775462962962
0 0.36940625 0.5992962962962963 0.022917643229166628 0.01669097222222212
0 0.32369791666666664 0.6074074074074074 0.016145833333333335 0.022222222222222223
0 0.61484375 0.037037037037037035 0.0703125 0.07407407407407407
0 0.775765625 0.2839351851851852 0.06723502604166663 0.25557291666666665
3 0.6346354166666667 0.41712962962962963 0.0828125 0.4027777777777778
0 0.7869791666666667 0.5662037037037037 0.1625 0.10462962962962963
0 0.9591145833333333 0.5615740740740741 0.08072916666666667 0.11388888888888889
0 0.6023385416666667 0.8352592592592593 0.025496419270833334 0.03893692129629619