0 0.19869791666666667 0.012037037037037037 0.0203125 0.024074074074074074
0 0.18977604166666667 0.04790740740740741 0.02292513020833328 0.06019965277777778
0 0.22305729166666666 0.10828703703703703 0.016665039062500022 0.06853877314814816
0 0.29835937500000004 0.11939814814814814 0.0416630859375001 0.041667245370370386
0 0.182078125 0.12012037037037039 0.019282877604166634 0.04908738425925924
0 0.2009479166666667 0.1202222222222222 0.013547851562499958 0.06848668981481484
0 0.18045833333333333 0.14975000000000002 0.03173697916666664 0.029618055555555512
0 0.23168229166666668 0.15653703703703703 0.02189160156249995 0.05003240740740738
0 0.1408697916666667 0.15859259259259256 0.025572265625000055 0.04448379629629631
0 0.21316145833333333 0.1657962962962963 0.02550260416666674 0.02220949074074078
0 0.18746354166666665 0.17587037037037037 0.028126302083333242 0.025
0 0.16465625 0.19356481481481483 0.021860026041666578 0.018511574074074028
0 0.2185416666666667 0.19562037037037036 0.018753255208333406 0.042553240740740725
0 0.18722916666666667 0.19984259259259257 0.019288085937499963 0.02222800925925928
0 0.26119791666666664 0.2044722222222222 0.013027018229166742 0.06292997685185177
0 0.20783333333333331 0.23070370370370372 0.013023111979166658 0.047208333333333345
0 0.18127083333333333 0.23286111111111113 0.020806640625000008 0.030527777777777803
0 0.23191145833333332 0.23286111111111113 0.01353841145833338 0.045342592592592615
0 0.25020312499999997 0.26249074074074075 0.017228515624999947 0.05274884259259259
0 0.10393749999999997 0.3295555555555555 0.020292317708333365 0.07314236111111098
0 0.17223958333333336 0.40557407407407403 0.012016927083333328 0.038868055555555524
0 0.18809375 0.4176111111111111 0.022886067708333378 0.03701620370370367
0 0.11927083333333334 0.46064814814814814 0.011458333333333333 0.01574074074074074
0 0.7059635416666666 0.27719444444444447 0.0702880859375 0.15278877314814818
0 0.17835416666666667 0.5534074074074075 0.05520540364583339 0.07777025462962962
0 0.126109375 0.830787037037037 0.06718359375000003 0.054657407407407384
0 0.36328125 0.5277777777777778 0.0515625 0.06481481481481481