0 0.3421492805755396 0.03837155963302752 0.03419317670863308 0.01987050840978595
0 0.29502697841726616 0.05977064220183487 0.011708914118704975 0.04129061544342506
0 0.3376034172661871 0.06622324159021407 0.028336892985611515 0.03593463302752296
0 0.3101663669064748 0.09714831804281344 0.026989658273381335 0.026066513761467822
0 0.2931789568345324 0.10928899082568806 0.02878400404676259 0.029068233944954048
0 0.36813399280575543 0.10937308868501529 0.03238253147482013 0.026020642201834837
0 0.23931205035971223 0.12142966360856268 0.014828293615107955 0.03823155581039749
0 0.3205575539568345 0.13077981651376147 0.02787657374100727 0.022861238532110115
0 0.2991771582733813 0.14266819571865444 0.02025011241007189 0.03749331039755351
0 0.30241906474820146 0.16424311926605503 0.025179575089928102 0.013766246177370049
0 0.34044964028776975 0.17069571865443423 0.028767423561151074 0.02901853975535165
0 0.33040467625899284 0.1868348623853211 0.02606958183453237 0.022191322629969423
0 0.04973471223021583 0.28926605504587155 0.009453968075539564 0.027515290519877684
0 0.27439298561151076 0.3301223241590214 0.009433172212230168 0.03058295107033643
0 0.8246402877697842 0.04204892966360856 0.20503597122302158 0.08409785932721713
0 0.5825089928057554 0.13073394495412843 0.07688848920863309 0.26146788990825687
0 0.78125 0.25496941896024466 0.07419064748201439 0.2484709480122324
0 0.9829136690647482 0.3081039755351682 0.03327338129496403 0.14220183486238533
1 0.29383992805755393 0.7408256880733946 0.05058453237410072 0.11888379204892967
0 0.7189748201438849 0.4506880733944954 0.15197841726618705 0.14143730886850153