0 0.39557291666666666 0.021296296296296296 0.015104166666666667 0.04259259259259259
0 0.378125 0.02824074074074074 0.01875 0.05648148148148148
0 0.335484375 0.0293888888888889 0.017184244791666595 0.04353356481481483
0 0.40187500000000004 0.06786111111111111 0.02759472656250009 0.031502314814814796
0 0.43072916666666666 0.08657407407407407 0.016666666666666666 0.06388888888888888
0 0.43072916666666666 0.12453703703703704 0.016666666666666666 0.019444444444444445
0 0.390703125 0.16137037037037036 0.025015624999999986 0.02775868055555556
0 0.420453125 0.16332407407407407 0.02916861979166659 0.04534432870370366
0 0.39666666666666667 0.19664814814814816 0.015626302083333245 0.042585648148148206
0 0.41628645833333333 0.2007685185185185 0.015116536458333366 0.04350462962962964
0 0.43125 0.22824074074074074 0.015625 0.023148148148148147
0 0.42559895833333333 0.2669074074074074 0.020845052083333235 0.02596064814814817
0 0.763890625 0.25528703703703703 0.0999938151041667 0.17126851851851843
0 0.36805208333333334 0.5783148148148148 0.024465820312500004 0.03986226851851871