0 0.4359809027777778 0.07537615740740741 0.027994791666666668 0.04007523148148148
0 0.5521918402777778 0.08781828703703703 0.05251736111111111 0.02531828703703704
0 0.6219618055555556 0.0959201388888889 0.03504774305555555 0.03732638888888889
0 0.3780381944444444 0.11820023148148148 0.03298611111111111 0.015335648148148149
0 0.3373480902777778 0.12210648148148148 0.024522569444444444 0.02199074074074074
0 0.4162326388888889 0.12355324074074074 0.03602430555555555 0.03530092592592592
0 0.5620659722222222 0.14033564814814814 0.025933159722222224 0.03993055555555555
0 0.3982204861111111 0.14945023148148148 0.0205078125 0.04210069444444445
0 0.3837890625 0.1623263888888889 0.01953125 0.04065393518518518
0 0.5041232638888888 0.1634837962962963 0.024956597222222224 0.04658564814814815
0 0.5374348958333334 0.16811342592592593 0.015950520833333332 0.059895833333333336
0 0.4499782986111111 0.16898148148148148 0.03602430555555555 0.021267361111111112
0 0.4282769097222222 0.18504050925925927 0.0224609375 0.03804976851851852
0 0.4532335069444444 0.19936342592592593 0.0234375 0.03197337962962963
0 0.4305555555555556 0.22164351851851852 0.015950520833333332 0.029947916666666668
0 0.3701171875 0.22366898148148148 0.014973958333333334 0.02936921296296296
0 0.3946397569444444 0.25405092592592593 0.014431423611111112 0.030671296296296297
0 0.4147135416666667 0.2560763888888889 0.01953125 0.033998842592592594
2 0.1771918402777778 0.2779224537037037 0.0224609375 0.03732638888888889
0 0.3269314236111111 0.2884837962962963 0.023003472222222224 0.02459490740740741
0 0.4994574652777778 0.030671296296296297 0.018012152777777776 0.061342592592592594
0 0.4124348958333333 0.36400462962962965 0.019965277777777776 0.03269675925925926
0 0.5145399305555556 0.37876157407407407 0.029947916666666668 0.028645833333333332
0 0.4592013888888889 0.03804976851851852 0.046549479166666664 0.030671296296296297
0 0.5199652777777778 0.3997395833333333 0.03200954861111111 0.021267361111111112
0 0.3881293402777778 0.40769675925925924 0.017035590277777776 0.022569444444444444
0 0.1333550347222222 0.4192708333333333 0.021050347222222224 0.04325810185185185
0 0.4597439236111111 0.43894675925925924 0.040473090277777776 0.04933449074074074
0 0.3857421875 0.4561631944444444 0.029513888888888888 0.02531828703703704
0 0.8221571180555556 0.17346643518518517 0.048394097222222224 0.08723958333333333
0 0.07356770833333333 0.9434317129629629 0.10243055555555555 0.11226851851851852
0 0.19303385416666666 0.9560185185185185 0.10980902777777778 0.08709490740740741
0 0.3959418402777778 0.9777199074074074 0.1999782986111111 0.04383680555555555
0 0.4730902777777778 0.5552662037037037 0.13020833333333334 0.15104166666666666
0 0.07573784722222222 0.5905671296296297 0.15147569444444445 0.18258101851851852
0 0.5649956597222222 0.59375 0.14876302083333334 0.17259837962962962
3 0.3100043402777778 0.7553530092592593 0.404296875 0.13266782407407407
0 0.3189019097222222 0.5131655092592593 0.13758680555555555 0.06684027777777778
0 0.4089626736111111 0.8668981481481481 0.16319444444444445 0.19169560185185186
0 0.5825737847222222 0.9010416666666666 0.11469184027777778 0.1925636574074074