0 0.20621875000000003 0.1640648148148148 0.03963085937499997 0.024056712962962953
0 0.15163541666666666 0.1899814814814815 0.013583984374999976 0.05001504629629631
0 0.200953125 0.1977962962962963 0.03281803385416673 0.04351967592592595
0 0.16917187499999997 0.23525 0.03125651041666669 0.03152546296296298
0 0.14949479166666665 0.2499537037037037 0.033341471354166666 0.03520486111111101
0 0.23631770833333335 0.25005555555555553 0.037509765624999976 0.03151388888888886
0 0.08709895833333334 0.2646574074074074 0.01717610677083338 0.046302662037036965
0 0.1812083333333333 0.2759814814814815 0.03229101562499999 0.027732638888888852
0 0.15644270833333335 0.29037962962962965 0.023456380208333273 0.045408564814814804
0 0.23515625 0.017592592592592594 0.024479166666666666 0.03518518518518519
0 0.1601979166666667 0.31650925925925927 0.029166341145833385 0.016672453703703724
0 0.20425 0.32432407407407404 0.03332779947916661 0.035164930555555536
0 0.19261458333333337 0.3438703703703704 0.030197265624999994 0.02687615740740741
2 0.48541666666666666 0.013425925925925926 0.01875 0.026851851851851852
0 0.44427083333333334 0.016666666666666666 0.015625 0.03333333333333333
2 0.51484375 0.017592592592592594 0.0234375 0.03518518518518519
0 0.46328125 0.03370370370370368 0.008877604166666704 0.036138888888888866
0 0.451734375 0.052074074074074085 0.012501953125000043 0.036102430555555474
0 0.4684947916666667 0.07506481481481486 0.011956054687500028 0.03888078703703686
2 0.47934895833333335 0.07598148148148143 0.019790364583333424 0.05374942129629635
2 0.674859375 0.16193518518518518 0.0307379557291668 0.035210648148148074
0 0.09739062500000001 0.46412037037037035 0.034326171875 0.025020833333333367
0 0.07664062499999999 0.486037037037037 0.0228886718750001 0.02042824074074074
0 0.12152604166666668 0.5395740740740741 0.02395605468749989 0.025934606481481565
0 0.14488020833333332 0.557787037037037 0.015612304687499901 0.045342013888888796
0 0.16068229166666667 0.5610277777777778 0.022372721354166694 0.04441608796296287
0 0.13619791666666667 0.637712962962963 0.014086588541666601 0.03702893518518522
0 0.738140625 0.8067129629629629 0.06769010416666674 0.12131597222222223