0 0.305921875 0.18771296296296297 0.01404329427083333 0.039789351851851826
0 0.30441666666666667 0.22453703703703703 0.01928776041666668 0.02501273148148155
0 0.2851458333333333 0.22772222222222221 0.02031738281250005 0.019444444444444445
0 0.2452708333333333 0.23235185185185184 0.010438802083333224 0.04446354166666666
0 0.2602552083333334 0.23647222222222222 0.019784179687500014 0.023160879629629698
0 0.28184895833333334 0.25149074074074074 0.019822916666666756 0.030631944444444427
0 0.5528489583333334 0.41178703703703706 0.03278678385416664 0.024081597222222282
0 0.359375 0.7236111111111111 0.04635416666666667 0.11157407407407408
0 0.4375 0.8523148148148149 0.06588541666666667 0.1
0 0.3109375 0.937962962962963 0.04140625 0.06851851851851852
0 0.4752604166666667 0.9680555555555556 0.06171875 0.010185185185185186
0 0.12135416666666667 0.5592592592592592 0.08359375 0.049074074074074076
0 0.20234375 0.5689814814814815 0.040625 0.06342592592592593