0 0.3494791666666667 0.07222222222222222 0.023177083333333334 0.026851851851851852
0 0.45989583333333334 0.12962962962962962 0.018229166666666668 0.031018518518518518
0 0.3880208333333333 0.1537037037037037 0.016666666666666666 0.02361111111111111
0 0.48932291666666666 0.17916666666666667 0.0109375 0.03425925925925926
0 0.43072916666666666 0.1875 0.0125 0.029166666666666667
0 0.38255208333333335 0.2101851851851852 0.009895833333333333 0.02546296296296296
0 0.4005208333333333 0.2101851851851852 0.022395833333333334 0.010185185185185186
0 0.42239583333333336 0.21157407407407408 0.011458333333333333 0.020370370370370372
0 0.609375 0.2175925925925926 0.027083333333333334 0.03425925925925926
0 0.39088541666666665 0.23194444444444445 0.0265625 0.013888888888888888
0 0.42916666666666664 0.23194444444444445 0.015104166666666667 0.03009259259259259
0 0.4158854166666667 0.27870370370370373 0.011458333333333333 0.02638888888888889
0 0.19661458333333334 0.3699074074074074 0.024479166666666666 0.01898148148148148
0 0.3768229166666667 0.3976851851851852 0.010416666666666666 0.028703703703703703
0 0.3723958333333333 0.43472222222222223 0.0203125 0.009259259259259259
0 0.331078125 0.7995925925925925 0.02450520833333331 0.03249999999999992
0 0.269 0.8136388888888889 0.0140872395833334 0.04073263888888892
0 0.6477916666666667 0.8258333333333333 0.022410156249999837 0.033280092592592486