0 0.2594166666666667 0.13887037037037037 0.023974609375 0.042488425925925916
0 0.5033854166666667 0.19537037037037036 0.03177083333333333 0.053703703703703705
0 0.3104427083333333 0.20284259259259257 0.02081250000000002 0.06299421296296291
0 0.38347916666666665 0.2129351851851852 0.02603678385416662 0.0555607638888889
0 0.3373125 0.22730555555555557 0.02709179687499995 0.030626157407407473
0 0.22766145833333334 0.25702777777777774 0.018739583333333223 0.03242534722222219
0 0.31656249999999997 0.31110185185185185 0.02814453124999995 0.029643518518518507
0 0.36758854166666666 0.3364074074074074 0.035441406250000064 0.03151388888888886
0 0.2239947916666667 0.3426111111111111 0.014610026041666776 0.04257754629629629
0 0.337046875 0.40874074074074074 0.029155598958333327 0.043517361111111194
0 0.03714583333333336 0.6017685185185185 0.027078125000000005 0.03339004629629627