0 0.40878125 0.1146851851851852 0.03178059895833331 0.040694444444444436
0 0.41280208333333335 0.15062962962962964 0.028614583333333242 0.06753356481481479
0 0.47310416666666666 0.1681111111111111 0.04063281250000005 0.043549768518518515
0 0.38128124999999996 0.17094444444444445 0.01564225260416663 0.06207407407407404
0 0.46243229166666666 0.19753703703703704 0.020817057291666666 0.052732638888888905
0 0.44256770833333337 0.23655555555555557 0.03335807291666673 0.039750000000000056
0 0.4239583333333333 0.2446296296296296 0.022917317708333346 0.062000000000000034
0 0.45009374999999996 0.3168888888888889 0.029178385416666567 0.031459490740740684
0 0.42680208333333336 0.3253888888888889 0.024472981770833256 0.03979687500000003
0 0.41648437499999996 0.35077777777777774 0.010414062500000062 0.04910879629629632
0 0.390140625 0.35300000000000004 0.013526041666666681 0.05091261574074077
0 0.41406770833333334 0.37680555555555556 0.020888020833333344 0.03893171296296295
0 0.4453020833333333 0.40408333333333335 0.03334374999999999 0.02132754629629624
0 0.4145364583333333 0.4216388888888889 0.028640625000000006 0.03887789351851849
0 0.8247447916666667 0.42584259259259255 0.012974609375000057 0.02772106481481484
2 0.41779687499999996 0.7627222222222222 0.017683593750000053 0.04446064814814808