0 0.4192395833333334 0.03778703703703704 0.014583984375000015 0.04811574074074077
0 0.406140625 0.12155555555555553 0.016684244791666695 0.046304398148148115
0 0.38005208333333335 0.13795370370370372 0.017704752604166648 0.03518865740740738
0 0.39961979166666667 0.16004629629629633 0.010428059895833286 0.034259837962962975
0 0.3661979166666667 0.16971296296296298 0.022910807291666776 0.015714120370370316
0 0.38552083333333337 0.1773611111111111 0.013532552083333371 0.02688368055555562
0 0.37587499999999996 0.20774074074074075 0.02397981770833333 0.019523148148148182
0 0.34158333333333335 0.2396851851851852 0.013021809895833413 0.04071064814814812
1 0.5630781250000001 0.23030555555555557 0.08124121093749999 0.05830844907407406
0 0.2709114583333333 0.7795462962962962 0.031236328124999938 0.02780555555555553
0 0.7360104166666666 0.8752222222222222 0.029180989583333292 0.03241550925925923