0 0.3306640625 0.16598599766627772 0.030078125 0.025379229871645273
0 0.3880859375 0.16686114352392065 0.0265625 0.021878646441073513
0 0.36171875 0.2088681446907818 0.01328125 0.046674445740956826
0 0.341015625 0.21878646441073513 0.02109375 0.025379229871645273
0 0.3458984375 0.24387397899649943 0.00859375 0.018961493582263712
0 0.359765625 0.25233372228704787 0.0185546875 0.042590431738623105
0 0.3375 0.25350058343057175 0.008984375 0.03413068844807468
0 0.392578125 0.26662777129521587 0.03046875 0.028296382730455077
0 0.4126953125 0.3121353558926488 0.0142578125 0.04813302217036173
0 0.29921875 0.33284714119019837 0.01640625 0.014002333722287048
0 0.314453125 0.3450991831971995 0.012109375 0.031213535589264877
0 0.4361328125 0.3564760793465578 0.0265625 0.021878646441073513
0 0.296484375 0.38418903150525086 0.0095703125 0.029171528588098017
0 0.2916015625 0.4200700116686114 0.0107421875 0.031213535589264877
0 0.3048828125 0.4798716452742124 0.0197265625 0.01779463243873979
0 0.2134765625 0.4868728121353559 0.0197265625 0.03471411901983664
0 0.39921875 0.4985414235705951 0.0275390625 0.021295215869311553
0 0.9447265625 0.3929404900816803 0.109765625 0.14294049008168028
0 0.50546875 0.6508168028004667 0.0494140625 0.044340723453908985
0 0.259375 0.749708284714119 0.046484375 0.052508751458576426
0 0.3298828125 0.8144690781796966 0.0498046875 0.04696616102683781
2 0.464453125 0.8319719953325554 0.0197265625 0.061260210035005834
0 0.1576171875 0.8626021003500584 0.0365234375 0.04638273045507585
0 0.48515625 0.898191365227538 0.02109375 0.06592765460910152
0 0.38203125 0.9600350058343057 0.046875 0.045507584597432905
0 0.8005859375 0.808051341890315 0.039453125 0.11639439906651108