0 0.37057291666666664 0.08194444444444444 0.0171875 0.04537037037037037
0 0.32640625 0.10139814814814814 0.01198177083333339 0.05095312500000006
0 0.35060416666666666 0.13802777777777778 0.025016276041666667 0.02040393518518518
0 0.3512395833333333 0.16662037037037036 0.02341406250000008 0.02870428240740742
0 0.33828125 0.17962962962962964 0.0265625 0.018518518518518517
0 0.47421875 0.06936111111111108 0.01508072916666663 0.048177083333333336
0 0.39417708333333334 0.07877777777777782 0.027597656249999977 0.03528124999999999
0 0.8133333333333332 0.09220370370370375 0.01819531249999997 0.04916898148148166
2 0.5022604166666667 0.13772222222222222 0.01979329427083331 0.05371180555555552
0 0.46119791666666665 0.16657407407407404 0.019319010416666654 0.035239583333333255
0 0.5610364583333334 0.16781481481481483 0.02814778645833336 0.02686805555555549
0 0.5388020833333333 0.17175925925925925 0.015104166666666667 0.03425925925925926
0 0.004427083333333333 0.5740740740740741 0.008854166666666666 0.03333333333333333
0 0.49443229166666663 0.4715555555555555 0.029173177083333356 0.05095138888888892
0 0.41065625 0.6371203703703703 0.022422200520833258 0.05091666666666657
0 0.4819375 0.6934351851851852 0.026548502604166777 0.037027199074073966
0 0.5447916666666667 0.7230648148148148 0.01974479166666659 0.024130787037037013
0 0.4799375 0.7721296296296296 0.02346256510416668 0.033360532407407266