0 0.13615104166666664 0.12275 0.016182291666666633 0.05094328703703705
0 0.16986979166666666 0.14128703703703704 0.02498177083333329 0.024078125000000037
0 0.077671875 0.14389814814814814 0.028136393229166737 0.015766782407407396
0 0.1655833333333333 0.1731759259259259 0.029218098958333272 0.035163194444444386
0 0.13642708333333337 0.1884259259259259 0.012450520833333319 0.05473032407407406
0 0.09090624999999998 0.19524074074074074 0.009862630208333318 0.048098379629629595
0 0.10714062500000002 0.2129259259259259 0.020828450520833285 0.022217592592592598
0 0.1273854166666667 0.22462962962962965 0.014056966145833271 0.0527899305555555
0 0.11048958333333332 0.24055555555555558 0.02135546874999991 0.01944849537037046
0 0.09207291666666666 0.24173148148148146 0.010930989583333309 0.0204305555555555
0 0.03527083333333335 0.2503425925925926 0.01927669270833334 0.024991898148148183
0 0.16171354166666668 0.25505555555555554 0.013017578125000047 0.05090162037037037
0 0.07464583333333336 0.26925000000000004 0.01823079427083331 0.03332638888888884
0 0.21750520833333328 0.2725740740740741 0.0161376953125 0.045407407407407376
0 0.09111458333333336 0.273037037037037 0.012479166666666685 0.036998842592592604
0 0.10759375000000002 0.27662037037037035 0.0171751302083333 0.042583912037037056
0 0.03453124999999998 0.2874629629629629 0.0109615885416666 0.03986226851851861
0 0.17124479166666665 0.35570370370370374 0.0218629557291667 0.027814236111111064
0 0.18377604166666667 0.4085277777777778 0.011977864583333423 0.05463831018518527
0 0.6978281249999999 0.18573148148148147 0.021358072916666634 0.05183449074074068
0 0.659109375 0.3060833333333334 0.025545247395833335 0.025046875000000076
2 0.6810208333333333 0.3240648148148148 0.01616373697916664 0.051881365740740856
0 0.7047083333333333 0.3369166666666667 0.011460937500000056 0.05004398148148139
0 0.6478229166666668 0.3965092592592593 0.023443359374999893 0.054643518518518404
0 0.6203020833333334 0.41224074074074074 0.02921744791666659 0.041680555555555436
0 0.6348958333333333 0.4393518518518518 0.026041666666666668 0.019444444444444445
0 0.6653645833333334 0.44212962962962965 0.0203125 0.013888888888888888
2 0.36953125 0.4439814814814815 0.0203125 0.010185185185185186
0 0.20604166666666668 0.6888240740740741 0.05158723958333334 0.19907060185185188
0 0.33697916666666666 0.5435185185185185 0.10729166666666666 0.18703703703703703
0 0.8466145833333333 0.5546296296296296 0.10572916666666667 0.20925925925925926
0 0.45729166666666665 0.6157407407407407 0.15416666666666667 0.08703703703703704
0 0.8208333333333333 0.6953703703703704 0.09635416666666667 0.25416666666666665
0 0.9260416666666667 0.737037037037037 0.09557291666666666 0.23287037037037037
3 0.7315104166666667 0.7472222222222222 0.06901041666666667 0.362962962962963
0 0.3567708333333333 0.8 0.07369791666666667 0.24583333333333332
0 0.5934895833333333 0.8537037037037037 0.18151041666666667 0.1125
0 0.46067708333333335 0.4962962962962963 0.17760416666666667 0.09259259259259259
0 0.90859375 0.9171296296296296 0.18177083333333333 0.11388888888888889
0 0.609375 0.9513888888888888 0.14635416666666667 0.09537037037037037
0 0.790625 0.9763888888888889 0.0859375 0.04537037037037037
0 0.9455729166666667 0.5277777777777778 0.10859375 0.1550925925925926
0 0.58828125 0.5277777777777778 0.15104166666666666 0.1550925925925926