0 0.077734375 0.034027777777777775 0.038671875 0.06666666666666667
0 0.02578125 0.3277777777777778 0.051171875 0.08680555555555555
0 0.035546875 0.37430555555555556 0.07109375 0.07361111111111111
3 0.123046875 0.41180555555555554 0.1296875 0.28402777777777777
0 0.234765625 0.46111111111111114 0.08125 0.1361111111111111
0 0.02890625 0.4736111111111111 0.0578125 0.09652777777777778
0 0.2578125 0.5111111111111111 0.087890625 0.17083333333333334
0 0.20625 0.5819444444444445 0.075390625 0.16041666666666668
0 0.233984375 0.059722222222222225 0.06875 0.11875
0 0.018359375 0.6243055555555556 0.03671875 0.13333333333333333
0 0.16015625 0.6652777777777777 0.05625 0.2375
0 0.104296875 0.6763888888888889 0.042578125 0.22013888888888888
0 0.28359375 0.6791666666666667 0.04921875 0.18055555555555555
0 0.05703125 0.6930555555555555 0.030859375 0.19027777777777777
0 0.236328125 0.7236111111111111 0.053125 0.12638888888888888
0 0.12421875 0.08402777777777778 0.041796875 0.16805555555555557
0 0.18203125 0.11180555555555556 0.050390625 0.22291666666666668
0 0.03203125 0.125 0.063671875 0.09375
0 0.0875 0.16111111111111112 0.070703125 0.21736111111111112
0 0.292578125 0.2 0.03203125 0.19166666666666668
0 0.2375 0.22777777777777777 0.0859375 0.15347222222222223
0 0.04375 0.23958333333333334 0.087109375 0.13333333333333333
0 0.875 0.2708333333333333 0.1375 0.12986111111111112
0 0.467578125 0.29791666666666666 0.11953125 0.14930555555555555
0 0.657421875 0.03194444444444444 0.08046875 0.06388888888888888
0 0.97109375 0.31527777777777777 0.05546875 0.24444444444444444
3 0.646875 0.32013888888888886 0.194140625 0.08611111111111111
0 0.34609375 0.33055555555555555 0.0734375 0.09583333333333334
0 0.816015625 0.38819444444444445 0.11171875 0.19652777777777777
0 0.41796875 0.4527777777777778 0.094921875 0.21388888888888888
0 0.7390625 0.5104166666666666 0.057421875 0.23333333333333334
0 0.567578125 0.5652777777777778 0.10390625 0.20625
0 0.89453125 0.0625 0.121875 0.125
0 0.351953125 0.6131944444444445 0.084765625 0.0798611111111111
0 0.41875 0.7069444444444445 0.054296875 0.1625
0 0.807421875 0.7506944444444444 0.13203125 0.07291666666666667
0 0.757421875 0.10208333333333333 0.067578125 0.20416666666666666
0 0.605078125 0.1798611111111111 0.12421875 0.1125
0 0.270703125 0.8131944444444444 0.01953125 0.04861111111111111
0 0.20393749999999997 0.8229027777777778 0.020357421874999913 0.06247916666666668
0 0.23666406249999997 0.9395555555555556 0.014124023437499921 0.0653489583333333
0 0.1953125 0.9951388888888889 0.03125 0.006944444444444444
2 0.54453125 0.89375 0.4703125 0.20972222222222223