0 0.1259765625 0.36117216117216117 0.10345458984375 0.061446886446886444
0 0.0244140625 0.4146520146520147 0.041015625 0.1217032967032967
0 0.097412109375 0.5091575091575091 0.06787109375 0.07912087912087912
0 0.0693359375 0.04285714285714286 0.0654296875 0.08571428571428572
0 0.026123046875 0.27106227106227104 0.05224609375 0.09523809523809523
0 0.08056640625 0.31062271062271063 0.059600830078125 0.11868131868131868
0 0.396484375 0.3326007326007326 0.03118896484375 0.024816849816849815
0 0.619140625 0.6622710622710622 0.0732421875 0.13617216117216116
0 0.67822265625 0.7267399267399267 0.135772705078125 0.06153846153846154
0 0.6884765625 0.8014652014652015 0.1279296875 0.0804945054945055
0 0.72265625 0.8534798534798534 0.12896728515625 0.06593406593406594