0 0.037109375 0.04212454212454213 0.0615234375 0.08424908424908426
0 0.48779296875 0.013186813186813187 0.015625 0.026373626373626374
2 0.29443359375 0.16336996336996337 0.0166015625 0.03511904761904762
0 0.32568359375 0.2336996336996337 0.023468017578125 0.026373626373626374
0 0.6240234375 0.2622710622710623 0.0302734375 0.020512820512820513
2 0.54638671875 0.26666666666666666 0.01959228515625 0.01913919413919414
2 0.564453125 0.2673992673992674 0.015625 0.02490842490842491
0 0.60693359375 0.2673992673992674 0.0224609375 0.02490842490842491
0 0.5830078125 0.27106227106227104 0.01275634765625 0.023443223443223443
0 0.6708984375 0.2725274725274725 0.0302734375 0.013278388278388278
0 0.5888671875 0.28424908424908424 0.024444580078125 0.01611721611721612
2 0.5224609375 0.28424908424908424 0.0234375 0.029304029304029304
0 0.559326171875 0.29120879120879123 0.02880859375 0.015384615384615385
2 0.286376953125 0.2934065934065934 0.01318359375 0.01098901098901099
0 0.535888671875 0.295970695970696 0.02197265625 0.005860805860805861
0 0.5625 0.2945054945054945 0.021484375 0.008791208791208791
0 0.396240234375 0.2948717948717949 0.02490234375 0.00805860805860806
0 0.58935546875 0.29523809523809524 0.013671875 0.007326007326007326