0 0.0830078125 0.030247813411078718 0.103515625 0.060495626822157436
0 0.4384765625 0.05393586005830904 0.0791015625 0.09912536443148688
0 0.57421875 0.08454810495626822 0.060577392578125 0.09912536443148688
0 0.49560546875 0.12099125364431487 0.03619384765625 0.09466107871720117
0 0.05419921875 0.19096209912536444 0.0673828125 0.10641399416909621
0 0.166015625 0.25728862973760935 0.08795166015625 0.08737244897959184
0 0.00634765625 0.321064139941691 0.0126953125 0.09548104956268222
0 0.2841796875 0.3323615160349854 0.0986328125 0.06268221574344024
0 0.06005859375 0.34839650145772594 0.068359375 0.11215379008746355
0 0.1591796875 0.3629737609329446 0.0869140625 0.0800838192419825
0 0.525146484375 0.4037900874635568 0.08544921875 0.04956268221574344
0 0.204345703125 0.41909620991253643 0.09423828125 0.018950437317784258
0 0.03759765625 0.01967930029154519 0.060546875 0.03935860058309038
0 0.49462890625 0.007653061224489796 0.0400390625 0.015306122448979591
0 0.573974609375 0.023688046647230322 0.06201171875 0.047376093294460644
0 0.35986328125 0.6829446064139941 0.01171875 0.026193513119533527
0 0.7783203125 0.8250728862973761 0.015594482421875 0.029200072886297376