0 0.14791666666666667 0.02546296296296296 0.07369791666666667 0.05
0 0.04895833333333333 0.2449074074074074 0.09791666666666667 0.06574074074074074
0 0.0671875 0.2800925925925926 0.134375 0.053703703703703705
3 0.23463541666666668 0.30787037037037035 0.246875 0.2125
0 0.4473958333333333 0.34444444444444444 0.1546875 0.10185185185185185
0 0.05520833333333333 0.3541666666666667 0.11041666666666666 0.07222222222222222
0 0.49114583333333334 0.3824074074074074 0.16770833333333332 0.12777777777777777
0 0.39296875 0.4351851851851852 0.14375 0.11990740740740741
0 0.44635416666666666 0.044444444444444446 0.13072916666666667 0.08888888888888889
0 0.035416666666666666 0.4666666666666667 0.07005208333333333 0.1
0 0.30494791666666665 0.49722222222222223 0.10677083333333333 0.17731481481481481
0 0.19895833333333332 0.5055555555555555 0.08098958333333334 0.16435185185185186
0 0.5408854166666667 0.5074074074074074 0.09401041666666667 0.13518518518518519
0 0.10859375 0.5180555555555556 0.059895833333333336 0.14166666666666666
0 0.4505208333333333 0.5407407407407407 0.10130208333333333 0.09444444444444444
0 0.23671875 0.06296296296296296 0.07916666666666666 0.1259259259259259
0 0.34713541666666664 0.0837962962962963 0.09583333333333334 0.16666666666666666
0 0.0609375 0.09351851851851851 0.12161458333333333 0.07037037037037037
0 0.16692708333333334 0.12037037037037036 0.134375 0.16296296296296298
0 0.5578125 0.14953703703703702 0.0625 0.14351851851851852
0 0.45234375 0.17037037037037037 0.16380208333333332 0.11435185185185186
0 0.08333333333333333 0.17916666666666667 0.16588541666666667 0.1
2 0.11875 0.6833333333333333 0.17109375 0.11435185185185186
0 0.5013020833333334 0.9268518518518518 0.16354166666666667 0.059722222222222225
0 0.47942708333333334 0.624537037037037 0.08984375 0.0625
0 0.8838541666666667 0.9013888888888889 0.059375 0.06666666666666667