0 0.10026041666666667 0.03009259259259259 0.05 0.05925925925925926
0 0.03307291666666667 0.29074074074074074 0.06614583333333333 0.07685185185185185
0 0.045572916666666664 0.33240740740740743 0.09114583333333333 0.06388888888888888
3 0.15911458333333334 0.36527777777777776 0.16744791666666667 0.2523148148148148
0 0.30364583333333334 0.40879629629629627 0.10494791666666667 0.12083333333333333
0 0.0375 0.4203703703703704 0.075 0.08564814814814815
0 0.33307291666666666 0.4537037037037037 0.11380208333333333 0.15138888888888888
0 0.26666666666666666 0.5166666666666667 0.09739583333333333 0.1425925925925926
0 0.3028645833333333 0.05277777777777778 0.08880208333333334 0.10555555555555556
0 0.023958333333333335 0.5541666666666667 0.04765625 0.11851851851851852
0 0.20703125 0.5902777777777778 0.07239583333333334 0.21064814814814814
0 0.13489583333333333 0.6 0.054947916666666666 0.19537037037037036
0 0.36692708333333335 0.6023148148148149 0.06380208333333333 0.16018518518518518
0 0.07369791666666667 0.6152777777777778 0.04010416666666667 0.16898148148148148
0 0.30572916666666666 0.6416666666666667 0.06875 0.11203703703703703
0 0.16067708333333333 0.07453703703703704 0.05364583333333333 0.14907407407407408
0 0.23541666666666666 0.09907407407407408 0.06510416666666667 0.19768518518518519
0 0.04140625 0.1111111111111111 0.08255208333333333 0.08333333333333333
0 0.11328125 0.1425925925925926 0.09114583333333333 0.19305555555555556
0 0.37864583333333335 0.17731481481481481 0.04244791666666667 0.16898148148148148
0 0.3067708333333333 0.2023148148148148 0.11119791666666666 0.1361111111111111
0 0.05651041666666667 0.21296296296296297 0.1125 0.11851851851851852
0 0.5907812499999999 0.35827777777777775 0.019800130208333398 0.03697453703703704
0 0.7535677083333333 0.39267592592592593 0.01301888020833329 0.0490567129629629
0 0.7705833333333333 0.5028518518518519 0.01304361979166669 0.04264004629629649
0 0.7155416666666667 0.5054722222222222 0.011977539062500023 0.04632407407407405
0 0.7316875 0.5347962962962963 0.015101562500000061 0.03231249999999982
2 0.8004479166666667 0.5503796296296296 0.019270833333333334 0.04716666666666651
0 0.6759479166666668 0.5735185185185185 0.02606901041666667 0.03616550925925918
0 0.604671875 0.6164166666666667 0.029218749999999953 0.0296435185185184
0 0.6052760416666667 0.6593055555555555 0.025014973958333422 0.04078530092592595
0 0.2109375 0.8986111111111111 0.2916666666666667 0.20092592592592592