0 0.13427734375 0.38168498168498166 0.0791015625 0.09963369963369964
0 0.27001953125 0.41245421245421243 0.06060791015625 0.09963369963369964
0 0.19140625 0.4490842490842491 0.036163330078125 0.09519230769230769
0 0.1298828125 0.06813186813186813 0.088897705078125 0.07472527472527472
0 0.525390625 0.11794871794871795 0.03515625 0.13031135531135532
0 0.525390625 0.23882783882783884 0.0869140625 0.06149267399267399
0 0.1904296875 0.3128205128205128 0.03997802734375 0.059981684981684984
0 0.26953125 0.3252747252747253 0.0615234375 0.09816849816849817
0 0.9521484375 0.42637362637362636 0.062530517578125 0.0967032967032967
0 0.90576171875 0.5684981684981685 0.0693359375 0.08058608058608059
0 0.27783203125 0.9384615384615385 0.025390625 0.027747252747252746