0 0.16064453125 0.2578754578754579 0.0791015625 0.09963369963369964
0 0.29638671875 0.2886446886446886 0.06060791015625 0.09963369963369964
0 0.2177734375 0.3252747252747253 0.03619384765625 0.09514652014652014
0 0.216796875 0.189010989010989 0.03997802734375 0.059981684981684984
0 0.2958984375 0.20146520146520147 0.0615234375 0.09816849816849817
0 0.5048828125 0.2087912087912088 0.022491455078125 0.035164835164835165
0 0.83935546875 0.23882783882783884 0.0263671875 0.03663003663003663
0 0.80322265625 0.35384615384615387 0.0322265625 0.023397435897435898
0 0.56689453125 0.37362637362637363 0.013671875 0.03663003663003663
0 0.73779296875 0.38168498168498166 0.02532958984375 0.041025641025641026
0 0.84814453125 0.40293040293040294 0.019500732421875 0.03956043956043956
0 0.587890625 0.432967032967033 0.024444580078125 0.017628205128205128
0 0.8173828125 0.432967032967033 0.015625 0.046886446886446886
0 0.85546875 0.441025641025641 0.0146484375 0.029304029304029304
0 0.93798828125 0.44175824175824174 0.02142333984375 0.026465201465201465
0 0.64111328125 0.44542124542124545 0.017578125 0.02486263736263736
2 0.919921875 0.4534798534798535 0.030242919921875 0.026373626373626374
0 0.8359375 0.4622710622710623 0.0341796875 0.011721611721611722
0 0.8427734375 0.47985347985347987 0.012725830078125 0.029304029304029304
0 0.82373046875 0.48644688644688644 0.015625 0.045467032967032965
0 0.91455078125 0.48717948717948717 0.02349853515625 0.020604395604395604
0 0.8798828125 0.5117216117216117 0.02734375 0.01391941391941392
0 0.22607421875 0.9238095238095239 0.015655517578125 0.023443223443223443
0 0.689453125 0.9523809523809523 0.030242919921875 0.017536630036630037
0 0.79345703125 0.9721611721611721 0.0263671875 0.03956043956043956