0 0.12786458333333334 0.02175925925925926 0.06380208333333333 0.043055555555555555
0 0.0421875 0.21157407407407408 0.084375 0.056018518518518516
0 0.05911458333333333 0.24166666666666667 0.11822916666666666 0.05
3 0.20286458333333332 0.2657407407407407 0.21354166666666666 0.18333333333333332
0 0.38697916666666665 0.29768518518518516 0.13385416666666666 0.08796296296296297
0 0.04791666666666667 0.3055555555555556 0.09557291666666666 0.062037037037037036
0 0.42473958333333334 0.3300925925925926 0.14505208333333333 0.11018518518518519
0 0.33984375 0.37592592592592594 0.12421875 0.1037037037037037
0 0.3859375 0.038425925925925926 0.11302083333333333 0.07685185185185185
0 0.03046875 0.40324074074074073 0.06067708333333333 0.08611111111111111
0 0.2638020833333333 0.42962962962962964 0.09244791666666667 0.15324074074074073
0 0.17213541666666668 0.43657407407407406 0.07005208333333333 0.14212962962962963
0 0.46770833333333334 0.43842592592592594 0.08125 0.11666666666666667
0 0.09401041666666667 0.44722222222222224 0.0515625 0.12222222222222222
0 0.38958333333333334 0.4671296296296296 0.08776041666666666 0.08148148148148149
0 0.2046875 0.05462962962962963 0.06875 0.10925925925925926
0 0.30026041666666664 0.07222222222222222 0.0828125 0.1439814814814815
0 0.05286458333333333 0.08101851851851852 0.10520833333333333 0.060648148148148145
0 0.14427083333333332 0.1037037037037037 0.11614583333333334 0.14074074074074075
0 0.4825520833333333 0.12962962962962962 0.05364583333333333 0.12407407407407407
0 0.39114583333333336 0.14722222222222223 0.14166666666666666 0.09907407407407408
0 0.07213541666666666 0.15462962962962962 0.14348958333333334 0.08611111111111111
0 0.5158854166666667 0.1587962962962963 0.011979166666666667 0.019444444444444445
0 0.16301041666666669 0.7744444444444444 0.03015885416666665 0.026906249999999923
0 0.57265625 0.9221666666666667 0.028615885416666723 0.032400462962962916
0 0.6175885416666667 0.9251296296296296 0.022933919270833294 0.048164351851851785