0 0.14296875 0.01990740740740741 0.07135416666666666 0.03981481481481482
0 0.047135416666666666 0.19490740740740742 0.09427083333333333 0.05138888888888889
0 0.06510416666666667 0.22268518518518518 0.12994791666666666 0.04259259259259259
3 0.2265625 0.2449074074074074 0.23854166666666668 0.16898148148148148
0 0.4322916666666667 0.2740740740740741 0.14947916666666666 0.08101851851851852
0 0.053385416666666664 0.28194444444444444 0.10677083333333333 0.05740740740740741
0 0.4747395833333333 0.30416666666666664 0.16223958333333333 0.10138888888888889
0 0.37994791666666666 0.34629629629629627 0.13880208333333333 0.09583333333333334
0 0.43125 0.03564814814814815 0.12630208333333334 0.07083333333333333
0 0.03411458333333333 0.3712962962962963 0.06770833333333333 0.07962962962962963
0 0.2947916666666667 0.3958333333333333 0.10338541666666666 0.1412037037037037
0 0.1921875 0.4023148148148148 0.07838541666666667 0.1310185185185185
0 0.52265625 0.4041666666666667 0.09088541666666666 0.10740740740740741
0 0.10494791666666667 0.4125 0.057291666666666664 0.11342592592592593
0 0.4354166666666667 0.4305555555555556 0.09791666666666667 0.075
0 0.22864583333333333 0.05 0.0765625 0.1
0 0.33541666666666664 0.06666666666666667 0.09244791666666667 0.13240740740740742
0 0.05911458333333333 0.07453703703703704 0.11744791666666667 0.056018518518518516
0 0.16119791666666666 0.09583333333333334 0.12994791666666666 0.12962962962962962
0 0.5393229166666667 0.11898148148148148 0.059895833333333336 0.11388888888888889
0 0.43697916666666664 0.13564814814814816 0.15833333333333333 0.0912037037037037
0 0.08046875 0.1425925925925926 0.16041666666666668 0.07962962962962963
0 0.11584375000000001 0.5558333333333333 0.01978776041666664 0.050940972222222235
0 0.38203125 0.6950092592592593 0.026610026041666637 0.051839120370370306
0 0.07591145833333333 0.8203055555555556 0.01301334635416668 0.046326388888888806
0 0.43803125 0.9548518518518518 0.017686197916666656 0.045379050925926014
0 0.27915104166666665 0.9608703703703704 0.02919238281250003 0.037045717592592675
2 0.4087760416666667 0.9800092592592591 0.018228190104166587 0.026879629629629604
0 0.3690104166666667 0.9838703703703703 0.014038736979166681 0.030508101851851658
0 0.07682291666666667 0.9833333333333333 0.025520833333333333 0.03148148148148148
0 0.39114583333333336 0.9847222222222223 0.013541666666666667 0.028703703703703703
0 0.5122395833333333 0.9875 0.0171875 0.023148148148148147