0 0.09036458333333333 0.025 0.04505208333333333 0.049074074074074076
0 0.029947916666666668 0.24074074074074073 0.059895833333333336 0.06481481481481481
0 0.041666666666666664 0.27546296296296297 0.08333333333333333 0.05648148148148148
3 0.14322916666666666 0.3023148148148148 0.15078125 0.20879629629629629
0 0.27317708333333335 0.3384259259259259 0.09453125 0.1
0 0.033854166666666664 0.34814814814814815 0.06744791666666666 0.07083333333333333
0 0.29973958333333334 0.37546296296296294 0.10234375 0.12546296296296297
0 0.23984375 0.42777777777777776 0.08776041666666666 0.11805555555555555
0 0.27239583333333334 0.04351851851851852 0.07994791666666666 0.08703703703703704
0 0.021614583333333333 0.4587962962962963 0.042708333333333334 0.09814814814814815
0 0.18619791666666666 0.4888888888888889 0.06510416666666667 0.17453703703703705
0 0.12135416666666667 0.49675925925925923 0.049479166666666664 0.16157407407407406
0 0.3302083333333333 0.4986111111111111 0.057291666666666664 0.13287037037037036
0 0.06640625 0.5092592592592593 0.0359375 0.1398148148148148
0 0.275 0.5314814814814814 0.06197916666666667 0.09259259259259259
0 0.14453125 0.062037037037037036 0.0484375 0.12361111111111112
0 0.21197916666666666 0.0824074074074074 0.05859375 0.16342592592592592
0 0.03723958333333333 0.09212962962962963 0.07421875 0.06898148148148148
0 0.10182291666666667 0.11805555555555555 0.08203125 0.1597222222222222
0 0.34036458333333336 0.14722222222222223 0.03802083333333333 0.14074074074074075
0 0.2760416666666667 0.1675925925925926 0.1 0.1125
0 0.05078125 0.1763888888888889 0.10130208333333333 0.09814814814814815
0 0.720078125 0.3713518518518518 0.015083984374999915 0.05189756944444449
0 0.3640625 0.6694444444444444 0.008333333333333333 0.024074074074074074