0 0.40598958333333335 0.09861111111111111 0.062239583333333334 0.020833333333333332
0 0.44453125 0.11990740740740741 0.05625 0.025
0 0.44375 0.0125 0.05364583333333333 0.025
0 0.28854166666666664 0.12638888888888888 0.06953125 0.020833333333333332
0 0.48932291666666666 0.12638888888888888 0.06588541666666667 0.016203703703703703
0 0.54140625 0.012962962962962963 0.06458333333333334 0.019444444444444445
0 0.37786458333333334 0.13194444444444445 0.06354166666666666 0.02175925925925926
0 0.3609375 0.14814814814814814 0.05859375 0.024074074074074074
0 0.08125 0.1587962962962963 0.06692708333333333 0.023148148148148147
0 0.4830729166666667 0.16064814814814815 0.061197916666666664 0.03287037037037037
0 0.5385416666666667 0.1648148148148148 0.04739583333333333 0.03981481481481482
0 0.023697916666666666 0.16620370370370371 0.0328125 0.043055555555555555
0 0.12161458333333333 0.17685185185185184 0.07317708333333334 0.019444444444444445
0 0.47890625 0.17731481481481481 0.057291666666666664 0.03287037037037037
0 0.45729166666666665 0.2023148148148148 0.06692708333333333 0.019444444444444445
2 0.9066927083333333 0.18336111111111109 0.1848971354166667 0.24448668981481478
0 0.07472395833333335 0.7710462962962963 0.03278678385416664 0.024081597222222282
0 0.9171927083333333 0.7614907407407407 0.020810221354166696 0.03978645833333324
0 0.8967916666666668 0.7989907407407407 0.024477539062500022 0.03330555555555558
0 0.9066875000000001 0.8091759259259259 0.01926920572916669 0.049972222222222244
0 0.7415572916666666 0.8597777777777778 0.01822460937500002 0.047267361111111045