0 0.3924479166666667 0.1375 0.06015625 0.029166666666666667
0 0.4296875 0.1675925925925926 0.05416666666666667 0.034722222222222224
0 0.42916666666666664 0.017592592592592594 0.05182291666666667 0.034722222222222224
0 0.27890625 0.1763888888888889 0.0671875 0.029166666666666667
0 0.47291666666666665 0.17685185185185184 0.06380208333333333 0.022685185185185187
0 0.5231770833333333 0.018518518518518517 0.0625 0.026851851851851852
0 0.3653645833333333 0.18425925925925926 0.06145833333333333 0.03009259259259259
0 0.3489583333333333 0.20694444444444443 0.05677083333333333 0.033796296296296297
0 0.07838541666666667 0.2222222222222222 0.06484375 0.032407407407407406
0 0.4669270833333333 0.22453703703703703 0.05911458333333333 0.04583333333333333
0 0.5205729166666667 0.23055555555555557 0.04583333333333333 0.056018518518518516
0 0.022916666666666665 0.23287037037037037 0.03177083333333333 0.06018518518518518
0 0.11744791666666667 0.24768518518518517 0.07083333333333333 0.026851851851851852
0 0.4630208333333333 0.24768518518518517 0.05546875 0.04583333333333333
0 0.44192708333333336 0.2828703703703704 0.06484375 0.026851851851851852
2 0.71796875 0.29259259259259257 0.10703125 0.2564814814814815
0 0.26717708333333334 0.7923518518518519 0.027133463541666694 0.029645833333333267