0 0.26614583333333336 0.11064814814814815 0.04088541666666667 0.023148148148148147
0 0.29140625 0.13472222222222222 0.03671875 0.027777777777777776
0 0.2911458333333333 0.013888888888888888 0.03515625 0.027777777777777776
0 0.18932291666666667 0.14212962962962963 0.045572916666666664 0.02361111111111111
0 0.32083333333333336 0.14212962962962963 0.043229166666666666 0.018055555555555554
0 0.35494791666666664 0.014814814814814815 0.04244791666666667 0.02175925925925926
0 0.24791666666666667 0.14814814814814814 0.041666666666666664 0.024074074074074074
0 0.23671875 0.16666666666666666 0.03854166666666667 0.026851851851851852
0 0.053385416666666664 0.1787037037037037 0.04401041666666667 0.025925925925925925
0 0.31666666666666665 0.18055555555555555 0.04010416666666667 0.037037037037037035
0 0.353125 0.18564814814814815 0.03125 0.04490740740740741
0 0.015625 0.18703703703703703 0.021614583333333333 0.04861111111111111
0 0.0796875 0.19907407407407407 0.04791666666666667 0.02175925925925926
0 0.3140625 0.19907407407407407 0.0375 0.037037037037037035
0 0.29973958333333334 0.22777777777777777 0.04401041666666667 0.02175925925925926
0 0.5473854166666666 0.6384907407407407 0.03015820312499997 0.02694444444444457