0 0.42578125 0.09583333333333334 0.06536458333333334 0.020370370370370372
0 0.4661458333333333 0.11666666666666667 0.058854166666666666 0.024074074074074074
0 0.46536458333333336 0.012037037037037037 0.05625 0.024074074074074074
0 0.3026041666666667 0.12314814814814815 0.07291666666666667 0.020370370370370372
0 0.51328125 0.12314814814814815 0.06901041666666667 0.01574074074074074
0 0.5677083333333334 0.012962962962962963 0.06770833333333333 0.018518518518518517
0 0.3963541666666667 0.12824074074074074 0.06666666666666667 0.020833333333333332
0 0.37838541666666664 0.14444444444444443 0.06145833333333333 0.02361111111111111
0 0.08515625 0.15462962962962962 0.0703125 0.022685185185185187
0 0.5065104166666666 0.15648148148148147 0.0640625 0.03194444444444444
0 0.56484375 0.16064814814814815 0.04973958333333333 0.03888888888888889
0 0.024739583333333332 0.16203703703703703 0.03463541666666667 0.04212962962962963
0 0.12760416666666666 0.1726851851851852 0.07682291666666667 0.01898148148148148
0 0.5020833333333333 0.1726851851851852 0.06015625 0.03194444444444444
0 0.47942708333333334 0.19722222222222222 0.0703125 0.018518518518518517
0 0.9264375 0.3400277777777778 0.024472330729166696 0.034266203703703646
0 0.08385416666666666 0.7976851851851852 0.16770833333333332 0.4027777777777778
0 0.8864583333333333 0.6157407407407407 0.10364583333333334 0.1712962962962963
0 0.72734375 0.6819444444444445 0.04114583333333333 0.15833333333333333
1 0.80390625 0.7074074074074074 0.06848958333333334 0.36435185185185187
0 0.8958333333333334 0.7393518518518518 0.1109375 0.1675925925925926
0 0.7328125 0.8268518518518518 0.08958333333333333 0.26666666666666666
0 0.9658854166666667 0.8740740740740741 0.04088541666666667 0.24953703703703703
0 0.8841145833333334 0.913425925925926 0.09140625 0.1712962962962963
0 0.7934895833333333 0.9592592592592593 0.0609375 0.07916666666666666
0 0.9479166666666666 0.48194444444444445 0.103125 0.14722222222222223