2 0.78434375 0.3829444444444445 0.023515625000000047 0.05168518518518523
0 0.5648645833333333 0.43093518518518514 0.02830729166666667 0.02455555555555554
0 0.7092447916666667 0.4761388888888889 0.03686458333333332 0.023268518518518567
0 0.12576041666666668 0.8662685185185186 0.03031250000000001 0.018333333333333292
0 0.8255208333333334 0.49907407407407406 0.030208333333333334 0.018518518518518517
0 0.7908854166666667 0.5148148148148148 0.0203125 0.05
0 0.8495677083333334 0.5382037037037037 0.02623958333333339 0.034083333333333334
0 0.9420364583333334 0.5790833333333333 0.018062500000000033 0.04953703703703704
0 0.860953125 0.5925648148148148 0.019911458333333344 0.047138888888888876
0 0.8723645833333333 0.6250740740740741 0.026755208333333277 0.02257407407407407
0 0.8477083333333333 0.6326574074074074 0.019026041666666653 0.04207407407407407
0 0.873515625 0.6443333333333333 0.030958333333333362 0.020638888888888908
0 0.8339583333333334 0.6473518518518518 0.011729166666666657 0.03257407407407408
0 0.8135 0.6515555555555556 0.011567708333333352 0.03653703703703702
0 0.7869427083333332 0.6707037037037037 0.024479166666666666 0.03147222222222223
0 0.8148593749999999 0.6813611111111111 0.020781250000000046 0.02740740740740743
0 0.7907031250000001 0.6826203703703704 0.026307291666666663 0.029305555555555536
0 0.8297552083333334 0.6908055555555556 0.01931770833333329 0.03844444444444443
0 0.8666770833333334 0.6980555555555555 0.01943229166666664 0.04487037037037035
0 0.8445937499999999 0.7038148148148148 0.02378645833333337 0.032342592592592596
0 0.7882760416666666 0.7733518518518518 0.025911458333333335 0.043620370370370386
0 0.6800104166666666 0.8310648148148148 0.03514583333333334 0.033111111111111105
0 0.59171875 0.881824074074074 0.014859374999999985 0.047601851851851826
0 0.8738802083333332 0.9066666666666667 0.014052083333333344 0.05839814814814819