0 0.6109375 0.37222222222222223 0.14270833333333333 0.31296296296296294
0 0.4440104166666667 0.6842592592592592 0.01171875 0.18472222222222223
0 0.24401041666666667 0.6847222222222222 0.05807291666666667 0.12222222222222222
1 0.16067708333333333 0.7305555555555555 0.034895833333333334 0.22870370370370371
1 0.3221354166666667 0.7509259259259259 0.07369791666666667 0.12453703703703704
0 0.06796875 0.7671296296296296 0.025260416666666667 0.1837962962962963
1 0.221875 0.8013888888888889 0.084375 0.09537037037037037
1 0.03411458333333333 0.8027777777777778 0.05572916666666667 0.21203703703703702
0 0.38385416666666666 0.8199074074074074 0.0265625 0.1824074074074074
0 0.09401041666666667 0.8208333333333333 0.030208333333333334 0.07685185185185185
0 0.3065104166666667 0.5601851851851852 0.029166666666666667 0.06111111111111111
0 0.42942708333333335 0.825925925925926 0.04010416666666667 0.09074074074074075
0 0.35052083333333334 0.5648148148148148 0.03125 0.07037037037037037
1 0.13958333333333334 0.8675925925925926 0.051041666666666666 0.21481481481481482
0 0.34036458333333336 0.8944444444444445 0.05182291666666667 0.13194444444444445
0 0.08515625 0.899074074074074 0.06875 0.07731481481481481
1 0.18671875 0.9013888888888889 0.06458333333333334 0.1527777777777778
0 0.27369791666666665 0.9268518518518518 0.030729166666666665 0.14444444444444443
0 0.41510416666666666 0.9328703703703703 0.028125 0.13240740740740742
1 0.30182291666666666 0.950462962962963 0.028645833333333332 0.09722222222222222
1 0.04505208333333333 0.9583333333333334 0.0828125 0.08148148148148149
1 0.121875 0.9731481481481481 0.041666666666666664 0.05185185185185185
0 0.2677083333333333 0.575925925925926 0.04010416666666667 0.09212962962962963
1 0.40598958333333335 0.5787037037037037 0.06927083333333334 0.09814814814814815
0 0.005729166666666666 0.5990740740740741 0.011458333333333333 0.1388888888888889
0 0.17942708333333332 0.5416666666666666 0.019791666666666666 0.02361111111111111
1 0.38307291666666665 0.6680555555555555 0.07057291666666667 0.16064814814814815
0 0.19036458333333334 0.6699074074074074 0.03359375 0.13935185185185187
0 0.1375 0.6717592592592593 0.020833333333333332 0.09814814814814815
1 0.3299479166666667 0.674537037037037 0.07942708333333333 0.09722222222222222
0 0.5244791666666667 0.9578703703703704 0.03958333333333333 0.0824074074074074