0 0.7760416666666666 0.006944444444444444 0.01875 0.013888888888888888
0 0.7661458333333333 0.014814814814814815 0.021875 0.02962962962962963
0 0.7369791666666666 0.023064814814814785 0.012880208333333342 0.0365925925925926
2 0.7657135416666667 0.04435185185185183 0.021036458333333355 0.05412962962962964
0 0.5056041666666666 0.0514444444444444 0.018333333333333333 0.04611111111111112
0 0.707375 0.06935185185185183 0.01896874999999998 0.030055555555555565
0 0.687578125 0.12258333333333332 0.01480729166666664 0.056888888888888885
0 0.6690885416666668 0.13662037037037034 0.022171875000000025 0.0349722222222222
2 0.736109375 0.2389259259259259 0.02711979166666669 0.04883333333333334
0 0.25764062499999996 0.45212037037037034 0.024276041666666644 0.04374074074074075
0 0.10509895833333331 0.6258611111111112 0.022317708333333346 0.0356759259259259
0 0.243921875 0.6772407407407408 0.015588541666666641 0.05139814814814814
0 0.3817031249999999 0.6814074074074075 0.011973958333333338 0.05047222222222222
0 0.25859375 0.6821759259259259 0.01235937500000001 0.053861111111111075
0 0.3191979166666667 0.7128888888888889 0.03176041666666667 0.03194444444444444
0 0.28965104166666666 0.7552777777777778 0.021963541666666704 0.03811111111111108
0 0.2714270833333333 0.7835185185185186 0.010046874999999981 0.04134259259259257
0 0.28477604166666665 0.7835833333333333 0.01726562500000005 0.028805555555555567
0 0.30106249999999996 0.7864722222222222 0.017203124999999986 0.0286666666666667
0 0.3435052083333333 0.7891111111111111 0.02829687499999996 0.028842592592592572
0 0.25208854166666667 0.8111203703703703 0.02007291666666665 0.04584259259259259
0 0.29111458333333334 0.8167592592592593 0.017604166666666643 0.04261111111111109
0 0.27293229166666666 0.8312685185185185 0.022567708333333325 0.022055555555555603
2 0.18775 0.8335462962962963 0.02280208333333332 0.043638888888888935
0 0.287625 0.8473240740740741 0.0293333333333333 0.020370370370370372
0 0.19608333333333333 0.8696574074074074 0.024880208333333324 0.02326851851851862
0 0.22698958333333336 0.9244351851851852 0.027651041666666685 0.033435185185185096
0 0.678125 0.600462962962963 0.025520833333333333 0.029166666666666667
0 0.9934895833333334 0.6018518518518519 0.011979166666666667 0.03148148148148148
0 0.79453125 0.6125 0.023697916666666666 0.019444444444444445
0 0.7153645833333333 0.6393518518518518 0.012760416666666666 0.03796296296296296
0 0.99296875 0.6462962962962963 0.013020833333333334 0.05185185185185185
0 0.6598958333333333 0.6532407407407408 0.014583333333333334 0.03009259259259259
0 0.5533854166666666 0.6865740740740741 0.016666666666666666 0.03518518518518519
0 0.7955729166666666 0.7087962962962963 0.021875 0.030555555555555555
0 0.5549479166666667 0.7263888888888889 0.019791666666666666 0.04722222222222222
0 0.8963541666666667 0.7416666666666667 0.01640625 0.03796296296296296
0 0.6723958333333333 0.8055555555555556 0.015364583333333333 0.040740740740740744
0 0.8872395833333333 0.8083333333333333 0.023697916666666666 0.037037037037037035
0 0.71328125 0.8125 0.0203125 0.02638888888888889
0 0.8526041666666667 0.8291666666666667 0.0234375 0.03935185185185185
0 0.7015625 0.8467592592592592 0.018489583333333334 0.03148148148148148
0 0.8205729166666667 0.8537037037037037 0.01953125 0.03657407407407407
0 0.7875 0.8638888888888889 0.024739583333333332 0.031018518518518518
0 0.68671875 0.8717592592592592 0.015104166666666667 0.04861111111111111
0 0.8716145833333333 0.8800925925925925 0.018229166666666668 0.04583333333333333
0 0.653125 0.8981481481481481 0.015885416666666666 0.041666666666666664
0 0.590625 0.9009259259259259 0.01171875 0.06712962962962964
0 0.8234375 0.9467592592592593 0.022135416666666668 0.03796296296296296
0 0.7026041666666667 0.37916666666666665 0.014322916666666666 0.019444444444444445
0 0.9955729166666667 0.3800925925925926 0.0078125 0.021296296296296296
0 0.9786458333333333 0.3824074074074074 0.016145833333333335 0.02546296296296296
2 0.5796875 0.49953703703703706 0.026041666666666668 0.0375
2 0.5924479166666666 0.513425925925926 0.020572916666666666 0.03518518518518519
0 0.6692708333333334 0.5347222222222222 0.021354166666666667 0.02962962962962963
0 0.6200520833333333 0.549537037037037 0.025260416666666667 0.04259259259259259