0 0.67315625 0.4283055555555556 0.030312500000000023 0.018333333333333292
0 0.25285416666666666 0.7323703703703704 0.017109375000000013 0.05281481481481482
0 0.18942187500000002 0.7567499999999999 0.02453645833333334 0.06329629629629631
0 0.2750833333333333 0.7639537037037036 0.02595833333333332 0.057953703703703736
0 0.32155729166666663 0.8508796296296297 0.03317708333333336 0.03303703703703699
0 0.2635677083333333 0.8644537037037037 0.014729166666666653 0.05524999999999996
0 0.248921875 0.8820462962962963 0.013911458333333352 0.04475000000000004
0 0.23028645833333333 0.8914074074074074 0.026640624999999987 0.030138888888888847
0 0.26634375 0.9233981481481481 0.014442708333333342 0.060787037037037014
0 0.2339270833333333 0.9238148148148149 0.022322916666666675 0.044546296296296306
0 0.2736354166666667 0.9346203703703704 0.01374479166666672 0.03652777777777782
0 0.22611979166666665 0.9510740740740742 0.021083333333333343 0.0283055555555556
0 0.27364062499999997 0.9651666666666667 0.03209374999999997 0.023333333333333376
0 0.5390416666666666 0.8863240740740741 0.03271354166666665 0.030675925925925922