0 0.87265625 0.11018518518518519 0.020052083333333335 0.044444444444444446
0 0.7390625 0.012037037037037037 0.023177083333333334 0.014814814814814815
0 0.70078125 0.12314814814814815 0.021875 0.026851851851851852
0 0.9158854166666667 0.013888888888888888 0.010677083333333334 0.02546296296296296
0 0.9283854166666666 0.13703703703703704 0.0109375 0.05694444444444444
0 0.8338541666666667 0.15462962962962962 0.020052083333333335 0.031018518518518518
0 0.6864583333333333 0.15833333333333333 0.022135416666666668 0.028703703703703703
0 0.7645833333333333 0.1587962962962963 0.026822916666666665 0.023148148148148147
0 0.9127604166666666 0.1587962962962963 0.010416666666666666 0.05925925925925926
0 0.9557291666666666 0.16944444444444445 0.018229166666666668 0.04537037037037037
0 0.996875 0.17453703703703705 0.005208333333333333 0.025
0 0.7932291666666667 0.17685185185185184 0.023697916666666666 0.024074074074074074
0 0.8692708333333333 0.01898148148148148 0.017708333333333333 0.016666666666666666
0 0.7200520833333334 0.18101851851851852 0.008854166666666666 0.062037037037037036
0 0.978125 0.18796296296296297 0.019791666666666666 0.022222222222222223
0 0.7716145833333333 0.01990740740740741 0.019010416666666665 0.033796296296296297
0 0.7604166666666666 0.19953703703703704 0.022916666666666665 0.0375
0 0.6747395833333333 0.2101851851851852 0.021354166666666667 0.03148148148148148
0 0.8 0.2111111111111111 0.017447916666666667 0.052314814814814814
0 0.91953125 0.2162037037037037 0.013020833333333334 0.06018518518518518
0 0.7385416666666667 0.2222222222222222 0.00859375 0.06296296296296296
0 0.778125 0.22268518518518518 0.0125 0.05092592592592592
0 0.9861979166666667 0.22592592592592592 0.016927083333333332 0.053703703703703705
0 0.815625 0.22685185185185186 0.017447916666666667 0.04861111111111111
0 0.9671875 0.23055555555555557 0.018229166666666668 0.0412037037037037
0 0.6940104166666666 0.23148148148148148 0.024479166666666666 0.021296296296296296
0 0.7552083333333334 0.2337962962962963 0.014583333333333334 0.05648148148148148
0 0.8830729166666667 0.02546296296296296 0.019270833333333334 0.03287037037037037
0 0.9450520833333333 0.25787037037037036 0.023958333333333335 0.025
0 0.89609375 0.025925925925925925 0.0203125 0.027777777777777776
0 0.6731770833333334 0.02638888888888889 0.0171875 0.04861111111111111
0 0.9166666666666666 0.2652777777777778 0.02109375 0.044444444444444446
0 0.9927083333333333 0.26944444444444443 0.013541666666666667 0.040740740740740744
0 0.68359375 0.26944444444444443 0.018489583333333334 0.053703703703703705
0 0.9083333333333333 0.27546296296296297 0.0109375 0.05740740740740741
0 0.8067708333333333 0.27870370370370373 0.018489583333333334 0.05277777777777778
0 0.734375 0.28194444444444444 0.022916666666666665 0.03148148148148148
0 0.9604166666666667 0.2986111111111111 0.009895833333333333 0.05416666666666667
0 0.9885416666666667 0.31342592592592594 0.016927083333333332 0.050462962962962966
0 0.6575520833333334 0.3162037037037037 0.020833333333333332 0.046296296296296294
0 0.7067708333333333 0.3189814814814815 0.021354166666666667 0.03796296296296296
0 0.6434895833333333 0.324537037037037 0.015625 0.05787037037037037
0 0.83515625 0.32592592592592595 0.020052083333333335 0.055092592592592596
0 0.6828125 0.33055555555555555 0.021614583333333333 0.025
0 0.8927083333333333 0.3402777777777778 0.020833333333333332 0.046296296296296294
0 0.6973958333333333 0.3527777777777778 0.012239583333333333 0.059722222222222225
0 0.75625 0.3578703703703704 0.015364583333333333 0.04583333333333333
0 0.92734375 0.3587962962962963 0.01875 0.04398148148148148
0 0.67578125 0.37175925925925923 0.018229166666666668 0.043055555555555555
0 0.61015625 0.38333333333333336 0.0203125 0.024074074074074074
0 0.7401041666666667 0.4023148148148148 0.02265625 0.025925925925925925
0 0.7760416666666666 0.42685185185185187 0.022395833333333334 0.03194444444444444
0 0.6119791666666666 0.4324074074074074 0.023958333333333335 0.03194444444444444
0 0.8752604166666667 0.43703703703703706 0.020833333333333332 0.04583333333333333
0 0.9002604166666667 0.44305555555555554 0.016145833333333335 0.049074074074074076
0 0.8348958333333333 0.04537037037037037 0.022135416666666668 0.025925925925925925
0 0.7489583333333333 0.45231481481481484 0.014583333333333334 0.058333333333333334
0 0.79375 0.45925925925925926 0.01875 0.04861111111111111
0 0.6260416666666667 0.46064814814814814 0.021354166666666667 0.04398148148148148
0 0.8130208333333333 0.4773148148148148 0.022135416666666668 0.03009259259259259
0 0.634375 0.49074074074074076 0.008854166666666666 0.060648148148148145
0 0.8494791666666667 0.49212962962962964 0.009895833333333333 0.06388888888888888
0 0.6502604166666667 0.5046296296296297 0.010416666666666666 0.05324074074074074
0 0.8106770833333333 0.5097222222222222 0.02265625 0.020833333333333332
0 0.6221354166666667 0.513425925925926 0.012239583333333333 0.05925925925925926
0 0.8796875 0.5138888888888888 0.02265625 0.0375
0 0.98359375 0.5152777777777777 0.013802083333333333 0.04722222222222222
0 0.94921875 0.5157407407407407 0.021875 0.03009259259259259
0 0.7869791666666667 0.5199074074074074 0.019270833333333334 0.04490740740740741
0 0.70390625 0.5259259259259259 0.023697916666666666 0.018518518518518517
0 0.7723958333333333 0.5356481481481481 0.010677083333333334 0.05740740740740741
0 0.9697916666666667 0.5416666666666666 0.0140625 0.04814814814814815
0 0.6588541666666666 0.5518518518518518 0.025260416666666667 0.026851851851851852
0 0.8794270833333333 0.5560185185185185 0.0234375 0.03657407407407407
0 0.6875 0.562962962962963 0.020572916666666666 0.022222222222222223
0 0.9283854166666666 0.5662037037037037 0.011197916666666667 0.055092592592592596
0 0.715625 0.5685185185185185 0.01484375 0.05185185185185185
0 0.9825520833333333 0.5689814814814815 0.017708333333333333 0.05462962962962963
0 0.7395833333333334 0.5694444444444444 0.018229166666666668 0.04722222222222222
0 0.7994791666666666 0.5717592592592593 0.02421875 0.021296296296296296
0 0.9596354166666666 0.575 0.023958333333333335 0.02638888888888889
0 0.9096354166666667 0.5828703703703704 0.015625 0.05740740740740741
0 0.6625 0.5861111111111111 0.023177083333333334 0.027777777777777776
0 0.7591145833333334 0.587037037037037 0.010677083333333334 0.058333333333333334
0 0.7018229166666666 0.5902777777777778 0.010677083333333334 0.05925925925925926
0 0.9947916666666666 0.5939814814814814 0.009375 0.062037037037037036
0 0.8692708333333333 0.5962962962962963 0.013802083333333333 0.05555555555555555
0 0.90234375 0.06018518518518518 0.011979166666666667 0.05185185185185185
0 0.8575520833333333 0.6013888888888889 0.018489583333333334 0.04537037037037037
0 0.6796875 0.6171296296296296 0.023697916666666666 0.033796296296296297
0 0.83203125 0.6194444444444445 0.013802083333333333 0.062037037037037036
0 0.9703125 0.6328703703703704 0.020833333333333332 0.02638888888888889
0 0.76484375 0.6347222222222222 0.018229166666666668 0.04861111111111111
0 0.86015625 0.6365740740740741 0.01953125 0.03657407407407407
0 0.8463541666666666 0.6412037037037037 0.008072916666666667 0.055092592592592596
0 0.9901041666666667 0.6444444444444445 0.01875 0.05185185185185185
0 0.8994791666666667 0.6537037037037037 0.0109375 0.05138888888888889
0 0.809375 0.6643518518518519 0.010416666666666666 0.028703703703703703
0 0.8606770833333334 0.6657407407407407 0.02109375 0.02546296296296296
0 0.6059895833333333 0.6662037037037037 0.01171875 0.02638888888888889
0 0.6752604166666667 0.6708333333333333 0.0140625 0.01574074074074074
0 0.8890625 0.0699074074074074 0.013020833333333334 0.049074074074074076
0 0.7841145833333333 0.07037037037037037 0.013541666666666667 0.06111111111111111
0 0.9393229166666667 0.07361111111111111 0.022135416666666668 0.025925925925925925
0 0.9651041666666667 0.07407407407407407 0.025 0.025925925925925925
0 0.7072916666666667 0.07916666666666666 0.024479166666666666 0.023148148148148147
0 0.6153645833333333 0.008333333333333333 0.024739583333333332 0.016666666666666666
0 0.675 0.008796296296296297 0.022135416666666668 0.012037037037037037
0 0.8294270833333334 0.09814814814814815 0.019270833333333334 0.02962962962962963
0 0.1796875 0.6851851851851852 0.028125 0.011111111111111112
0 0.246875 0.6898148148148148 0.016666666666666666 0.020370370370370372
0 0.271875 0.7023148148148148 0.014583333333333334 0.04537037037037037
0 0.5072395833333334 0.700851851851852 0.030765624999999967 0.026407407407407404
0 0.30859895833333334 0.7201388888888889 0.01890104166666665 0.04954629629629629
0 0.28628125 0.7264722222222222 0.016354166666666715 0.040879629629629634
0 0.3102916666666667 0.7856018518518519 0.012843750000000043 0.041111111111111105
2 0.2527552083333333 0.8009722222222222 0.02128125000000001 0.05473148148148149
0 0.31795833333333334 0.8210092592592593 0.02744791666666669 0.026055555555555544
0 0.29143749999999996 0.8280648148148148 0.011510416666666618 0.03367592592592593
0 0.35660416666666667 0.8283796296296296 0.024697916666666705 0.035398148148148165
0 0.3205 0.862287037037037 0.019875000000000042 0.027157407407407394
0 0.28043229166666667 0.8895370370370371 0.033322916666666674 0.030314814814814822
0 0.25172395833333333 0.9514814814814814 0.01874479166666667 0.055333333333333325
0 0.19382291666666665 0.9705740740740741 0.02893749999999997 0.02139814814814816
2 0.37265625 0.9875 0.022395833333333334 0.023148148148148147