3 0.2838541666666667 0.7574074074074074 0.13723958333333333 0.2037037037037037
0 0.5578125 0.7675925925925926 0.042708333333333334 0.1648148148148148
0 0.46432291666666664 0.7717592592592593 0.13151041666666666 0.05694444444444444
0 0.16875 0.8185185185185185 0.11822916666666666 0.11203703703703703
0 0.2716145833333333 0.875462962962963 0.10859375 0.12129629629629629
0 0.5609375 0.9097222222222222 0.036458333333333336 0.09907407407407408
0 0.4942708333333333 0.9300925925925926 0.12838541666666667 0.08935185185185185
0 0.09661458333333334 0.9541666666666667 0.044270833333333336 0.08981481481481482
0 0.2559895833333333 0.9638888888888889 0.14166666666666666 0.06759259259259259
0 0.5447916666666667 0.5282407407407408 0.06953125 0.1175925925925926
2 0.7267864583333333 0.8824444444444444 0.024937499999999998 0.05253703703703705