0 0.8002645502645502 0.3148561507936508 0.008267195767195767 0.022817460317460316
0 0.1408664021164021 0.7784722222222222 0.08900132275132273 0.09519593253968252
1 0.21713624338624335 0.7965550595238096 0.13628968253968252 0.0470386904761905
1 0.022156084656084655 0.8149801587301587 0.04431216931216931 0.08432539682539683
0 0.04596230158730159 0.8151066468253969 0.06965608465608465 0.03587301587301584
0 0.3865443121693122 0.8435416666666666 0.11796296296296294 0.039218750000000024
0 0.04183201058201058 0.8480902777777778 0.08366402116402116 0.04439484126984127
1 0.2509424603174603 0.869985119047619 0.12894841269841273 0.07319444444444442
0 0.02628968253968254 0.8795882936507936 0.05257936507936508 0.041914682539682536
0 0.022156084656084655 0.9143105158730159 0.04431216931216931 0.0339781746031746
0 0.12084986772486773 0.9307068452380951 0.07158399470899472 0.10039186507936501
0 0.23661044973544973 0.9410739087301587 0.10028108465608465 0.07978918650793651
0 0.5769014550264551 0.9439756944444444 0.09744047619047615 0.05495039682539681
0 0.3247354497354497 0.9619295634920635 0.047619047619047616 0.07564484126984126
0 0.0539021164021164 0.9712301587301587 0.1078042328042328 0.05704365079365079
0 0.43700396825396826 0.9892113095238095 0.10681216931216932 0.021081349206349208
0 0.6226851851851852 0.9888392857142857 0.05026455026455026 0.021825396825396824
0 0.20122354497354497 0.6282242063492064 0.09358465608465609 0.016865079365079364
0 0.10085978835978836 0.6248759920634921 0.10119047619047619 0.010168650793650794
0 0.4603174603174603 0.6439732142857143 0.07208994708994709 0.04836309523809524
0 0.4070767195767196 0.6397569444444444 0.09325396825396826 0.03993055555555555
0 0.6676587301587301 0.6419890873015873 0.023809523809523808 0.04439484126984127
0 0.5550595238095238 0.6419890873015873 0.07837301587301587 0.04439484126984127
1 0.2743055555555556 0.6516617063492064 0.05919312169312169 0.06374007936507936
0 0.3682208994708995 0.6571180555555556 0.103505291005291 0.07465277777777778
0 0.022652116402116403 0.6648065476190477 0.045304232804232805 0.047371031746031744
0 0.05796296296296295 0.6746502976190476 0.10655753968253968 0.05776289682539682
0 0.13100529100529099 0.6773313492063492 0.06962962962962961 0.0617609126984127
0 0.20904761904761907 0.6922296626984127 0.08042989417989418 0.11120039682539684
1 0.6489748677248677 0.7044890873015873 0.06117724867724868 0.10143849206349206
0 0.12093915343915344 0.7046924603174604 0.13280423280423279 0.033891369047619045
0 0.12533068783068782 0.7240451388888889 0.07333002645502645 0.04006200396825396
0 0.32315145502645504 0.7308506944444444 0.072744708994709 0.08933531746031748
1 0.41869708994709 0.7541195436507937 0.10952050264550266 0.09443948412698412
0 0.6204431216931217 0.7549479166666666 0.054457671957671906 0.09939980158730158
0 0.07554563492063493 0.7626215277777777 0.054589947089947105 0.057557043650793636
0 0.7981150793650794 0.8097718253968254 0.008432539682539682 0.014756944444444444