2 0.7486979166666666 0.2814814814814815 0.07526041666666666 0.13564814814814816
0 0.295140625 0.5815740740740741 0.02364583333333338 0.0470925925925926
0 0.22759375 0.6315648148148147 0.019151041666666656 0.05449074074074075
2 0.2762135416666667 0.6682870370370371 0.023927083333333363 0.053861111111111123
0 0.021052083333333343 0.7039351851851852 0.029109374999999996 0.027000000000000024
0 0.30856770833333336 0.7093518518518519 0.02105208333333337 0.04275925925925924
0 0.3395364583333333 0.7461111111111111 0.016500000000000032 0.05852777777777778
0 0.31014583333333334 0.7536759259259259 0.030302083333333365 0.042888888888888935
0 0.3691302083333333 0.7643333333333333 0.025583333333333277 0.03412962962962964
0 0.291796875 0.7720833333333333 0.022177083333333295 0.035981481481481496
0 0.37171875000000004 0.7856481481481481 0.01898958333333335 0.05728703703703704
0 0.27027604166666663 0.7881759259259259 0.016744791666666686 0.04527777777777776
0 0.20866666666666667 0.8557685185185185 0.025755208333333356 0.03437037037037038
0 0.42476041666666664 0.8688796296296296 0.022062499999999947 0.03282407407407412
0 0.13773437500000002 0.8704259259259258 0.02490625000000001 0.03220370370370368
0 0.6979375 0.6408703703703703 0.019432291666666667 0.0382222222222222
0 0.6782916666666667 0.6413518518518518 0.019052083333333324 0.052185185185185196
0 0.7345520833333334 0.6583888888888888 0.028046875000000013 0.02485185185185183
0 0.68178125 0.6780185185185185 0.02084895833333332 0.024027777777777766
0 0.654515625 0.6820555555555555 0.025244791666666672 0.036907407407407423
0 0.7813541666666667 0.7193518518518518 0.024833333333333308 0.026361111111111137
0 0.6109375 0.7398148148148148 0.021875 0.027777777777777776
0 0.6465260416666666 0.7914074074074074 0.02087499999999999 0.04639814814814816
0 0.9445781249999999 0.9190185185185185 0.03460416666666669 0.0293888888888889