0 0.5459635416666667 0.161 0.01694270833333332 0.04183333333333334
2 0.574875 0.1783055555555556 0.02366145833333331 0.027611111111111104
2 0.5518906250000001 0.19133333333333333 0.018796875000000015 0.027953703703703703
0 0.466265625 0.2044444444444444 0.013687499999999986 0.033203703703703714
0 0.5782083333333332 0.2117592592592593 0.0171875 0.04039814814814814
0 0.5542708333333334 0.21192592592592593 0.022416666666666647 0.019759259259259237
0 0.5622135416666667 0.22821296296296298 0.013088541666666665 0.044546296296296306
0 0.5284687499999999 0.23268518518518513 0.020614583333333356 0.044611111111111094
0 0.53346875 0.23861111111111116 0.011083333333333318 0.04527777777777776
0 0.48994270833333337 0.24744444444444444 0.031145833333333338 0.020833333333333332
0 0.5131041666666667 0.657787037037037 0.024781250000000008 0.038416666666666675