0 0.4700520833333333 0.3162037037037037 0.04010416666666667 0.20277777777777778
3 0.7372395833333333 0.3300925925925926 0.07578125 0.21342592592592594
0 0.87890625 0.03657407407407407 0.03723958333333333 0.07268518518518519
0 0.7924479166666667 0.04398148148148148 0.06666666666666667 0.08796296296296297
0 0.48020833333333335 0.6240740740740741 0.06015625 0.12824074074074074
0 0.7140625 0.638425925925926 0.07552083333333333 0.07222222222222222
0 0.92734375 0.6537037037037037 0.06901041666666667 0.07916666666666666
0 0.5182291666666666 0.0699074074074074 0.05703125 0.10555555555555556
0 0.9796875 0.6898148148148148 0.027083333333333334 0.09814814814814815
0 0.6213541666666667 0.07175925925925926 0.06041666666666667 0.14351851851851852
0 0.6958333333333333 0.09398148148148149 0.06484375 0.12916666666666668
0 0.4783854166666667 0.12546296296296297 0.051041666666666666 0.16064814814814815
0 0.8395833333333333 0.19444444444444445 0.06848958333333334 0.06481481481481481
0 0.5690104166666666 0.020370370370370372 0.03984375 0.040740740740740744