0 0.3716015625 0.735734375 0.14168749999999997 0.14913541666666663
0 0.26566796875 0.7479010416666667 0.04674218750000003 0.08347916666666665
2 0.23876171875000002 0.7847760416666667 0.05569921874999997 0.13436458333333334
0 0.17906640624999998 0.9224895833333334 0.06890625000000002 0.09035416666666668
0 0.245703125 0.9703125 0.0765625 0.058333333333333334
0 0.3146484375 0.9768229166666667 0.075390625 0.0453125
0 0.219921875 0.5145833333333333 0.06015625 0.06979166666666667
2 0.609765625 0.57265625 0.0796875 0.12760416666666666
0 0.2094609375 0.5931197916666666 0.05959374999999998 0.11526041666666666
0 0.22400390625000002 0.6898854166666666 0.047011718749999966 0.06264062499999999
0 0.166703125 0.7248854166666666 0.0730390625 0.20208333333333334