0 0.8949687500000001 0.08843518518518517 0.021192708333333362 0.01547222222222223
0 0.9032083333333333 0.09832407407407408 0.025723958333333387 0.02925
0 0.877953125 0.235712962962963 0.025317708333333282 0.033157407407407385
0 0.9316927083333333 0.24174074074074078 0.013005208333333348 0.03442592592592591
0 0.9778749999999999 0.261175925925926 0.021708333333333368 0.04518518518518514
2 0.6121979166666667 0.31054629629629626 0.02390104166666666 0.05505555555555559
0 0.6546875 0.32916666666666666 0.027083333333333334 0.03981481481481482
0 0.8963541666666667 0.337037037037037 0.027083333333333334 0.024074074074074074
0 0.2671875 0.3736111111111111 0.035416666666666666 0.04722222222222222
0 0.070953125 0.37711111111111106 0.039921874999999996 0.051083333333333335
0 0.44948958333333333 0.3852962962962963 0.045078124999999976 0.02672222222222222
0 0.20353125 0.3855 0.04141145833333333 0.06956481481481482
0 0.38269791666666664 0.4534722222222222 0.048291666666666684 0.03416666666666666
0 0.14986458333333333 0.47161111111111115 0.04674479166666667 0.03442592592592593
0 0.2876458333333333 0.4803796296296296 0.04705729166666665 0.0469537037037037
0 0.01953125 0.48333333333333334 0.0390625 0.053703703703703705
0 0.09133854166666668 0.5005 0.03096354166666666 0.07310185185185183
0 0.16659895833333332 0.5218796296296296 0.04348958333333333 0.03036111111111113
0 0.291859375 0.54025 0.034505208333333336 0.061212962962962976
0 0.37908333333333327 0.5432777777777777 0.027052083333333362 0.08046296296296294
0 0.016145833333333335 0.5444444444444444 0.03229166666666667 0.06481481481481481
0 0.031484374999999995 0.554138888888889 0.030484375 0.07068518518518521
0 0.0538125 0.5587314814814816 0.02749479166666667 0.06863888888888889
0 0.21038020833333332 0.5684722222222223 0.02350520833333333 0.07846296296296297
0 0.12830208333333334 0.5729537037037037 0.02547916666666666 0.09210185185185188
0 0.24213541666666666 0.5748611111111112 0.03364583333333335 0.07415740740740744
0 0.4142760416666667 0.5958796296296296 0.0418333333333333 0.05381481481481482
0 0.17424999999999996 0.5958796296296296 0.04176562500000003 0.06178703703703706
0 0.0033854166666666668 0.6199074074074075 0.0067708333333333336 0.062037037037037036
0 0.19102083333333333 0.6231203703703704 0.029203125000000028 0.06807407407407405
0 0.03831770833333333 0.6233611111111111 0.045864583333333334 0.03103703703703702
0 0.229234375 0.6337870370370371 0.04282812500000001 0.0396666666666667
0 0.1185885416666667 0.6468888888888888 0.04014583333333334 0.04878703703703709
0 0.3863854166666666 0.6745 0.0325104166666667 0.06163888888888883
0 0.21940104166666666 0.679074074074074 0.04679687500000001 0.04941666666666667
0 0.05225 0.682138888888889 0.0381875 0.0584722222222222
0 0.2859947916666667 0.6910462962962962 0.021994791666666676 0.07491666666666663
0 0.4121197916666667 0.6943425925925926 0.03377604166666662 0.07787962962962965
0 0.4464322916666667 0.6998333333333333 0.032723958333333296 0.0668888888888889
0 0.20394270833333336 0.7076481481481481 0.049098958333333324 0.0459537037037037
0 0.08108333333333334 0.7120648148148148 0.03748437500000001 0.0625555555555555
0 0.11677604166666669 0.7203703703703703 0.04129166666666665 0.04029629629629628
0 0.260359375 0.7246018518518518 0.03165624999999998 0.0798611111111111
0 0.4696927083333333 0.7256666666666667 0.02905208333333332 0.0658240740740741
3 0.15695833333333334 0.7270185185185186 0.032624999999999994 0.12983333333333336
0 0.3286197916666667 0.7289537037037037 0.046036458333333384 0.07154629629629627
0 0.033161458333333345 0.7354722222222222 0.029541666666666667 0.06953703703703706
0 0.009114583333333334 0.7356481481481482 0.018229166666666668 0.04722222222222222
0 0.22949479166666667 0.7501481481481482 0.044937499999999984 0.03301851851851849
0 0.48802083333333335 0.7587962962962963 0.0020833333333333333 0.08981481481481482
0 0.0984375 0.36064814814814816 0.020833333333333332 0.021296296296296296
0 0.3106770833333333 0.7677407407407407 0.05185416666666664 0.04022222222222227
0 0.07177604166666667 0.7684166666666666 0.04422395833333333 0.0404444444444444
0 0.44244791666666666 0.7838981481481482 0.0441770833333333 0.0665462962962963
0 0.19158854166666667 0.7867314814814814 0.03243749999999999 0.07107407407407407
0 0.25658333333333333 0.7870277777777778 0.05033854166666669 0.03837962962962967
0 0.403265625 0.7895185185185185 0.01690104166666669 0.07926851851851847
0 0.07388020833333335 0.8028425925925926 0.04846875 0.036120370370370365
0 0.3443072916666667 0.8048888888888889 0.0431302083333333 0.03737962962962963
0 0.019411458333333322 0.8095092592592592 0.032796874999999996 0.08184259259259263
0 0.30089583333333336 0.8246481481481481 0.02716145833333338 0.08066666666666672
0 0.2478385416666667 0.8391481481481481 0.027088541666666664 0.08468518518518522
0 0.22097395833333333 0.8410185185185185 0.01761458333333336 0.07639814814814815
0 0.11104687500000002 0.8455092592592592 0.04180208333333333 0.048287037037037066
0 0.061812500000000006 0.8481759259259259 0.043291666666666666 0.043611111111111024
0 0.4186614583333333 0.8482222222222222 0.04530208333333334 0.051453703703703696
0 0.28122395833333336 0.8529814814814815 0.029671875000000014 0.08168518518518521
0 0.19215104166666663 0.8556203703703704 0.04822916666666668 0.0444537037037037
0 0.33695833333333336 0.8709351851851852 0.03453124999999998 0.0665092592592592
0 0.43985416666666666 0.8711018518518518 0.04441145833333333 0.05237037037037032
0 0.484375 0.874537037037037 0.009375 0.06018518518518518
0 0.37074479166666663 0.883888888888889 0.018723958333333356 0.08662037037037033
0 0.4565208333333333 0.8853981481481482 0.044833333333333295 0.0665092592592592
0 0.02492708333333334 0.8905925925925926 0.044890624999999997 0.05925925925925926
0 0.09358333333333331 0.8915462962962963 0.04901041666666668 0.04106481481481473
0 0.17745312500000002 0.8955555555555555 0.039692708333333354 0.06117592592592587
0 0.12447916666666667 0.3680555555555556 0.023958333333333335 0.03611111111111111
0 0.31121875 0.921324074074074 0.04976562499999997 0.04000925925925929
0 0.23181250000000003 0.9234814814814815 0.030000000000000013 0.08094444444444451
0 0.4822916666666667 0.9314814814814815 0.013541666666666667 0.07962962962962963
0 0.34055729166666665 0.9359814814814815 0.035546875 0.04618518518518529
0 0.11398437500000001 0.9430833333333333 0.018447916666666675 0.07032407407407412
0 0.4577135416666666 0.9461203703703703 0.04204166666666668 0.039712962962963054
0 0.4245416666666666 0.9544259259259259 0.027843750000000018 0.05992592592592595
0 0.38323437499999996 0.956185185185185 0.02585416666666672 0.07284259259259265
0 0.2893697916666667 0.9609166666666666 0.04869270833333334 0.04252777777777784
0 0.08003645833333334 0.9612592592592591 0.030526041666666674 0.04822222222222215
0 0.3605833333333333 0.9671111111111111 0.018276041666666624 0.06215740740740751
0 0.40025 0.9735000000000001 0.024369791666666647 0.03950925925925933
0 0.02425 0.9746296296296295 0.04566666666666667 0.03787962962962971
0 0.46484375 0.975462962962963 0.0484375 0.041666666666666664
0 0.23808854166666665 0.9757962962962964 0.042557291666666684 0.029175925925925918
0 0.15026041666666667 0.37777777777777777 0.0203125 0.05555555555555555
0 0.6837604166666668 0.6269444444444444 0.016098958333333316 0.045250000000000005
0 0.525921875 0.6795648148148149 0.026661458333333332 0.04862962962962961
0 0.6254166666666666 0.7192222222222222 0.020249999999999997 0.04461111111111107
0 0.74140625 0.7739907407407407 0.014729166666666653 0.04861111111111111
0 0.6613645833333334 0.7834074074074074 0.02755208333333332 0.035953703703703745
2 0.7694479166666668 0.8423518518518519 0.01981770833333331 0.05383333333333337
0 0.7283854166666667 0.8712037037037037 0.019656250000000004 0.03562037037037039
0 0.8282239583333334 0.8724444444444445 0.02830729166666662 0.026981481481481575
0 0.8060885416666667 0.8826203703703703 0.014572916666666677 0.04611111111111107
0 0.671875 0.9907407407407407 0.025 0.016666666666666666