0 0.09461979166666665 0.4113796296296296 0.024276041666666675 0.04374074074074075
0 0.08090104166666669 0.6365000000000001 0.01558854166666667 0.05139814814814814
0 0.2186822916666666 0.6406666666666667 0.011973958333333338 0.05047222222222222
0 0.09557291666666666 0.6414351851851852 0.01235937500000001 0.053861111111111075
0 0.15617708333333333 0.6721481481481482 0.03176041666666667 0.03194444444444444
0 0.12663020833333333 0.7145370370370371 0.02196354166666666 0.03811111111111108
0 0.10840625 0.7427777777777779 0.01004687500000001 0.04134259259259257
0 0.12175520833333332 0.7428425925925926 0.01726562499999999 0.028805555555555567
0 0.13804166666666665 0.7457314814814815 0.017203124999999986 0.0286666666666667
0 0.18048437499999997 0.7483703703703704 0.02829687500000002 0.028842592592592572
0 0.08906770833333333 0.7703796296296296 0.020072916666666676 0.04584259259259259
0 0.12809375000000003 0.7760185185185186 0.017604166666666657 0.04261111111111109
0 0.10991145833333332 0.7905277777777777 0.022567708333333325 0.02205555555555555
2 0.024729166666666677 0.7928055555555555 0.022802083333333334 0.043638888888888935
0 0.12460416666666667 0.8065833333333333 0.029333333333333343 0.020370370370370372
0 0.03306250000000001 0.8289166666666666 0.024880208333333338 0.02326851851851862
0 0.06396875000000003 0.8836944444444444 0.027651041666666674 0.033435185185185096