0 0.96015625 0.07962962962962963 0.04973958333333333 0.07037037037037037
0 0.7302083333333333 0.10925925925925926 0.05625 0.07453703703703704
3 0.8338541666666667 0.125 0.15338541666666666 0.04675925925925926
0 0.603125 0.012962962962962963 0.08645833333333333 0.025925925925925925
0 0.5890625 0.15787037037037038 0.058333333333333334 0.07407407407407407
0 0.6653645833333334 0.1597222222222222 0.043229166666666666 0.07546296296296297
0 0.8635416666666667 0.16111111111111112 0.08802083333333334 0.034722222222222224
0 0.9265625 0.16805555555555557 0.058854166666666666 0.05925925925925926
0 0.740625 0.16944444444444445 0.08958333333333333 0.032407407407407406
0 0.8752604166666667 0.019444444444444445 0.04114583333333333 0.038425925925925926
0 0.9611979166666667 0.019444444444444445 0.045572916666666664 0.03888888888888889
0 0.78515625 0.19583333333333333 0.06927083333333334 0.07314814814814814
0 0.6466145833333333 0.22037037037037038 0.04895833333333333 0.0712962962962963
0 0.9104166666666667 0.022222222222222223 0.030208333333333334 0.044444444444444446
0 0.70234375 0.2351851851851852 0.05 0.06805555555555555
0 0.9638020833333333 0.24074074074074073 0.07135416666666666 0.04814814814814815
0 0.7192708333333333 0.03287037037037037 0.078125 0.06527777777777778
0 0.8354166666666667 0.03333333333333333 0.041666666666666664 0.06620370370370371
0 0.7739583333333333 0.040740740740740744 0.034375 0.07592592592592592
0 0.2941822916666667 0.5800092592592593 0.024442708333333365 0.02175000000000001
0 0.7204010416666667 0.48573148148148143 0.042197916666666654 0.052851851851851865