0 0.5110677083333334 0.19618518518518518 0.01694270833333332 0.04183333333333334
2 0.5399791666666667 0.2134907407407408 0.023661458333333336 0.027611111111111104
2 0.5169947916666666 0.2265185185185185 0.018796875000000015 0.027953703703703727
0 0.43136979166666667 0.23962962962962958 0.0136875 0.033203703703703714
0 0.5433125 0.2469444444444445 0.0171875 0.04039814814814814
0 0.519375 0.24711111111111111 0.02241666666666668 0.01975925925925929
0 0.5273177083333334 0.26339814814814816 0.013088541666666665 0.044546296296296306
0 0.49357291666666664 0.2678703703703703 0.020614583333333325 0.04461111111111107
0 0.49857291666666664 0.2737962962962963 0.011083333333333318 0.04527777777777776
0 0.455046875 0.2826296296296296 0.031145833333333334 0.020833333333333332
0 0.08895312499999998 0.5219074074074075 0.024151041666666668 0.03714814814814815
0 0.25852083333333337 0.522638888888889 0.026656250000000003 0.04375925925925925
0 0.05967187500000003 0.5232407407407408 0.02328645833333333 0.033916666666666664
0 0.11494791666666669 0.5323240740740741 0.02308854166666666 0.04785185185185186
0 0.11328125 0.537962962962963 0.03349479166666667 0.03883333333333333
0 0.23944791666666668 0.5441018518518519 0.023359375000000012 0.04867592592592592
0 0.014817708333333356 0.5532407407407407 0.022666666666666672 0.03475
0 0.26551041666666664 0.5731759259259259 0.016890625000000003 0.04773148148148149
0 0.06209375000000002 0.5796481481481481 0.02386458333333333 0.03094444444444446
0 0.10260937499999999 0.5821203703703705 0.024557291666666654 0.0426388888888889
0 0.0109375 0.5983796296296297 0.014260416666666664 0.029527777777777764
0 0.14710937500000001 0.6061388888888889 0.028453125 0.02897222222222224
0 0.10359895833333331 0.6154351851851851 0.023385416666666655 0.03525
0 0.059854166666666646 0.6223981481481482 0.016541666666666663 0.04544444444444443
0 0.080859375 0.6249351851851851 0.020510416666666663 0.04206481481481482
0 0.1374375 0.6353611111111112 0.013869791666666664 0.04431481481481483
0 0.10419270833333331 0.6437407407407407 0.019166666666666672 0.02934259259259259
0 0.19104687499999998 0.653462962962963 0.023916666666666645 0.03064814814814817
0 0.1520989583333333 0.6594444444444445 0.011812499999999974 0.02825925925925924
0 0.134703125 0.6603611111111112 0.01077604166666668 0.03262037037037039
0 0.16703645833333336 0.6636666666666666 0.012687500000000008 0.05529629629629632
0 0.11437500000000002 0.6683888888888889 0.03035937500000001 0.023324074074074073
0 0.29022395833333337 0.6728981481481482 0.023807291666666685 0.028953703703703686
0 0.209828125 0.6807777777777778 0.013651041666666686 0.04641666666666666
0 0.13073958333333333 0.6858611111111111 0.030432291666666656 0.027944444444444425
0 0.04009895833333334 0.6874814814814815 0.01204166666666667 0.02094444444444445
0 0.06213020833333331 0.6896666666666667 0.018374999999999992 0.026157407407407407
0 0.08355208333333332 0.6976851851851852 0.017338541666666676 0.024444444444444425
0 0.18031250000000001 0.6979629629629629 0.016890624999999975 0.022194444444444468
0 0.10161458333333334 0.7033148148148148 0.025447916666666674 0.02556481481481483
0 0.27072916666666663 0.7086666666666667 0.028567708333333316 0.03120370370370372
0 0.15086979166666664 0.7089537037037037 0.015536458333333355 0.030768518518518535
0 0.003125 0.7125 0.00625 0.030555555555555555
0 0.02595312500000002 0.7156481481481481 0.02274479166666667 0.03671296296296294
0 0.009510416666666662 0.7190277777777777 0.016171875 0.03501851851851857
0 0.12503124999999998 0.7190925925925926 0.021875 0.03007407407407409
0 0.2365364583333333 0.7193703703703703 0.017625000000000016 0.039083333333333366
0 0.10446875000000003 0.7245833333333332 0.018791666666666658 0.039370370370370354
0 0.1885885416666667 0.730712962962963 0.02788020833333332 0.035564814814814785
0 0.07301041666666665 0.7340185185185185 0.014322916666666666 0.02443518518518517
0 0.12622395833333336 0.7390925925925926 0.019489583333333328 0.026268518518518524
0 0.1427447916666667 0.7435277777777778 0.025911458333333335 0.024009259259259213
0 0.08481770833333334 0.7482407407407408 0.014359374999999997 0.04104629629629634
0 0.24754687499999997 0.755425925925926 0.027859375000000006 0.02499074074074075
0 0.1891875 0.7647962962962963 0.02798958333333334 0.028111111111111125
0 0.11913541666666667 0.7664166666666666 0.024796875000000006 0.022333333333333337
0 0.13629166666666664 0.7712777777777778 0.023458333333333328 0.043879629629629616
0 0.09297916666666665 0.7740925925925926 0.008625 0.03780555555555559
2 0.19389583333333332 0.79275 0.028671874999999975 0.05230555555555556
0 0.1150104166666667 0.7990277777777778 0.01275000000000001 0.05262037037037041
0 0.09872916666666663 0.8014907407407408 0.02439583333333335 0.038398148148148174
0 0.08363020833333336 0.8028240740740741 0.010838541666666668 0.03318518518518521
0 0.014145833333333318 0.8336018518518519 0.02354166666666667 0.0418888888888889
0 0.17447916666666666 0.9433981481481482 0.026416666666666682 0.03186111111111113
0 0.7802083333333333 0.5574074074074075 0.0625 0.15231481481481482