0 0.7766406250000001 0.08577217125382262 0.014682291666666696 0.05567278287461773
0 0.7591614583333334 0.09757645259938838 0.018416666666666644 0.05379969418960245
0 0.716734375 0.10301223241590214 0.017135416666666656 0.03613149847094801
0 0.95965625 0.1304434250764526 0.02634895833333329 0.059396024464831804
0 0.783125 0.1347782874617737 0.02745312500000002 0.026269113149847104
0 0.8595833333333334 0.14743119266055044 0.03384375000000001 0.04648318042813457
0 0.8139166666666667 0.15057339449541285 0.019593749999999945 0.05174311926605505
0 0.932453125 0.161368501529052 0.03861458333333338 0.02555045871559634
0 0.8203958333333332 0.18191896024464832 0.03272916666666662 0.015558103975535186
0 0.8510729166666666 0.21045871559633025 0.02168750000000005 0.054281345565749234
0 0.771953125 0.21198776758409785 0.02525000000000001 0.02268348623853208
0 0.801703125 0.21360091743119264 0.02919791666666664 0.03711773700305809
0 0.7779166666666666 0.24111620795107033 0.015645833333333314 0.03507645259938837
0 0.7975364583333333 0.2445183486238532 0.01530208333333339 0.03574923547400611
0 0.8220208333333333 0.2668577981651376 0.0344114583333333 0.018249235474006118
0 0.8068489583333334 0.29912844036697245 0.020927083333333367 0.02163608562691128
0 0.8411197916666667 0.3294495412844037 0.0323333333333333 0.038448012232415875
0 0.909375 0.3769113149847095 0.017708333333333333 0.04434250764525994
0 0.6450677083333333 0.7124847094801223 0.17534375000000005 0.14282874617737