0 0.9744791666666667 0.09722222222222222 0.05 0.06111111111111111
0 0.6815989583333334 0.23162962962962966 0.05615625 0.07108333333333332
0 0.7671458333333334 0.32 0.060062499999999984 0.06386111111111113
2 0.9302499999999999 0.3435462962962963 0.024130208333333295 0.08257407407407413
0 0.9552552083333333 0.4336666666666667 0.025510416666666678 0.08995370370370373
2 0.07335416666666668 0.6548518518518519 0.01924479166666666 0.04735185185185184
0 0.7408645833333334 0.5468611111111111 0.010859375000000011 0.05421296296296297
2 0.9131145833333333 0.5792592592592593 0.022718749999999944 0.05359259259259259
0 0.7386041666666666 0.5997870370370371 0.013291666666666656 0.04093518518518518
0 0.8193437499999999 0.6733888888888889 0.03148437500000002 0.03443518518518518
0 0.8662291666666666 0.7369629629629629 0.014802083333333311 0.04675925925925926
0 0.6246145833333333 0.751925925925926 0.011343750000000001 0.041509259259259294
0 0.7724635416666668 0.7891111111111111 0.022677083333333313 0.04365740740740739
0 0.883765625 0.8079351851851853 0.021390624999999996 0.02946296296296301
0 0.99203125 0.8205925925925927 0.014932291666666705 0.03041666666666669
0 0.8518177083333334 0.8247592592592593 0.018624999999999996 0.0353148148148148
2 0.6245208333333333 0.8270740740740741 0.027375 0.045499999999999985
0 0.704921875 0.8344814814814815 0.025088541666666676 0.03438888888888888
0 0.8875 0.8597870370370371 0.012119791666666657 0.04055555555555551
0 0.7392968750000001 0.9119351851851851 0.03116145833333334 0.033750000000000044
0 0.8960104166666667 0.9262870370370371 0.014552083333333361 0.04949074074074078