0 0.76782060518732 0.09308300395256917 0.012172190201729093 0.03508563899868247
0 0.832492795389049 0.18243741765480895 0.009827089337175783 0.042523056653491424
0 0.8700216138328529 0.2885375494071146 0.014776657060518726 0.034242424242424255
0 0.8529682997118156 0.2904281949934124 0.010410662824207526 0.03111330698287221
0 0.8115345821325649 0.29156126482213435 0.016963256484149827 0.03415678524374178
0 0.859499279538905 0.31168642951251646 0.006440922190201768 0.037088274044795755
0 0.8125576368876081 0.3644729907773386 0.014715417867435125 0.03092885375494074
0 0.8465958213256485 0.36653491436100133 0.01819164265129683 0.010335968379446676
0 0.8680151296829972 0.37835309617918317 0.02184798270893375 0.014696969696969662
2 0.8280547550432276 0.38345849802371546 0.011113112391930803 0.028458498023715445
0 0.8344092219020174 0.3949077733860343 0.013548270893371721 0.017424242424242453
0 0.8522478386167147 0.3951910408432147 0.008688760806916386 0.023175230566534956
0 0.8410086455331411 0.4012516469038208 0.012424351585014412 0.029453227931488826
0 0.8886491354466858 0.4087812911725955 0.007979106628242107 0.036515151515151556
0 0.8529466858789625 0.41088274044795786 0.017925072046109505 0.026383399209486135
0 0.8139985590778097 0.41541501976284584 0.019164265129683014 0.02061923583662711
0 0.8497226224783861 0.4296179183135705 0.018523054755043254 0.02481554677206856
0 0.8269272334293949 0.44699604743083 0.009517291066282447 0.03189064558629781
0 0.8131880403458213 0.4510737812911726 0.01321685878962538 0.036587615283267434
0 0.7666210374639769 0.45469038208168644 0.010248559077809815 0.036304347826086894
0 0.9002845821325649 0.49267457180500657 0.018134005763688732 0.03585638998682481
0 0.590378242074928 0.5080434782608696 0.019070605187319883 0.04287878787878782
0 0.8031880403458214 0.5474571805006587 0.019005763688760804 0.030797101449275364