0 0.39765625 0.14629629629629629 0.029166666666666667 0.043055555555555555
0 0.75 0.16064814814814815 0.029427083333333333 0.049074074074074076
2 0.7440104166666667 0.021296296296296296 0.03229166666666667 0.0412037037037037
0 0.51875 0.2361111111111111 0.025 0.049074074074074076
2 0.6388020833333333 0.23935185185185184 0.019791666666666666 0.05416666666666667
0 0.903125 0.28564814814814815 0.03229166666666667 0.03888888888888889
0 0.7588541666666667 0.2902777777777778 0.030729166666666665 0.05416666666666667
0 0.8072916666666666 0.3282407407407407 0.03567708333333333 0.04027777777777778
0 0.5580729166666667 0.3314814814814815 0.03046875 0.03611111111111111
2 0.9653645833333333 0.3435185185185185 0.02578125 0.04861111111111111
0 0.6458333333333334 0.34814814814814815 0.0234375 0.05648148148148148
0 0.9317708333333333 0.3819444444444444 0.01875 0.06527777777777778
0 0.7450520833333333 0.41435185185185186 0.032552083333333336 0.03287037037037037
0 0.9674479166666666 0.4634259259259259 0.030729166666666665 0.04398148148148148
0 0.9158854166666667 0.4777777777777778 0.034375 0.04814814814814815
0 0.8700520833333333 0.5263888888888889 0.03125 0.03518518518518519
0 0.6276041666666666 0.5625 0.025520833333333333 0.02962962962962963
0 0.8971354166666666 0.5638888888888889 0.026822916666666665 0.033796296296296297
0 0.6815104166666667 0.6583333333333333 0.02890625 0.03657407407407407
0 0.840625 0.6597222222222222 0.023697916666666666 0.041666666666666664
0 0.88046875 0.6675925925925926 0.034895833333333334 0.044444444444444446
0 0.6997395833333333 0.08194444444444444 0.017447916666666667 0.037037037037037035
2 0.9611979166666667 0.09768518518518518 0.03125 0.040740740740740744
0 0.8635416666666667 0.10833333333333334 0.026041666666666668 0.03564814814814815
0 0.6817708333333333 0.12037037037037036 0.03333333333333333 0.037037037037037035
0 0.9098958333333333 0.1310185185185185 0.013541666666666667 0.04675925925925926
2 0.14973958333333334 0.7819444444444444 0.12760416666666666 0.1638888888888889