0 0.8186614583333333 0.2477592592592593 0.024442708333333337 0.03164814814814813
0 0.22343229166666667 0.7098055555555555 0.02982291666666666 0.016527777777777797
0 0.252859375 0.7357314814814814 0.029031250000000005 0.023925925925925955
0 0.31667708333333333 0.7582592592592593 0.014223958333333305 0.04212037037037038
0 0.29228125 0.7736851851851853 0.01647395833333339 0.05539814814814819
0 0.25008854166666666 0.8330925925925926 0.019583333333333345 0.04643518518518516
0 0.2706614583333333 0.8437407407407408 0.02219791666666664 0.032546296296296275
0 0.2866354166666667 0.848212962962963 0.016645833333333353 0.05445370370370365
0 0.30044270833333336 0.8489907407407407 0.016130208333333347 0.02822222222222224
2 0.2219583333333333 0.8597870370370371 0.025828125000000018 0.0276018518518518
0 0.271359375 0.8763055555555556 0.02358333333333332 0.0338148148148148
0 0.25555729166666663 0.9326203703703704 0.01281770833333334 0.05474074074074064
0 0.21101562499999998 0.9335462962962963 0.025223958333333307 0.04548148148148138
0 0.26727604166666663 0.9437314814814814 0.008536458333333356 0.03413888888888879
0 0.2087604166666667 0.9648611111111111 0.017239583333333346 0.050722222222222196
0 0.5604479166666666 0.4774351851851852 0.012817708333333334 0.04252777777777778
0 0.7133333333333333 0.7821851851851852 0.028921874999999986 0.027944444444444397
0 0.599171875 0.7997777777777778 0.014630208333333335 0.026092592592592546
0 0.6422343749999999 0.8027037037037038 0.011166666666666665 0.04491666666666666
0 0.5572916666666666 0.8351851851851851 0.014583333333333334 0.04259259259259259
0 0.7372083333333334 0.8878796296296296 0.01970833333333335 0.0374814814814815
0 0.6149739583333333 0.9255277777777778 0.023317708333333333 0.0238981481481481
0 0.8881875000000001 0.9350925925925926 0.022875000000000038 0.05784259259259262
0 0.6611979166666667 0.9944444444444445 0.011979166666666667 0.009259259259259259