0 0.055078125 0.9791666666666666 0.0076171875 0.01875
0 0.055859375 0.5244791666666667 0.00703125 0.028385416666666666
0 0.1439453125 0.54765625 0.005078125 0.03046875
0 0.13984375 0.6684895833333333 0.00859375 0.021614583333333333
0 0.103515625 0.6760416666666667 0.0072265625 0.028385416666666666
0 0.144921875 0.6796875 0.0064453125 0.021354166666666667
0 0.125390625 0.7143229166666667 0.0064453125 0.015104166666666667
0 0.120703125 0.721875 0.0080078125 0.01328125
0 0.122265625 0.74375 0.0083984375 0.019270833333333334
0 0.1505859375 0.7510416666666667 0.003125 0.016145833333333335
0 0.076171875 0.7572916666666667 0.00703125 0.02265625
0 0.1318359375 0.7583333333333333 0.005078125 0.03515625
0 0.1529296875 0.76875 0.0052734375 0.029166666666666667
0 0.0978515625 0.8036458333333333 0.00546875 0.025
0 0.1095703125 0.8044270833333333 0.00703125 0.016927083333333332
0 0.1140625 0.8138020833333334 0.0046875 0.020572916666666666
0 0.0396484375 0.8143229166666667 0.0052734375 0.013020833333333334
0 0.1076171875 0.8213541666666667 0.00390625 0.032552083333333336
0 0.1177734375 0.8213541666666667 0.004296875 0.028645833333333332
0 0.0302734375 0.9528645833333333 0.0072265625 0.0234375
0 0.5219921875 0.5883385416666668 0.14168750000000002 0.14913541666666663
0 0.41605859375000004 0.6005052083333333 0.04674218749999999 0.08347916666666665
2 0.38915234375 0.6373802083333333 0.055699218750000015 0.13436458333333334
0 0.32945703125 0.77509375 0.06890624999999999 0.09035416666666668
0 0.8848906249999999 0.8177708333333332 0.07321093750000003 0.08021874999999999
0 0.39608984375 0.883171875 0.076265625 0.17786979166666672
0 0.3216796875 0.89375 0.063671875 0.08645833333333333
0 0.46512109375 0.8981927083333333 0.07482031249999999 0.18203645833333326
2 0.53478125 0.9294583333333333 0.09315234375 0.13737500000000005
2 0.7833984375 0.459375 0.126171875 0.059375
0 0.359765625 0.4666666666666667 0.06015625 0.07395833333333333
0 0.37439453125 0.5424895833333333 0.04701171875000001 0.06264062499999999
0 0.321875 0.57734375 0.0640625 0.20260416666666667