0 0.9940104166666667 0.24675925925925926 0.0109375 0.03425925925925926
0 0.99296875 0.33240740740740743 0.013020833333333334 0.04259259259259259
1 0.32421875 0.8175925925925925 0.06171875 0.07824074074074074
0 0.695046875 0.7456018518518519 0.022000000000000006 0.049240740740740696
0 0.7303750000000001 0.7934351851851852 0.018791666666666658 0.052314814814814814
0 0.7513020833333334 0.8250740740740741 0.02798958333333334 0.030712962962962925
2 0.6867083333333334 0.8310925925925926 0.021755208333333338 0.053537037037037084
0 0.7947135416666666 0.8392685185185185 0.022723958333333332 0.040879629629629606
0 0.8604322916666667 0.8600925925925925 0.016322916666666683 0.056000000000000015
0 0.7631770833333333 0.863638888888889 0.025557291666666662 0.03545370370370367
2 0.73834375 0.869638888888889 0.01683333333333333 0.0393425925925926
0 0.7499322916666666 0.8857314814814815 0.011848958333333333 0.04937037037037042
0 0.7339947916666667 0.9096111111111111 0.019776041666666674 0.049046296296296324
0 0.99609375 0.9268518518518518 0.0067708333333333336 0.046296296296296294
0 0.7228281249999999 0.9648703703703703 0.015062500000000008 0.04516666666666664