0 0.7135416666666666 0.046296296296296294 0.11145833333333334 0.031018518518518518
0 0.9700520833333334 0.056018518518518516 0.05963541666666667 0.09212962962962963
0 0.6184895833333334 0.05740740740740741 0.0890625 0.08101851851851852
0 0.5809895833333333 0.07222222222222222 0.08958333333333333 0.06574074074074074
0 0.49296875 0.08101851851851852 0.06588541666666667 0.05694444444444444
0 0.92421875 0.09027777777777778 0.04453125 0.09907407407407408
0 0.7760416666666666 0.10787037037037037 0.059375 0.09490740740740741
0 0.7020833333333333 0.1087962962962963 0.07864583333333333 0.075
0 0.5916666666666667 0.12731481481481483 0.11223958333333334 0.04675925925925926
0 0.8328125 0.1361111111111111 0.04348958333333333 0.09398148148148149
0 0.7059895833333333 0.014351851851851852 0.09947916666666666 0.028703703703703703
0 0.8799479166666667 0.1398148148148148 0.051041666666666666 0.08935185185185185
0 0.52734375 0.1476851851851852 0.09166666666666666 0.05416666666666667
0 0.9619791666666667 0.15 0.075 0.03333333333333333
0 0.47317708333333336 0.14953703703703702 0.0265625 0.0375
0 0.74453125 0.1685185185185185 0.11119791666666666 0.04490740740740741
0 0.5760416666666667 0.1824074074074074 0.043229166666666666 0.08194444444444444
0 0.9736979166666667 0.1837962962962963 0.0515625 0.030555555555555555
0 0.72890625 0.21898148148148147 0.090625 0.07731481481481481
3 0.625 0.22083333333333333 0.0796875 0.12731481481481483
0 0.9552083333333333 0.2212962962962963 0.08854166666666667 0.040740740740740744
0 0.8283854166666667 0.022685185185185187 0.06588541666666667 0.04537037037037037
0 0.8453125 0.22962962962962963 0.06145833333333333 0.08055555555555556
0 0.8927083333333333 0.2310185185185185 0.03802083333333333 0.06111111111111111
0 0.6953125 0.24722222222222223 0.08645833333333333 0.04351851851851852
0 0.4953125 0.274537037037037 0.07083333333333333 0.04027777777777778
0 0.9791666666666666 0.29305555555555557 0.040625 0.09907407407407408
0 0.7984375 0.29907407407407405 0.04921875 0.06712962962962964
0 0.6848958333333334 0.30416666666666664 0.08619791666666667 0.06435185185185185
0 0.5986979166666667 0.30833333333333335 0.10442708333333334 0.058333333333333334
0 0.9075520833333334 0.31296296296296294 0.09739583333333333 0.075
0 0.49453125 0.337037037037037 0.06927083333333334 0.07222222222222222
0 0.77265625 0.350462962962963 0.09895833333333333 0.04259259259259259
0 0.5809895833333333 0.35648148148148145 0.043229166666666666 0.055092592592592596
0 0.9244791666666666 0.36712962962962964 0.04895833333333333 0.043055555555555555
0 0.8861979166666667 0.03796296296296296 0.051041666666666666 0.07546296296296297
0 0.6651041666666667 0.3787037037037037 0.07083333333333333 0.0837962962962963
0 0.51484375 0.3787037037037037 0.06927083333333334 0.08888888888888889
0 0.57890625 0.4111111111111111 0.09635416666666667 0.04953703703703704
0 0.14695833333333333 0.6727592592592593 0.028953125000000017 0.027611111111111104