2 0.8069947916666667 0.05824999999999997 0.02909375000000001 0.038425925925925926
0 0.9130052083333333 0.14820370370370364 0.02354687500000002 0.03591666666666669
0 0.45234375 0.48703703703703705 0.06927083333333334 0.034722222222222224
0 0.4953125 0.5236111111111111 0.06276041666666667 0.04212962962962963
0 0.4947916666666667 0.34074074074074073 0.05911458333333333 0.04259259259259259
0 0.3216145833333333 0.5342592592592592 0.0765625 0.03518518518518519
0 0.5453125 0.5347222222222222 0.07395833333333333 0.028703703703703703
0 0.603125 0.3416666666666667 0.07161458333333333 0.03287037037037037
0 0.42109375 0.5435185185185185 0.07135416666666666 0.03611111111111111
0 0.40208333333333335 0.5712962962962963 0.06614583333333333 0.0412037037037037
0 0.09036458333333333 0.5898148148148148 0.07395833333333333 0.03981481481481482
0 0.53828125 0.5925925925925926 0.06875 0.055092592592592596
0 0.6002604166666666 0.6 0.052083333333333336 0.06805555555555555
0 0.026302083333333334 0.6023148148148149 0.036458333333333336 0.07268518518518519
0 0.13541666666666666 0.6208333333333333 0.08177083333333333 0.03333333333333333
0 0.53359375 0.6208333333333333 0.06380208333333333 0.055092592592592596
0 0.5096354166666667 0.6638888888888889 0.07447916666666667 0.03287037037037037
0 0.9323854166666666 0.4730740740740741 0.015432291666666664 0.05602777777777777
0 0.9529635416666667 0.5597962962962963 0.015958333333333356 0.0479814814814815
0 0.9535677083333333 0.5959074074074074 0.01928645833333332 0.0316481481481481
2 0.8880208333333334 0.6085555555555555 0.01732812499999999 0.035972222222222246