0 0.7302760416666667 0.5342314814814815 0.03217708333333332 0.030592592592592584
0 0.7077604166666667 0.5428703703703703 0.025338541666666655 0.02072222222222222
0 0.7604270833333333 0.5472962962962963 0.034609375000000026 0.02833333333333333
0 0.8116510416666666 0.5493518518518518 0.027296874999999984 0.052194444444444446
0 0.724484375 0.5643703703703703 0.021072916666666684 0.035314814814814806
0 0.69734375 0.5793888888888888 0.01422395833333332 0.04560185185185185
0 0.7895989583333333 0.6227962962962963 0.017927083333333312 0.043537037037037034
0 0.8077760416666666 0.6551944444444444 0.01842708333333333 0.045379629629629624
0 0.8317343749999999 0.6592129629629631 0.02671354166666665 0.032416666666666656
0 0.7988645833333334 0.6664074074074074 0.021432291666666655 0.046814814814814816
0 0.8391458333333333 0.6897592592592593 0.017453124999999996 0.04289814814814814
0 0.8187135416666665 0.6958333333333333 0.01182812500000002 0.04639814814814816
0 0.8160520833333335 0.7081759259259258 0.023171875000000005 0.02273148148148149
0 0.825546875 0.744175925925926 0.01715625000000003 0.04925925925925927
0 0.6995364583333334 0.7538518518518519 0.024437499999999994 0.053787037037037064
0 0.7754218749999999 0.8982777777777777 0.012260416666666647 0.041407407407407434