0 0.644505085586703 0.7062520674826331 0.005829818903497892 0.0157128680119087
0 0.6312329446787398 0.7823354283824016 0.010667328206400397 0.01587826662256037
0 0.7764822624658894 0.7897783658617268 0.006201935003721161 0.020674826331458816
0 0.7671793599603076 0.7925901422428051 0.00967501860580501 0.014885874958650347
0 0.828826593897296 0.7942441283493219 0.01153559910692136 0.01835924578233543
0 0.7349292979409576 0.8193847171683758 0.013396179608037708 0.010585511081706914
0 0.7514264450508559 0.8260006615944426 0.009550979905730587 0.013893483294740324
0 0.6318531381791119 0.8360899768441945 0.009426941205656165 0.020013231888852134
2 0.7364177623418506 0.8387363546146213 0.013892334408335401 0.01257029440952696
0 0.7638303150582982 0.8402249421104863 0.012279831307367898 0.010916308303010255
0 0.7539072190523444 0.841382732385048 0.008186554204911933 0.010585511081706914
0 0.6391714214835028 0.8504796559708898 0.008558670305135203 0.016870658286470393
0 0.735921607541553 0.85941118094608 0.009054825105432896 0.00975851802844856
0 0.7266187050359713 0.867019517036057 0.008806747705284048 0.014224280516043665
0 0.7397668072438601 0.8695004961958319 0.00731828330439097 0.010585511081706914
0 0.7078888613247333 0.8767780350645055 0.013024063507814439 0.012901091630830301
0 0.7424956586454974 0.8767780350645055 0.012900024807740015 0.010750909692358585
2 0.685809972711486 0.9164737016209064 0.007690399404614239 0.02199801521667218
0 0.6143636814686182 0.956334766787959 0.009550979905730587 0.015051273569302017
0 0.6427685437856612 0.9627853126033741 0.007814438104688662 0.017036056897122065