0 0.44166666666666665 0.4412037037037037 0.004166666666666667 0.05462962962962963
0 0.46166145833333333 0.445212962962963 0.018093750000000006 0.029925925925925974
0 0.45028124999999997 0.4638148148148148 0.014187499999999997 0.029833333333333358
0 0.603234375 0.4853981481481482 0.015468750000000024 0.06586111111111116
0 0.22708333333333333 0.6995370370370371 0.03229166666666667 0.03981481481481482
0 0.23103125000000002 0.7348888888888889 0.028395833333333325 0.06712037037037037
0 0.29133333333333333 0.7523703703703704 0.04075 0.04401851851851851
0 0.19951041666666663 0.7552037037037037 0.015901041666666654 0.06262962962962962
0 0.28066145833333334 0.7817962962962963 0.020703125 0.05241666666666668
0 0.260796875 0.8208148148148149 0.033531250000000026 0.039296296296296294
0 0.2421875 0.8288888888888889 0.022921874999999994 0.06174074074074075
0 0.26832291666666663 0.9011481481481481 0.029354166666666643 0.031129629629629636
0 0.24503125 0.9096481481481482 0.024380208333333306 0.0395277777777778
0 0.23471354166666666 0.935037037037037 0.010395833333333352 0.049351851851851834
0 0.2083697916666667 0.9372592592592592 0.013291666666666656 0.050712962962962946
0 0.23229687499999999 0.9610648148148149 0.02127083333333335 0.039231481481481485
0 0.26353125 0.9883425925925927 0.03349999999999997 0.02179629629629626
0 0.2328125 0.9925925925925926 0.029166666666666667 0.012962962962962963
0 0.45523437499999997 0.7519814814814815 0.013218749999999998 0.037907407407407404
0 0.44114583333333335 0.8231481481481482 0.003125 0.053703703703703705
2 0.583984375 0.8269722222222222 0.028244791666666675 0.04344444444444446
0 0.4573177083333333 0.8914629629629629 0.020119791666666664 0.024296296296296305
0 0.84375 0.9916666666666667 0.027083333333333334 0.014814814814814815