0 0.5986041666666667 0.10562962962962967 0.02600000000000001 0.037805555555555544
2 0.004166666666666667 0.8023148148148148 0.008333333333333333 0.049074074074074076
2 0.033760416666666695 0.8160370370370371 0.021385416666666667 0.03954629629629633
2 0.1888333333333333 0.9637870370370369 0.030005208333333342 0.0411481481481482
0 0.8911145833333334 0.67425 0.03996354166666668 0.023935185185185205
0 0.83653125 0.7001666666666667 0.013880208333333382 0.050120370370370364
0 0.8858489583333333 0.7079814814814814 0.03290104166666671 0.04353703703703702
0 0.8540677083333333 0.7454351851851851 0.03135416666666669 0.03218518518518518
0 0.8343906249999999 0.7601388888888889 0.033463541666666666 0.03550000000000003
0 0.9212135416666667 0.7602407407407407 0.037656249999999974 0.03199999999999995
0 0.7719947916666666 0.7748425925925925 0.01700520833333332 0.04639814814814816
0 0.8661041666666667 0.7861666666666666 0.03228125000000001 0.02705555555555558
0 0.8413385416666667 0.8005648148148148 0.023739583333333297 0.04598148148148145
0 0.9200520833333333 0.5171296296296296 0.024479166666666666 0.05462962962962963
0 0.84509375 0.8266944444444444 0.029161458333333338 0.01675925925925928
0 0.8891458333333333 0.8345092592592592 0.03324479166666663 0.03486111111111109
0 0.8775104166666667 0.8540555555555556 0.030119791666666628 0.02704629629629633
0 0.5524010416666667 0.9781111111111113 0.011151041666666665 0.033185185185185165