0 0.9825520833333333 0.026851851851851852 0.0328125 0.053703703703703705
2 0.45004687499999996 0.3230648148148148 0.01903645833333334 0.056000000000000015
0 0.7485833333333333 0.3242037037037037 0.020619791666666623 0.03599074074074075
0 0.5972916666666667 0.3517685185185185 0.021291666666666695 0.03192592592592594
2 0.7364166666666667 0.3544907407407408 0.021656249999999964 0.020490740740740736
2 0.77909375 0.3590648148148148 0.02233854166666672 0.02373148148148148
0 0.8049843750000001 0.36409259259259263 0.020010416666666704 0.024231481481481444
0 0.7570625 0.36519444444444443 0.01726041666666672 0.05541666666666669
2 0.841265625 0.36526851851851855 0.025447916666666615 0.023027777777777782
0 0.7231875 0.3716759259259259 0.01463541666666662 0.04317592592592592
0 0.8206302083333334 0.37336111111111114 0.019723958333333277 0.03275
0 0.5980729166666666 0.37367592592592597 0.02042187500000002 0.0238981481481481
0 0.4588125 0.37522222222222223 0.023374999999999996 0.045499999999999985
0 0.737765625 0.3846296296296296 0.019078125000000057 0.030777777777777786
0 0.780203125 0.3963888888888889 0.024557291666666713 0.03346296296296295
2 0.7155 0.4125185185185185 0.01637500000000003 0.03850925925925929
0 0.5699427083333333 0.43061111111111106 0.021953124999999987 0.05443518518518515
0 0.533046875 0.4554537037037037 0.01970833333333335 0.046712962962963005
0 0.6845416666666667 0.4679537037037037 0.019833333333333297 0.051333333333333384
0 0.6576302083333334 0.48615740740740737 0.021578125000000035 0.03589814814814813
0 0.48052083333333334 0.5477314814814814 0.011703125000000014 0.016444444444444435
0 0.5507552083333334 0.5707129629629629 0.019703125000000023 0.06056481481481489
2 0.36643749999999997 0.5751944444444445 0.024791666666666663 0.04544444444444438
0 0.6211666666666666 0.6787314814814814 0.02158854166666669 0.021037037037037062
0 0.28878645833333333 0.8310833333333334 0.02385416666666664 0.02610185185185185
0 0.43168229166666666 0.7690462962962964 0.021390624999999996 0.029462962962962958
0 0.5399479166666666 0.7817037037037037 0.014932291666666646 0.03041666666666666
0 0.39973437500000003 0.7858703703703703 0.018624999999999996 0.035314814814814806
0 0.5691145833333333 0.802074074074074 0.026734375000000022 0.039944444444444435
0 0.4354166666666667 0.8208981481481482 0.012119791666666657 0.04055555555555557
0 0.44392708333333336 0.8873981481481481 0.014552083333333332 0.04949074074074073
0 0.5651041666666666 0.9916666666666667 0.017708333333333333 0.014814814814814815