0 0.835328125 0.3124166666666666 0.028604166666666674 0.03286111111111112
0 0.9811770833333334 0.31503703703703706 0.011979166666666667 0.039953703703703686
0 0.890625 0.3224537037037037 0.02017187500000001 0.03040740740740744
0 0.9312552083333333 0.3371018518518519 0.022244791666666687 0.0488981481481481
0 0.8647552083333333 0.3403518518518519 0.0155885416666667 0.046462962962962914
0 0.8496510416666666 0.3454444444444445 0.014541666666666704 0.03812962962962958
2 0.8206458333333333 0.45791666666666664 0.02887500000000003 0.051648148148148124
0 0.03238541666666664 0.8028518518518519 0.01334895833333333 0.028870370370370376
0 0.13396354166666669 0.8488240740740741 0.022755208333333346 0.0334537037037037
0 0.7927083333333333 0.6356481481481482 0.017708333333333333 0.032407407407407406
0 0.8721197916666666 0.6403425925925926 0.013432291666666648 0.03872222222222221
0 0.9672135416666666 0.6561666666666667 0.025255208333333338 0.026546296296296297
0 0.9829635416666667 0.6719907407407407 0.022213541666666715 0.0389537037037037
2 0.9566458333333333 0.6884259259259259 0.028505208333333344 0.03571296296296295
0 0.9329375 0.6904722222222223 0.02497395833333336 0.022944444444444444
0 0.878546875 0.7156481481481481 0.014005208333333385 0.03746296296296297
0 0.5912604166666667 0.7776759259259259 0.015776041666666664 0.039296296296296294
0 0.6145260416666667 0.8026666666666666 0.021322916666666667 0.052250000000000005
0 0.8316614583333333 0.914537037037037 0.02351562500000002 0.044509259259259304