0 0.566359375 0.698861111111111 0.01671354166666674 0.05760185185185186
0 0.3428072916666667 0.8743703703703705 0.020963541666666665 0.025944444444444426
0 0.41634375 0.8917037037037037 0.034687499999999954 0.023231481481481513
0 0.16959375000000002 0.894361111111111 0.024734375000000006 0.05786111111111112
0 0.39676041666666667 0.9060555555555555 0.02385937499999997 0.04218518518518514
0 0.3618229166666667 0.9100555555555556 0.011734374999999986 0.03961111111111108
0 0.38491145833333335 0.9223055555555556 0.02439062499999996 0.019425925925925944
0 0.25025000000000003 0.9261481481481482 0.02095833333333334 0.039953703703703734
0 0.3070572916666666 0.9336388888888889 0.026609374999999956 0.025601851851851883
2 0.35188020833333333 0.9359166666666666 0.025520833333333333 0.026333333333333382
0 0.4141302083333333 0.9367962962962963 0.02368229166666668 0.02402777777777782
0 0.33621874999999996 0.93775 0.015687499999999945 0.022675925925925933
0 0.23028125 0.9391111111111111 0.02060416666666664 0.028842592592592677
0 0.38433854166666664 0.9470925925925926 0.028276041666666647 0.02186111111111102
0 0.13538541666666667 0.9511481481481482 0.01814583333333335 0.056611111111111154
0 0.16985416666666667 0.9633333333333334 0.023171875000000005 0.0643240740740741
0 0.24278645833333332 0.9656574074074072 0.018526041666666694 0.04029629629629628
0 0.3268229166666667 0.9667222222222221 0.018505208333333318 0.041129629629629696
0 0.45184375 0.9713611111111112 0.019979166666666614 0.04554629629629635
2 0.3015833333333333 0.9768055555555556 0.02613020833333337 0.040824074074074
0 0.28303124999999996 0.9813518518518519 0.01115104166666671 0.03675000000000005
0 0.35546875 0.9833333333333333 0.0265625 0.03148148148148148
0 0.378125 0.9861111111111112 0.026041666666666668 0.025925925925925925
0 0.3033854166666667 0.9962962962962963 0.0296875 0.005555555555555556
0 0.8807291666666667 0.9921296296296296 0.023958333333333335 0.013888888888888888