0 0.7926275331935709 0.02666666666666667 0.03039832285115304 0.05333333333333334
0 0.903022361984626 0.40985806451612905 0.06783368273934308 0.05294193548387093
0 0.6593291404612159 0.41956989247311827 0.018867924528301886 0.048602150537634406
0 0.943043326345213 0.431883870967742 0.04994758909853251 0.05981075268817202
0 0.9914395527603075 0.45161290322580644 0.01642208245981831 0.08430107526881721
0 0.7931795946890287 0.4545591397849462 0.056292802236198466 0.058860215053763404
0 0.7572955974842768 0.47646021505376346 0.04468204053109713 0.03816774193548378
0 0.9143955276030747 0.034193548387096775 0.03284416491963662 0.06838709677419355
0 0.982879105520615 0.01806451612903226 0.033542976939203356 0.03526881720430108
0 0.9652515723270441 0.47862795698924726 0.03537386443046821 0.10119569892473122
3 0.8951083158630329 0.4943655913978495 0.07717330538085251 0.061883870967741984
0 0.8948218029350105 0.5055569892473118 0.04256114605171207 0.08523440860215056
0 0.7283857442348008 0.5102709677419355 0.06739343116701607 0.03805591397849463
0 0.7801921733053808 0.5722752688172043 0.046341719077568136 0.06287311827956982
0 0.9732704402515723 0.5913978494623656 0.05276030747728861 0.0378494623655914
0 0.7697833682739342 0.6243526881720429 0.06257861635220127 0.048004301075268874
2 0.8413452131376659 0.6269462365591398 0.035859538784067106 0.07695913978494616
0 0.9709993011879804 0.6434408602150538 0.0573025856044724 0.057634408602150536
0 0.9068169112508735 0.6591225806451613 0.04531795946890288 0.0846924731182795
0 0.6675401816911251 0.6888172043010753 0.035290006988120196 0.04086021505376344
0 0.8384381551362684 0.045918279569892466 0.036589797344514334 0.09166451612903226
0 0.6629979035639413 0.08989247311827957 0.02620545073375262 0.030107526881720432
0 0.8715723270440252 0.09123010752688172 0.03793501048218027 0.0929978494623656
0 0.8227603074772886 0.1286752688172043 0.046132075471698106 0.06988387096774194
0 0.9572396925227113 0.1361763440860215 0.06260656883298395 0.06165161290322582
0 0.6814046121593291 0.15455913978494626 0.04269392033542977 0.04179354838709676
0 0.8845422781271838 0.1618236559139785 0.050534591194968594 0.04761290322580647
0 0.7272571628232005 0.16279139784946237 0.0383927323549965 0.06950537634408603
0 0.8227672955974844 0.1773763440860215 0.06711390635918937 0.0468731182795699
0 0.7083822501747029 0.2113032258064516 0.05963312368972745 0.05088602150537632
0 0.666491963661775 0.2286021505376344 0.033193570929419984 0.056344086021505375
0 0.7627952480782669 0.2398021505376344 0.04575471698113209 0.09395698924731184
0 0.9661076170510132 0.012473118279569893 0.04053109713487072 0.024946236559139787
0 0.84861285814116 0.2617634408602151 0.06519566736547867 0.07036129032258061
0 0.6813417190775681 0.26365591397849464 0.06289308176100629 0.0378494623655914
0 0.7861006289308177 0.2745333333333333 0.043315863032844175 0.06162580645161289
0 0.8641544374563243 0.2759225806451613 0.06378406708595387 0.06102365591397854
0 0.8905485674353599 0.3047956989247312 0.0629070580013976 0.05481720430107529
0 0.6586303284416491 0.3055913978494624 0.017470300489168415 0.04430107526881721
0 0.6994933612858142 0.3228645161290322 0.03640810621942697 0.0702279569892473
0 0.6865828092243187 0.016559139784946237 0.045422781271837874 0.033118279569892474
0 0.8808525506638715 0.01935483870967742 0.04472396925227114 0.03870967741935484
0 0.6605520614954578 0.3443010752688172 0.021313766596785466 0.03655913978494624
0 0.7659468902865129 0.34888602150537634 0.03957372466806429 0.06892903225806452
0 0.883508036338225 0.361105376344086 0.06852550663871415 0.03529462365591395
0 0.6635220125786163 0.3739784946236559 0.027253668763102725 0.02967741935483871
0 0.8115513626834381 0.38487311827956994 0.05675052410901468 0.07484731182795698
0 0.7219007686932215 0.38680860215053764 0.042624039133473096 0.08452473118279569
0 0.2579769392033543 0.8707139784946236 0.016750524109014696 0.01526021505376345
0 0.2925751222921034 0.8785978494623656 0.0118658280922432 0.01713978494623657
2 0.2770195667365479 0.8826107526881721 0.01714185883997203 0.018412903225806427
0 0.25075471698113205 0.8855526881720429 0.006495457721872788 0.017858064516129025
0 0.258151642208246 0.8872731182795698 0.00875960866526902 0.02301935483870967
0 0.23729909154437456 0.8937204301075269 0.019716981132075494 0.01052473118279571
0 0.17038085255066387 0.9262623655913979 0.014860237596086644 0.017109677419354825
0 0.031097134870719776 0.9959139784946237 0.012578616352201259 0.007311827956989247