0 0.6850677083333333 0.3186018518518518 0.022880208333333367 0.04708333333333335
0 0.7086822916666667 0.432324074074074 0.01594270833333328 0.024527777777777787
0 0.6874062500000001 0.460712962962963 0.03181770833333329 0.03315740740740736
0 0.6761197916666667 0.49682407407407414 0.027302083333333373 0.02388888888888885
0 0.08797916666666665 0.5578888888888889 0.022208333333333326 0.031009259259259268
0 0.00234375 0.5708333333333333 0.0046875 0.05092592592592592
0 0.03051041666666669 0.5831944444444445 0.02465625 0.024833333333333325
0 0.09405729166666668 0.5933796296296296 0.02880729166666667 0.043962962962962954
0 0.0467135416666667 0.6073703703703704 0.0179375 0.06947222222222223
0 0.17913541666666669 0.6205370370370371 0.044755208333333366 0.02174074074074073
0 0.0026041666666666665 0.625 0.005208333333333333 0.053703703703703705
0 0.07241145833333332 0.6341203703703704 0.027656250000000004 0.027638888888888883
0 0.01661979166666665 0.6739259259259258 0.020484375 0.05073148148148149
0 0.09417187499999997 0.7385277777777778 0.018848958333333332 0.0441296296296296
0 0.11802083333333334 0.7659907407407407 0.014958333333333348 0.04268518518518521
0 0.10893749999999998 0.7900648148148148 0.015531249999999996 0.044731481481481455
0 0.413796875 0.9480648148148147 0.028255208333333334 0.0356388888888889