0 0.6439453125 0.459375 0.048046875 0.08541666666666667
0 0.7458984375 0.47239583333333335 0.048828125 0.13333333333333333
0 0.8214414062500002 0.4824322916666667 0.10030078125 0.08315625000000004
0 0.8626953125 0.5020833333333333 0.081640625 0.07395833333333333
1 0.77109375 0.029166666666666667 0.084375 0.058333333333333334
0 0.9787109375 0.023177083333333334 0.041796875 0.04635416666666667
1 0.6482421875 0.04921875 0.056640625 0.0984375
0 0.7188984375 0.07768229166666665 0.0526875 0.10004166666666668
0 0.971875 0.11041666666666666 0.05546875 0.06354166666666666
0 0.7578554687500001 0.11225520833333331 0.04076171875000001 0.10842187499999997
0 0.8481484375000001 0.13916145833333332 0.04165625000000004 0.12056770833333334
0 0.8040898437500001 0.14769791666666665 0.03947265624999998 0.09770833333333334
0 0.9755859375 0.16145833333333334 0.048046875 0.075
0 0.94580859375 0.22609895833333335 0.0859375 0.10173958333333331
1 0.6482421875 0.23151041666666666 0.056640625 0.20364583333333333
0 0.8759218749999998 0.233328125 0.05383593749999997 0.1648072916666667
0 0.9845703125 0.23541666666666666 0.030078125 0.11041666666666666
1 0.77922265625 0.23899479166666668 0.11832812500000003 0.176296875
1 0.9462578125000001 0.325625 0.10245703124999998 0.07509375000000003
1 0.69921875 0.32708333333333334 0.15859375 0.16666666666666666
1 0.6546875 0.3580729166666667 0.06953125 0.17447916666666666
1 0.8306640625 0.38060937499999997 0.12221875000000001 0.13438541666666665
1 0.976171875 0.39739583333333334 0.046875 0.20208333333333334
2 0.1594296875 0.9032395833333333 0.015019531250000018 0.03286979166666661
1 0.8423828125 0.7645833333333333 0.051953125 0.09557291666666666