0 0.7358489583333333 0.18850925925925924 0.02138541666666664 0.05171296296296298
0 0.6971302083333334 0.30886111111111114 0.025911458333333335 0.02574999999999995
2 0.7190416666666667 0.3268425925925926 0.016432291666666644 0.052324074074074065
0 0.7427291666666667 0.33969444444444447 0.011479166666666648 0.05035185185185185
0 0.6858437500000001 0.39928703703703705 0.023484375000000016 0.05474074074074074
0 0.6583229166666666 0.41501851851851856 0.029572916666666654 0.04177777777777778
0 0.6728229166666667 0.44434259259259257 0.025479166666666647 0.02262962962962968
0 0.7033802083333334 0.46100925925925923 0.019661458333333333 0.044027777777777735
0 0.34080208333333334 0.7614907407407407 0.023927083333333363 0.04026851851851853
0 0.33359375 0.7813981481481481 0.01264062499999999 0.03658333333333332
0 0.027208333333333338 0.7915833333333333 0.024088541666666668 0.046740740740740756
0 0.34869791666666666 0.8383333333333333 0.023817708333333344 0.03469444444444447
0 0.8067708333333333 0.9601018518518517 0.020447916666666663 0.03658333333333332