0 0.16067708333333333 0.4976851851851852 0.025520833333333333 0.03611111111111111
0 0.19556770833333334 0.5094907407407407 0.022005208333333335 0.03811111111111111
0 0.06177604166666668 0.5270833333333333 0.017447916666666667 0.03255555555555555
0 0.25981770833333334 0.5274537037037037 0.01264062499999999 0.03731481481481482
2 0.24957291666666664 0.563 0.024598958333333344 0.02633333333333333
0 0.2293802083333333 0.5773611111111111 0.011640625000000012 0.039212962962962956
0 0.26725 0.5799351851851853 0.009671874999999996 0.0470648148148148
0 0.34072395833333335 0.5807777777777778 0.023093749999999958 0.03041666666666666
0 0.24903645833333332 0.6103333333333333 0.02127083333333335 0.04866666666666667
0 0.191140625 0.6435833333333334 0.016276041666666668 0.03999999999999999
0 0.20535416666666664 0.6627777777777777 0.025880208333333363 0.032342592592592596
2 0.13105729166666666 0.7245833333333332 0.026802083333333337 0.04978703703703702
0 0.30686979166666667 0.8100648148148148 0.015442708333333381 0.035564814814814785
0 0.2943645833333333 0.892 0.0345677083333334 0.060537037037037035
0 0.07149999999999998 0.9233240740740741 0.02299999999999999 0.03244444444444441
0 0.6234375 0.5884259259259259 0.018229166666666668 0.03194444444444444
0 0.84375 0.5990740740740741 0.018229166666666668 0.03611111111111111
2 0.83984375 0.49537037037037035 0.020052083333333335 0.030555555555555555
0 0.69921875 0.6550925925925926 0.015625 0.03657407407407407
2 0.77421875 0.6574074074074074 0.012239583333333333 0.04027777777777778
0 0.9393229166666667 0.6916666666666667 0.0203125 0.028703703703703703
0 0.84921875 0.6953703703703704 0.019270833333333334 0.04027777777777778
0 0.8796875 0.7236111111111111 0.022395833333333334 0.03009259259259259
0 0.7239583333333334 0.725925925925926 0.019010416666666665 0.026851851851851852
2 0.9783854166666667 0.7351851851851852 0.016145833333333335 0.03611111111111111
0 0.7786458333333334 0.7384259259259259 0.014583333333333334 0.04212962962962963
0 0.9575520833333333 0.763425925925926 0.01171875 0.04861111111111111
0 0.840625 0.7875 0.0203125 0.024537037037037038
0 0.9796875 0.8240740740740741 0.019270833333333334 0.03287037037037037
0 0.9473958333333333 0.8347222222222223 0.021354166666666667 0.03564814814814815
0 0.91875 0.8708333333333333 0.01953125 0.02638888888888889
0 0.7671875 0.8981481481481481 0.015885416666666666 0.022222222222222223
0 0.9356770833333333 0.899074074074074 0.016666666666666666 0.025
0 0.8010416666666667 0.9689814814814814 0.018229166666666668 0.027314814814814816
0 0.9005208333333333 0.9699074074074074 0.01484375 0.031018518518518518
0 0.9252604166666667 0.975925925925926 0.021875 0.03287037037037037
0 0.8125 0.5407407407407407 0.0109375 0.027777777777777776
2 0.97578125 0.5523148148148148 0.01953125 0.030555555555555555
0 0.9145833333333333 0.5601851851851852 0.016145833333333335 0.02638888888888889
0 0.8010416666666667 0.5689814814814815 0.020833333333333332 0.027314814814814816
0 0.94375 0.5768518518518518 0.00859375 0.034722222222222224