0 0.677859375 0.1591759259259259 0.030343749999999996 0.03008333333333334
0 0.915625 0.6680555555555555 0.06197916666666667 0.16574074074074074
0 0.9776041666666667 0.6810185185185185 0.04375 0.0787037037037037
0 0.34765625 0.6912037037037037 0.015885416666666666 0.07037037037037037
0 0.9565104166666667 0.5472222222222223 0.0859375 0.03518518518518519
0 0.8533854166666667 0.700462962962963 0.09244791666666667 0.1685185185185185
3 0.6682291666666667 0.7314814814814815 0.221875 0.1337962962962963
0 0.8104166666666667 0.5532407407407407 0.12838541666666667 0.04722222222222222
0 0.9830729166666666 0.7675925925925926 0.0328125 0.12222222222222222
0 0.5044270833333333 0.5546296296296296 0.06822916666666666 0.04953703703703704
0 0.43776041666666665 0.7731481481481481 0.16328125 0.0787037037037037
0 0.8119791666666667 0.8013888888888889 0.1 0.1787037037037037
0 0.6427083333333333 0.8402777777777778 0.15859375 0.0875
0 0.41041666666666665 0.8518518518518519 0.14166666666666666 0.06342592592592593
0 0.946875 0.8722222222222222 0.10598958333333333 0.08101851851851852
0 0.47265625 0.9259259259259259 0.11197916666666667 0.14629629629629629
0 0.5484375 0.9439814814814815 0.07395833333333333 0.11018518518518519
0 0.6270833333333333 0.95 0.075 0.09814814814814815
0 0.7122395833333334 0.9648148148148148 0.06510416666666667 0.06851851851851852
0 0.8385416666666666 0.9722222222222222 0.06458333333333334 0.053703703703703705
0 0.9559895833333333 0.9736111111111111 0.08697916666666666 0.05092592592592592
0 0.3619791666666667 0.5953703703703703 0.04479166666666667 0.13148148148148148
0 0.5729166666666666 0.6194444444444445 0.09973958333333334 0.1675925925925926
0 0.4348958333333333 0.6300925925925925 0.06796875 0.1736111111111111