0 0.40260416666666665 0.7055555555555556 0.022916666666666665 0.07222222222222222
0 0.21848958333333332 0.7083333333333334 0.03802083333333333 0.07777777777777778
1 0.16171875 0.7143518518518519 0.030729166666666665 0.08981481481481482
0 0.3753072916666667 0.7270833333333333 0.03004687500000003 0.09318518518518518
1 0.047135416666666666 0.73775 0.05244270833333333 0.08625000000000001
0 0.010416666666666666 0.7430555555555556 0.020833333333333332 0.10648148148148148
1 0.11997395833333332 0.7443703703703703 0.061885416666666665 0.04716666666666666
0 0.19176041666666668 0.7513425925925926 0.023130208333333315 0.09296296296296296
0 0.21596875000000001 0.7640092592592592 0.02996874999999998 0.0727962962962963
0 0.27579166666666666 0.7737037037037037 0.038291666666666654 0.09787037037037036
0 0.39175 0.7878703703703703 0.055906249999999956 0.053490740740740735
0 0.16353645833333333 0.7917500000000001 0.05560937499999999 0.042990740740740746
0 0.241140625 0.8129444444444445 0.05407812499999999 0.04884259259259259
0 0.08084375 0.8269166666666666 0.022135416666666668 0.09936111111111111
0 0.4087760416666667 0.827388888888889 0.05782812499999999 0.060796296296296265
0 0.14336458333333332 0.8298518518518518 0.05062500000000001 0.033203703703703714
0 0.031526041666666664 0.8348888888888889 0.05323437499999999 0.04737037037037034
0 0.10637500000000001 0.8442314814814814 0.032484375 0.09885185185185184
0 0.19190625 0.8561851851851853 0.034937500000000024 0.06609259259259259
0 0.44672395833333334 0.8565462962962962 0.033104166666666636 0.0827314814814815
0 0.35840104166666664 0.8694166666666667 0.04604687500000004 0.03829629629629631
0 0.22820833333333335 0.8836388888888889 0.03127604166666664 0.10734259259259263
0 0.153484375 0.8975740740740741 0.03422395833333335 0.06494444444444443
0 0.0046875 0.9101851851851852 0.009375 0.10185185185185185
0 0.04401041666666667 0.9138981481481482 0.061895833333333344 0.04958333333333332
3 0.25758854166666667 0.9161666666666667 0.030739583333333355 0.15750000000000003
0 0.117734375 0.9431481481481482 0.053567708333333346 0.056833333333333326
0 0.34580208333333334 0.9477407407407407 0.05996875000000005 0.04675925925925926
0 0.20434895833333336 0.9609537037037036 0.045088541666666634 0.07580555555555556
0 0.39765625 0.9648148148148148 0.05260416666666667 0.06851851851851852
0 0.29739583333333336 0.9601851851851851 0.030208333333333334 0.07777777777777778
0 0.026302083333333334 0.9731481481481481 0.05260416666666667 0.05185185185185185
1 0.13489583333333333 0.9680555555555556 0.053125 0.062037037037037036
0 0.18619791666666666 0.9699074074074074 0.03697916666666667 0.058333333333333334
0 0.33932291666666664 0.9939814814814815 0.05572916666666667 0.010185185185185186
0 0.41901041666666666 0.6791666666666667 0.0359375 0.019444444444444445
0 0.12708333333333333 0.6791666666666667 0.03229166666666667 0.019444444444444445
0 0.007291666666666667 0.6875 0.014583333333333334 0.03611111111111111
0 0.04921875 0.6875 0.03802083333333333 0.03611111111111111
0 0.321875 0.6912037037037037 0.04375 0.04351851851851852
0 0.07994791666666666 0.6847222222222222 0.06197916666666667 0.030555555555555555
0 0.28177083333333336 0.6949074074074074 0.04375 0.05092592592592592
0 0.25286458333333334 0.6958333333333333 0.044270833333333336 0.05277777777777778
0 0.6341145833333334 0.7108611111111112 0.023817708333333344 0.0371574074074074