0 0.4830729166666667 0.24351851851851852 0.0067708333333333336 0.024074074074074074
0 0.6417604166666666 0.7533055555555556 0.012697916666666665 0.05353703703703703
0 0.70253125 0.776462962962963 0.0171875 0.022388888888888948
0 0.6388072916666666 0.7798518518518519 0.02723958333333331 0.028833333333333426
0 0.6796979166666667 0.7954444444444445 0.017026041666666696 0.04183333333333339
0 0.6052968750000001 0.79575 0.01438020833333334 0.04862962962962961
0 0.5135260416666667 0.8037685185185186 0.02436979166666666 0.04518518518518514
0 0.6372447916666667 0.8057777777777778 0.013390625000000019 0.0452314814814814
0 0.546953125 0.8212037037037037 0.016895833333333332 0.059685185185185216
0 0.5542447916666667 0.8255277777777779 0.025223958333333338 0.03129629629629625
0 0.820609375 0.9211851851851852 0.02000000000000005 0.05225000000000006