0 0.6870677083333334 0.04036111111111109 0.042197916666666654 0.052851851851851844
0 0.39557291666666666 0.4152777777777778 0.07447916666666667 0.10833333333333334
0 0.45807291666666666 0.4162037037037037 0.022395833333333334 0.09351851851851851
0 0.321875 0.42083333333333334 0.0765625 0.09814814814814815
0 0.06848958333333334 0.47638888888888886 0.03203125 0.19027777777777777
0 0.271875 0.5032407407407408 0.08177083333333333 0.07916666666666666
0 0.39427083333333335 0.5171296296296296 0.05390625 0.16157407407407406
0 0.4471354166666667 0.5527777777777778 0.044270833333333336 0.13148148148148148
0 0.3484375 0.5550925925925926 0.061197916666666664 0.1550925925925926
3 0.15546875 0.5884259259259259 0.11015625 0.12777777777777777
0 0.278125 0.6175925925925926 0.03619791666666667 0.13287037037037036
0 0.06901041666666667 0.649074074074074 0.04348958333333333 0.1685185185185185
0 0.23984375 0.6523148148148148 0.05546875 0.12129629629629629
0 0.4505208333333333 0.6768518518518518 0.0375 0.07222222222222222
0 0.38307291666666665 0.7055555555555556 0.0359375 0.15555555555555556
0 0.4596354166666667 0.7388888888888889 0.019270833333333334 0.05
0 0.17552083333333332 0.7402777777777778 0.041666666666666664 0.18194444444444444
0 0.24635416666666668 0.7689814814814815 0.045572916666666664 0.1865740740740741
0 0.30911458333333336 0.7777777777777778 0.071875 0.12916666666666668
0 0.44192708333333336 0.787962962962963 0.0546875 0.05925925925925926
0 0.10416666666666667 0.799074074074074 0.07135416666666666 0.09398148148148149
0 0.07005208333333333 0.8305555555555556 0.0453125 0.1837962962962963
0 0.22265625 0.8305555555555556 0.046614583333333334 0.1912037037037037
0 0.41328125 0.836574074074074 0.07604166666666666 0.0837962962962963
0 0.2513020833333333 0.3194444444444444 0.02890625 0.12037037037037036
0 0.3033854166666667 0.8722222222222222 0.059895833333333336 0.17407407407407408
0 0.39791666666666664 0.32175925925925924 0.07864583333333333 0.0962962962962963
0 0.12864583333333332 0.32314814814814813 0.03203125 0.12777777777777777
0 0.19713541666666667 0.9023148148148148 0.06432291666666666 0.16203703703703703
0 0.12291666666666666 0.9259259259259259 0.07604166666666666 0.14629629629629629
0 0.3763020833333333 0.9310185185185185 0.07447916666666667 0.1361111111111111
0 0.4622395833333333 0.3263888888888889 0.01484375 0.0712962962962963
0 0.0953125 0.3282407407407407 0.0390625 0.13796296296296295
0 0.31666666666666665 0.33194444444444443 0.07395833333333333 0.0824074074074074
0 0.1953125 0.3375 0.04609375 0.13657407407407407
0 0.78359375 0.7337222222222222 0.011593749999999995 0.024537037037037038
0 0.5933697916666667 0.8022314814814815 0.026140625000000015 0.020851851851851837