0 0.6568832983927324 0.09806451612903226 0.13522012578616352 0.08946236559139785
0 0.9040880503144654 0.21118279569892473 0.1046470999301188 0.15978494623655914
0 0.9820055904961565 0.23978494623655913 0.035290006988120196 0.14236559139784946
3 0.7819706498951782 0.28043010752688174 0.15793151642208245 0.19870967741935483
0 0.63277428371768 0.30473118279569894 0.14028651292802236 0.0821505376344086
0 0.8441649196366178 0.4453763440860215 0.09678546470999301 0.09204301075268817
0 0.3863522012578616 0.826210752688172 0.03777428371767999 0.09044731182795697
0 0.14516072676450037 0.8386752688172043 0.06783368273934309 0.05294193548387093
0 0.18518169112508737 0.8607010752688172 0.04994758909853251 0.05981075268817202
0 0.2835255066387142 0.8793204301075269 0.04999650593990214 0.08486881720430105
0 0.24174703004891687 0.8805892473118279 0.032117400419287234 0.0837806451612903
0 0.03531795946890288 0.8833763440860215 0.056292802236198466 0.058860215053763404
0 0.42051013277428373 0.8939784946236559 0.038085255066387144 0.06580645161290323
0 0.0110062893081761 0.9053763440860215 0.0220125786163522 0.03870967741935484
0 0.20738993710691822 0.9074451612903226 0.03537386443046821 0.10119569892473117
3 0.13724668064290704 0.9231827956989248 0.07717330538085256 0.061883870967741984
0 0.1369601677148847 0.9343741935483871 0.04256114605171207 0.08523440860215056
0 0.3811530398322851 0.9479182795698924 0.07684486373165617 0.03476989247311824
0 0.29350104821802936 0.9726881720430107 0.06568832983927324 0.053763440860215055
0 0.022886093640810623 0.984516129032258 0.045772187281621246 0.030107526881720432
0 0.4033892382948987 0.5752688172043011 0.03878406708595388 0.03053763440860215
0 0.06481481481481481 0.5763440860215053 0.04647099930118798 0.032688172043010756
0 0.19951083158630328 0.5780645161290323 0.06289308176100629 0.03612903225806452
0 0.27375960866526905 0.5851612903225807 0.03389238294898672 0.05032258064516129
0 0.126680642907058 0.5906408602150538 0.05053459119496855 0.04761290322580645
0 0.06490566037735848 0.6061935483870968 0.06711390635918939 0.0468731182795699
0 0.3397658979734452 0.6101204301075269 0.07309573724668061 0.0328516129032258
0 0.42697414395527605 0.610752688172043 0.025157232704402517 0.09376344086021506
0 0.013976240391334731 0.6686021505376344 0.027952480782669462 0.09419354838709677
0 0.3942208245981831 0.6703612903225807 0.026320754716981108 0.07057634408602152
0 0.09075122292103424 0.6905806451612903 0.0651956673654787 0.07036129032258066
0 0.028238993710691843 0.7033505376344086 0.04331586303284417 0.06162580645161289
0 0.10629280223619847 0.7047397849462366 0.06378406708595387 0.06102365591397849
0 0.3623235499650594 0.7156215053763442 0.041743535988818976 0.07398279569892473
0 0.4168413696715583 0.7172043010752688 0.045422781271837874 0.04774193548387097
0 0.13268693221523412 0.7336129032258065 0.0629070580013976 0.05481720430107529
0 0.2969461914744933 0.7375956989247311 0.0272851153039832 0.09397849462365591
0 0.013976240391334731 0.7778494623655914 0.027952480782669462 0.06924731182795699
0 0.1256464011180992 0.7899225806451614 0.06852550663871419 0.03529462365591395
0 0.05368972746331236 0.8136903225806451 0.05675052410901466 0.07484731182795698
0 0.5966561844863733 0.8691268817204301 0.08087700908455626 0.05681720430107523