0 0.6439739583333334 0.9079444444444444 0.02403125 0.03131481481481481
0 0.9424270833333334 0.9410370370370371 0.030552083333333376 0.02444444444444445
2 0.8644791666666667 0.9463148148148148 0.02006249999999999 0.023490740740740746
2 0.882921875 0.9479351851851852 0.016093749999999987 0.029990740740740728
0 0.9252135416666666 0.9479351851851852 0.022781250000000006 0.029990740740740728
0 0.9014739583333333 0.9521388888888889 0.013270833333333343 0.028638888888888894
0 0.9864583333333333 0.9532407407407407 0.026041666666666668 0.017592592592592594
0 0.9070781250000001 0.9675092592592591 0.024906249999999998 0.019444444444444445
2 0.8406666666666667 0.9742777777777778 0.023343750000000028 0.04935185185185186
0 0.8773541666666667 0.9801018518518518 0.02843750000000001 0.028499999999999987
0 0.85390625 0.9884259259259259 0.022395833333333334 0.021296296296296296
0 0.8807291666666667 0.986574074074074 0.021875 0.025
0 0.7145833333333333 0.987037037037037 0.025 0.024074074074074074
0 0.9075520833333334 0.9875 0.0140625 0.023148148148148147