0 0.7950520833333333 0.1763888888888889 0.01484375 0.01574074074074074
0 0.7317708333333334 0.18194444444444444 0.0296875 0.031018518518518518
0 0.7942708333333334 0.20601851851851852 0.013802083333333333 0.013888888888888888
0 0.6484375 0.2310185185185185 0.016666666666666666 0.020370370370370372
0 0.7588541666666667 0.275 0.01953125 0.020833333333333332
0 0.9 0.27685185185185185 0.016927083333333332 0.040740740740740744
2 0.6958333333333333 0.27685185185185185 0.028645833333333332 0.02962962962962963
0 0.85078125 0.2865740740740741 0.013802083333333333 0.009722222222222222
0 0.8497395833333333 0.30787037037037035 0.02109375 0.016666666666666666
0 0.81484375 0.30833333333333335 0.015364583333333333 0.012037037037037037
0 0.8635416666666667 0.31574074074074077 0.016927083333333332 0.018518518518518517
0 0.8778645833333333 0.32222222222222224 0.016927083333333332 0.011111111111111112
0 0.7705729166666667 0.325 0.028125 0.028703703703703703
0 0.7369791666666666 0.3611111111111111 0.030989583333333334 0.01712962962962963
0 0.9151041666666667 0.37175925925925923 0.017708333333333333 0.02361111111111111
0 0.7138020833333333 0.3736111111111111 0.041666666666666664 0.019444444444444445
0 0.8619791666666666 0.37546296296296294 0.03046875 0.02638888888888889
0 0.7796875 0.37824074074074077 0.03619791666666667 0.026851851851851852
0 0.9255208333333333 0.3787037037037037 0.0203125 0.028703703703703703
0 0.9106770833333333 0.4101851851851852 0.020833333333333332 0.031018518518518518
0 0.09558333333333333 0.7369629629629629 0.032453125 0.029157407407407417
0 0.028208333333333318 0.7834074074074074 0.012708333333333337 0.03812037037037033
0 0.06771354166666667 0.794212962962963 0.013171875000000003 0.03503703703703707
0 0.046182291666666646 0.7971296296296296 0.017395833333333336 0.04056481481481476
0 0.05599479166666666 0.8287685185185185 0.017859374999999997 0.043694444444444494
0 0.040364583333333336 0.8367962962962963 0.022020833333333333 0.03505555555555557
2 0.9765260416666667 0.8122592592592592 0.02023958333333328 0.05107407407407404
0 0.6662395833333332 0.8511481481481482 0.01334895833333333 0.03040740740740744
0 0.6250885416666667 0.853925925925926 0.012296875000000007 0.035962962962962995
0 0.64575 0.8560925925925926 0.011953124999999993 0.03535185185185181
0 0.5874062500000001 0.8725925925925926 0.023484375000000002 0.029138888888888916
0 0.84296875 0.9912037037037037 0.021354166666666667 0.01574074074074074