0 0.5092864583333333 0.11350000000000003 0.023401041666666657 0.04089814814814816
0 0.19817708333333334 0.4148148148148148 0.01328125 0.041666666666666664
0 0.26067708333333334 0.5064814814814815 0.010416666666666666 0.049074074074074076
0 0.22005208333333334 0.5449074074074074 0.009375 0.0375
0 0.27734375 0.5851851851851851 0.005989583333333334 0.05462962962962963
0 0.24401041666666667 0.5981481481481481 0.00703125 0.046296296296296294
0 0.21692708333333333 0.6347222222222222 0.005729166666666666 0.040740740740740744
0 0.22708333333333333 0.6347222222222222 0.012760416666666666 0.016666666666666666
0 0.23932291666666666 0.6370370370370371 0.006510416666666667 0.03148148148148148
0 0.3453125 0.6462962962962963 0.015364583333333333 0.053703703703703705
0 0.22161458333333334 0.6689814814814815 0.015104166666666667 0.022222222222222223
0 0.24322916666666666 0.6689814814814815 0.00859375 0.047685185185185185
0 0.23567708333333334 0.7439814814814815 0.0067708333333333336 0.041666666666666664
0 0.11145833333333334 0.888425925925926 0.013802083333333333 0.03009259259259259
0 0.21354166666666666 0.9333333333333333 0.00625 0.04583333333333333
0 0.21119791666666668 0.9916666666666667 0.011979166666666667 0.014814814814814815
0 0.5714374999999999 0.5795555555555555 0.019583333333333345 0.02546296296296296
2 0.61415625 0.5795555555555555 0.011260416666666669 0.029166666666666667