2 0.6016562499999999 0.2818703703703703 0.014390624999999997 0.0412037037037037
2 0.5703125 0.29003703703703704 0.01808854166666667 0.054768518518518494
2 0.6271822916666667 0.30562037037037043 0.025859374999999987 0.03593518518518513
0 0.5982708333333332 0.32645370370370375 0.019078124999999998 0.0276018518518518
0 0.578734375 0.3557777777777778 0.01646875 0.0396851851851852
2 0.5935833333333332 0.35762037037037037 0.015953125 0.03808333333333333
2 0.6053020833333332 0.3801481481481481 0.024156249999999997 0.042398148148148115
2 0.7966458333333333 0.4569907407407407 0.03104166666666662 0.04052777777777776
0 0.7627864583333334 0.46794444444444444 0.027927083333333307 0.04947222222222223
0 0.06483854166666667 0.8945185185185186 0.025130208333333334 0.03965740740740745
2 0.66328125 0.5351851851851852 0.021354166666666667 0.03148148148148148
0 0.8019114583333333 0.5826574074074073 0.013223958333333386 0.04148148148148149
0 0.8046041666666668 0.6249351851851852 0.01513020833333331 0.049518518518518524
0 0.5398072916666667 0.6331018518518519 0.013609374999999998 0.053861111111111123
0 0.9081822916666666 0.6357314814814814 0.018062500000000033 0.05384259259259259
0 0.7526875 0.6602592592592593 0.01228645833333335 0.04891666666666665
2 0.808796875 0.7323703703703704 0.023984374999999978 0.031129629629629636
0 0.8211614583333334 0.7351574074074074 0.01508854166666668 0.028925925925925935
0 0.7741822916666666 0.7353796296296297 0.019031249999999982 0.040064814814814796
2 0.785390625 0.7520740740740741 0.024812500000000022 0.033750000000000016
2 0.7479739583333334 0.7631296296296296 0.025942708333333304 0.027620370370370382
0 0.883953125 0.7804629629629629 0.021010416666666625 0.03562037037037039
0 0.8382031249999999 0.7830833333333334 0.01772395833333332 0.04641666666666666
0 0.7113645833333334 0.8193425925925926 0.025473958333333317 0.028203703703703738
0 0.8004375 0.8199629629629629 0.020291666666666687 0.02943518518518515
0 0.7436614583333333 0.9346111111111111 0.015062499999999979 0.056870370370370335