0 0.6677083333333333 0.01898148148148148 0.042708333333333334 0.03796296296296296
0 0.023359375000000012 0.7462129629629629 0.010921875 0.02362037037037036
0 0.019192708333333346 0.8292222222222222 0.019255208333333333 0.031287037037037
0 0.6481666666666667 0.7382037037037037 0.02720312500000001 0.03628703703703709
0 0.6712604166666668 0.8363425925925926 0.02616666666666667 0.03008333333333334
0 0.7895052083333333 0.8460555555555556 0.028635416666666677 0.04274074074074077
0 0.7476614583333333 0.8511481481481482 0.028270833333333318 0.028851851851851927
0 0.7797812499999999 0.8869537037037036 0.01334895833333339 0.03658333333333332
2 0.8049583333333333 0.8872592592592593 0.024124999999999966 0.0492037037037038
0 0.3943072916666666 0.9278425925925926 0.01531770833333333 0.03592592592592588
0 0.7346354166666667 0.9360185185185185 0.01264062499999999 0.03191666666666669
0 0.7919375 0.9363240740740741 0.03349479166666664 0.02512037037037047
0 0.7107604166666666 0.9627129629629629 0.015322916666666705 0.038999999999999896