0 0.2523165539694465 0.7848443843031123 0.013648885549711996 0.01849345963013081
0 0.2802404207362885 0.7918358141632837 0.012772351615326822 0.016689219666215605
0 0.8665164037064863 0.9003157419936851 0.04357625845229151 0.1984663960306721
0 0.8618832957675933 0.9720342805593144 0.1214625594790884 0.05502931889941362
0 0.7604557976458803 0.9614343707713126 0.05985474580515903 0.07622913847541724
0 0.9256198347107438 0.5342805593143888 0.07312797395442024 0.02931889941362201
0 0.8627598297019785 0.5595399188092016 0.07112446781868269 0.07983761840324763
0 0.7981467568244428 0.581190798376184 0.05760080140245429 0.12313937753721245
0 0.9794640621086902 0.5802886783942265 0.0405709992486852 0.12133513757329725
0 0.7382920110192838 0.5805142083897158 0.09566741798146756 0.12178619756427606
0 0.9067117455547208 0.5859269282814614 0.0979213623841723 0.13261163734776726
0 0.6312296518908089 0.6064501578709969 0.022789882294014525 0.17365809652683806
0 0.7204057099924869 0.6887144790257105 0.08156774355121464 0.12859269282814612
0 0.8167568244427749 0.7070545782589084 0.11398948159278739 0.10393324312133514
0 0.992862509391435 0.7377086152458276 0.013774104683195593 0.16373477672530445
0 0.7995416979714499 0.7974018944519622 0.10476333583771599 0.16013531799729364
0 0.6936063110443276 0.8074785746504284 0.10911094415226648 0.08466396030672081
0 0.9125920360631105 0.822232746955345 0.06298522414224894 0.18894451962110959
0 0.8089807162534436 0.8550022552999549 0.05683696468820437 0.1486648624267027