0 0.5859375 0.2050925925925926 0.09270833333333334 0.24166666666666667
0 0.7259947916666667 0.20727777777777778 0.19166666666666668 0.15046296296296297
1 0.8335364583333332 0.2985185185185185 0.22064062500000003 0.16921296296296295
0 0.5984375 0.5138888888888888 0.11770833333333333 0.1037037037037037
0 0.7459635416666667 0.551037037037037 0.1586822916666667 0.15187037037037035
0 0.9291666666666667 0.5504629629629629 0.140625 0.17685185185185184
0 0.846875 0.600925925925926 0.06770833333333333 0.07592592592592592
0 0.6234375 0.6041666666666666 0.10625 0.06944444444444445
1 0.74765625 0.07407407407407407 0.06927083333333334 0.14814814814814814
0 0.6513020833333333 0.08611111111111111 0.0640625 0.17222222222222222
2 0.4921875 0.7199074074074074 0.09375 0.05462962962962963
0 0.27005208333333336 0.7935185185185185 0.09609375 0.03796296296296296
2 0.06875 0.7981481481481482 0.0609375 0.049074074074074076
0 0.43307291666666664 0.8439814814814814 0.08072916666666667 0.03796296296296296
0 0.2296875 0.861574074074074 0.09661458333333334 0.05092592592592592
0 0.44375 0.9300925925925926 0.10182291666666667 0.03888888888888889