0 0.7174479166666666 0.010648148148148148 0.018229166666666668 0.021296296296296296
2 0.4300364583333333 0.6545462962962962 0.016989583333333277 0.0411851851851852
0 0.79175 0.7203055555555556 0.03207812500000002 0.02825925925925924
0 0.8174479166666667 0.7212222222222223 0.023057291666666656 0.052324074074074065
0 0.8245729166666665 0.8538055555555556 0.017833333333333336 0.027666666666666662
0 0.8524999999999999 0.8554814814814814 0.011968750000000009 0.026999999999999972
2 0.8406041666666667 0.8598240740740741 0.015333333333333362 0.047703703703703686
2 0.8852291666666666 0.8646574074074075 0.01704166666666668 0.05348148148148147
0 0.8622708333333333 0.8652685185185185 0.020229166666666683 0.054037037037036995
2 0.8243177083333334 0.8781759259259259 0.01648437499999999 0.0518055555555556
2 0.8013854166666666 0.960388888888889 0.019057291666666684 0.060287037037036945