0 0.7711485983626891 0.34866027125372145 0.0053336641032001985 0.03473370823685081
0 0.796576531877946 0.3637115448230235 0.007194244604316547 0.014555077737347006
0 0.7699082113619449 0.3658617267614952 0.011411560406846936 0.01869004300363877
0 0.7870255519722154 0.3759510420112471 0.007194244604316547 0.027125372146873966
0 0.7557677995534606 0.37628183923255043 0.006077896303646738 0.03159113463446907
0 0.717191763830315 0.3814091961627522 0.010295212106177128 0.029275554085345684
0 0.7691639791614984 0.3827323850479656 0.005581741503349045 0.029440952695997353
0 0.7312081369387249 0.3928217002977175 0.007070205904242123 0.0387032748924909
0 0.7343091044405855 0.3956334766787959 0.010543289506325973 0.020344029110155475
0 0.8463160506077896 0.45765795567317236 0.008434631605060779 0.03390671518359246
0 0.010419250806251551 0.7054250744293747 0.01426445050855867 0.01257029440952696
0 0.21272637062763583 0.7191531591134634 0.009054825105432896 0.02166721799536884
2 0.1969734557181841 0.7780350645054581 0.012031753907219053 0.013562686073436983
0 0.2514264450508559 0.783658617267615 0.014884644008930786 0.0067813430367184915
0 0.2062763582237658 0.8117763810783989 0.01426445050855867 0.013728084684088654
2 0.27077648226246587 0.8231888852133642 0.009302902505581741 0.01935163744624545
0 0.22463408583478045 0.825835262983791 0.013768295708260977 0.012901091630830301
0 0.15591664599354998 0.827323850479656 0.014388489208633094 0.014885874958650347
0 0.25676010915405606 0.827820046311611 0.016869263210121558 0.005954349983460139
0 0.16980898040188538 0.831293417135296 0.011411560406846936 0.013231888852133642
0 0.2733812949640288 0.8403903407211379 0.01612503100967502 0.008931524975190208
0 0.25613991565368394 0.8420443268276546 0.011411560406846936 0.014224280516043665
0 0.23306871743984123 0.8422097254383063 0.017861572810716944 0.00959311941779689
0 0.2674274373604565 0.8470062851472048 0.00967501860580501 0.00942772080714522
0 0.30997271148598365 0.8471716837578565 0.01463656660878194 0.00992391663910023
0 0.25192259985115356 0.8549454184584849 0.015132721409079633 0.011743301356268608
0 0.23530141404118085 0.85544161429044 0.016745224510047136 0.010750909692358585
0 0.2403870007442322 0.8577571948395634 0.0075663607045398165 0.018524644392987098
2 0.10878193996526916 0.8738008600727754 0.015132721409079633 0.013728084684088654
0 0.19250806251550484 0.8810783989414489 0.017489456710493675 0.010916308303010255
0 0.1355742991813446 0.883559378101224 0.01736541801041925 0.009262322196493549
0 0.2108657901265195 0.8911677141912008 0.013272140907963284 0.016043665233212042
0 0.17166956090300173 0.8949718822361892 0.01575291490945175 0.009262322196493549
0 0.2646985859588192 0.9187892821700298 0.018233688910940214 0.011247105524313596