0 0.1578125 0.7523148148148148 0.05390625 0.08333333333333333
0 0.19348958333333333 0.8435185185185186 0.06145833333333333 0.07222222222222222
0 0.06380208333333333 0.8861111111111111 0.04869791666666667 0.08796296296296297
0 0.19557291666666668 0.9287037037037037 0.08125 0.0763888888888889
2 0.054947916666666666 0.9523148148148148 0.06744791666666666 0.052314814814814814
0 0.24192708333333332 0.961574074074074 0.047135416666666666 0.05694444444444444
2 0.17578125 0.6888888888888889 0.06536458333333334 0.06805555555555555
0 0.02109375 0.7166666666666667 0.04192708333333333 0.1037037037037037
2 0.27057291666666666 0.7324074074074074 0.06588541666666667 0.05648148148148148
0 0.5692708333333333 0.6805555555555556 0.07604166666666666 0.04027777777777778
0 0.34088541666666666 0.6856481481481481 0.022395833333333334 0.030555555555555555
0 0.46041666666666664 0.7296296296296296 0.03958333333333333 0.0875
0 0.3729166666666667 0.7458333333333333 0.08645833333333333 0.03935185185185185
0 0.5184895833333333 0.7657407407407407 0.09140625 0.03518518518518519
0 0.3671875 0.6263888888888889 0.075 0.03425925925925926
0 0.5658854166666667 0.6287037037037037 0.07864583333333333 0.03888888888888889
0 0.4622395833333333 0.8226851851851852 0.03359375 0.07731481481481481
0 0.5953125 0.8449074074074074 0.029947916666666668 0.07361111111111111
2 0.5205729166666667 0.8648148148148148 0.07447916666666667 0.040740740740740744
0 0.35859375 0.8865740740740741 0.035416666666666666 0.0837962962962963
0 0.43828125 0.8888888888888888 0.06380208333333333 0.06666666666666667
0 0.5578125 0.9481481481481482 0.05859375 0.07268518518518519
0 0.37421875 0.9574074074074074 0.08880208333333334 0.043055555555555555
0 0.47708333333333336 0.9648148148148148 0.06953125 0.062037037037037036
0 0.40546875 0.6472222222222223 0.04973958333333333 0.07592592592592592