0 0.5791666666666667 0.1037037037037037 0.11744791666666667 0.07916666666666666
0 0.8388020833333333 0.1162037037037037 0.09036458333333333 0.12685185185185185
0 0.9953125 0.15324074074074073 0.008333333333333333 0.13055555555555556
0 0.9481770833333333 0.16296296296296298 0.07161458333333333 0.1527777777777778
0 0.50859375 0.16620370370370371 0.037760416666666664 0.08425925925925926
3 0.7557291666666667 0.17962962962962964 0.0515625 0.24861111111111112
0 0.6276041666666666 0.023148148148148147 0.11041666666666666 0.046296296296296294
0 0.5690104166666666 0.22916666666666666 0.05625 0.16342592592592592
0 0.8614583333333333 0.2300925925925926 0.10963541666666667 0.13518518518518519
0 0.6596354166666667 0.2490740740740741 0.10963541666666667 0.13194444444444445
0 0.9182291666666667 0.02638888888888889 0.052083333333333336 0.05277777777777778
0 0.5192708333333333 0.029166666666666667 0.04973958333333333 0.05787037037037037
0 0.9161458333333333 0.30648148148148147 0.11171875 0.08842592592592592
0 0.9895833333333334 0.3162037037037037 0.019791666666666666 0.07314814814814814
0 0.84375 0.3675925925925926 0.059375 0.12222222222222222
0 0.9901041666666667 0.3902777777777778 0.01875 0.05648148148148148
0 0.7578125 0.39166666666666666 0.048177083333333336 0.07546296296296297
0 0.608421875 0.5133425925925925 0.02063020833333334 0.04582407407407408
0 0.6394166666666666 0.5312407407407408 0.01491145833333333 0.04828703703703703
0 0.6222239583333333 0.5662777777777778 0.011781250000000002 0.03905555555555556
2 0.8360625 0.6849259259259259 0.017578125 0.05565740740740742