0 0.630875 0.22032407407407406 0.019874999999999983 0.05793518518518521
0 0.6688177083333334 0.3113611111111111 0.020041666666666676 0.05482407407407411
0 0.7638020833333333 0.024074074074074074 0.022395833333333334 0.04814814814814815
0 0.8590364583333333 0.3511759259259259 0.013557291666666653 0.052962962962963
0 0.6697708333333333 0.37616666666666665 0.031671874999999974 0.051101851851851905
0 0.7337604166666668 0.3797129629629629 0.020927083333333367 0.021407407407407413
0 0.8222343750000001 0.38325000000000004 0.021104166666666656 0.044537037037037056
0 0.8519322916666667 0.3890925925925926 0.02637500000000005 0.022620370370370325
0 0.4934427083333333 0.3906759259259259 0.020786458333333317 0.039370370370370354
0 0.7585625 0.3918888888888889 0.022921874999999994 0.04137037037037032
0 0.7983645833333334 0.3943240740740741 0.025265624999999996 0.02139814814814816
0 0.7335572916666666 0.40101851851851855 0.018869791666666677 0.04063888888888888
0 0.6432968750000001 0.40425925925925926 0.02474999999999999 0.040870370370370356
0 0.4524635416666667 0.40687962962962965 0.021494791666666666 0.04029629629629628
0 0.8665208333333333 0.4161203703703704 0.015953125000000058 0.054759259259259244
0 0.384375 0.4203703703703704 0.009375 0.044444444444444446
0 0.8242916666666666 0.42184259259259255 0.02986458333333329 0.020907407407407444
0 0.6551875 0.4446851851851852 0.02542708333333333 0.0488981481481481
0 0.731640625 0.44485185185185183 0.01757291666666667 0.04062962962962963
0 0.44795312499999995 0.44746296296296295 0.023651041666666657 0.05445370370370365
0 0.9771979166666667 0.45687037037037037 0.030364583333333427 0.03008333333333334
0 0.7568489583333334 0.47437962962962965 0.027359374999999984 0.036935185185185224
0 0.728046875 0.48783333333333334 0.01736458333333329 0.04728703703703703
0 0.9637395833333334 0.49683333333333335 0.02706770833333323 0.029472222222222153
0 0.8077500000000001 0.49824074074074076 0.02841666666666664 0.02100925925925931
0 0.6356510416666666 0.5060925925925926 0.023177083333333334 0.01867592592592599
0 0.9384791666666668 0.5130370370370371 0.029703125000000104 0.034092592592592535
0 0.5738385416666667 0.5172037037037037 0.01416666666666669 0.04057407407407401
0 0.662046875 0.5195185185185186 0.01225520833333332 0.043351851851851794
0 0.9958333333333333 0.5194444444444445 0.007291666666666667 0.06851851851851852
0 0.6203749999999999 0.5304722222222222 0.01015625 0.056000000000000015
0 0.8048333333333333 0.5329444444444444 0.026317708333333318 0.023555555555555607
0 0.83059375 0.5362870370370371 0.012875000000000015 0.03062037037037031
0 0.758046875 0.5409722222222222 0.020661458333333372 0.024648148148148048
0 0.9838541666666667 0.5416666666666666 0.016666666666666666 0.03333333333333333
0 0.9019062499999999 0.5448703703703704 0.028927083333333315 0.01929629629629622
0 0.78828125 0.5435185185185185 0.008854166666666666 0.02962962962962963
2 0.7763020833333333 0.5439814814814815 0.016145833333333335 0.028703703703703703
0 0.8427083333333333 0.5481481481481482 0.027083333333333334 0.020370370370370372
0 0.8958333333333334 0.5518518518518518 0.017708333333333333 0.012962962962962963
0 0.8151041666666666 0.5523148148148148 0.011458333333333333 0.012037037037037037
0 0.87265625 0.5486111111111112 0.0171875 0.019444444444444445
0 0.80390625 0.5513888888888889 0.0140625 0.013888888888888888
0 0.75425 0.05090740740740741 0.013322916666666629 0.051268518518518526
1 0.1654010416666667 0.7780277777777778 0.04582291666666668 0.18053703703703705
0 0.5575520833333333 0.9939814814814815 0.025520833333333333 0.010185185185185186