0 0.5343849206349206 0.2159722222222222 0.08900132275132275 0.09519593253968252
1 0.6106547619047619 0.23405505952380953 0.13628968253968252 0.04703869047619047
0 0.74619708994709 0.005952380952380952 0.10813492063492064 0.011904761904761904
0 0.9384920634920635 0.007316468253968254 0.11772486772486772 0.014632936507936508
0 0.46726190476190477 0.2526041666666667 0.01455026455026455 0.035962301587301584
0 0.7800628306878307 0.2810416666666667 0.117962962962963 0.039218750000000024
1 0.6444609788359789 0.30748511904761905 0.12894841269841273 0.07319444444444442
0 0.5085978835978836 0.018849206349206348 0.09722222222222222 0.037698412698412696
0 0.5143683862433862 0.3682068452380952 0.07158399470899472 0.10039186507936512
0 0.6301289682539682 0.3785739087301587 0.10028108465608465 0.07978918650793651
0 0.9606481481481481 0.3814484126984127 0.07804232804232804 0.05505952380952381
0 0.7183201058201057 0.40970734126984126 0.047387566137566124 0.09576140873015876
0 0.4806547619047619 0.4104662698412698 0.04133597883597884 0.060515873015873016
0 0.8305919312169312 0.4469072420634921 0.1065873015873016 0.06103422619047623
0 0.4713955026455027 0.45783730158730157 0.022817460317460316 0.04017857142857143
1 0.5054563492063492 0.5380704365079365 0.09093915343915344 0.08308531746031746
0 0.9627976190476191 0.5482390873015873 0.07374338624338625 0.035962301587301584
0 0.9545304232804233 0.5695684523809523 0.060515873015873016 0.020089285714285716
0 0.720568783068783 0.023065476190476192 0.05026455026455026 0.046130952380952384
0 0.5947420634920635 0.037078373015873016 0.09358465608465609 0.07415674603174603
0 0.5024801587301587 0.048239087301587304 0.08498677248677249 0.03844246031746032
0 0.8538359788359788 0.05282738095238095 0.07208994708994709 0.1056547619047619
0 0.8006415343915345 0.05464781746031745 0.09297949735449738 0.0850421626984127
0 0.9485515873015873 0.05977678571428571 0.07795634920634914 0.08373015873015874
1 0.6677910052910053 0.060739087301587294 0.058766534391534404 0.12037450396825397
0 0.7616865079365079 0.09225694444444445 0.10326058201058204 0.07924603174603174
0 0.482473544973545 0.11210317460317461 0.04497354497354497 0.05803571428571429
0 0.5245238095238095 0.1148313492063492 0.06962962962962962 0.0617609126984127
0 0.6025661375661376 0.1297296626984127 0.08042989417989418 0.11120039682539681
0 0.5205026455026455 0.14211309523809523 0.12103174603174603 0.03422619047619048
0 0.5188492063492064 0.16154513888888888 0.07333002645502645 0.04006200396825396
0 0.7166699735449735 0.16835069444444445 0.072744708994709 0.08933531746031748
1 0.8122156084656086 0.19161954365079364 0.10952050264550266 0.09443948412698412
0 0.9930555555555556 0.19246031746031747 0.013227513227513227 0.09970238095238096
0 0.4781746031746032 0.2000248015873016 0.036375661375661374 0.057787698412698416
0 0.6590608465608465 0.7906746031746031 0.014384920634920634 0.015004960317460318