0 0.5664680000000001 0.02000799999999999 0.030780000000000005 0.03801066666666666
0 0.485 0.023333333333333334 0.03 0.0264
0 0.7076399999999999 0.029453333333333345 0.03798400000000002 0.04045066666666667
0 0.627516 0.038589333333333344 0.05137600000000002 0.02973066666666667
0 0.88534 0.039066666666666666 0.04221599999999998 0.03545866666666667
0 0.8293959999999999 0.041301333333333363 0.05053599999999997 0.03910666666666666
0 0.522304 0.04309866666666664 0.063644 0.029824000000000003
0 0.9439119999999999 0.044464000000000004 0.06973999999999997 0.018026666666666673
0 0.991 0.05026666666666667 0.0172 0.03333333333333333
0 0.697096 0.05181333333333332 0.05168800000000001 0.03325066666666667
0 0.745124 0.052378666666666684 0.05385599999999995 0.03360799999999999
0 0.66178 0.05681866666666665 0.028484000000000016 0.04431733333333334
0 0.5812 0.06185866666666667 0.041996000000000006 0.045234666666666666
0 0.49234400000000006 0.06389866666666663 0.028092000000000006 0.04454133333333333
0 0.62164 0.06569333333333331 0.03618000000000002 0.044784000000000004
0 0.9578880000000001 0.06787466666666665 0.043592000000000006 0.030546666666666663
0 0.4758 0.06906666666666667 0.0116 0.03573333333333333
0 0.533868 0.07540266666666666 0.04683600000000001 0.03958133333333334
0 0.726616 0.08123466666666669 0.06803599999999997 0.03306666666666667
0 0.6565 0.08804533333333335 0.06903599999999999 0.021298666666666667
0 0.490316 0.09735999999999997 0.031479999999999994 0.03718133333333335
0 0.547016 0.09735999999999997 0.069744 0.029058666666666674
0 0.7284639999999999 0.10543199999999997 0.07014400000000005 0.028232
0 0.572448 0.10664266666666669 0.06552799999999999 0.03327466666666666
0 0.655776 0.11110400000000002 0.0523 0.02112533333333334
0 0.813856 0.12510400000000002 0.04645200000000004 0.04860266666666666
0 0.62238 0.126456 0.036367999999999984 0.04898666666666668
0 0.9884 0.13 0.0224 0.0344
0 0.696112 0.132664 0.059988000000000014 0.03209866666666665
0 0.491784 0.135 0.038472000000000006 0.04176800000000001
0 0.5774199999999999 0.13609066666666664 0.03782399999999999 0.04364800000000002
0 0.854508 0.13687466666666667 0.04633199999999997 0.04578933333333334
0 0.755864 0.138064 0.04106800000000003 0.044479999999999985
0 0.9084720000000002 0.14262666666666665 0.031720000000000075 0.05149600000000002
0 0.672852 0.143072 0.061696 0.029197333333333336
0 0.533304 0.14428266666666664 0.04029200000000001 0.047637333333333316
0 0.509832 0.1523653333333333 0.0405 0.04891466666666668
0 0.594964 0.15688266666666664 0.03703600000000001 0.04764000000000001
0 0.784068 0.1584853333333333 0.0321 0.04368533333333332
0 0.6457360000000001 0.1648133333333333 0.06548400000000001 0.028231999999999972
0 0.719764 0.16762133333333332 0.07488800000000001 0.019794666666666672
0 0.988 0.1696 0.0232 0.024
0 0.798956 0.1795653333333333 0.052915999999999984 0.03314133333333333
0 0.7064520000000001 0.18685600000000002 0.026123999999999977 0.01926133333333334
0 0.6142559999999999 0.18865600000000002 0.026888000000000013 0.04974933333333332
0 0.8350639999999999 0.1914213333333333 0.03129200000000001 0.049471999999999995
0 0.503 0.19333333333333333 0.066 0.02666666666666667
0 0.641164 0.19904000000000002 0.032652 0.052221333333333314
0 0.5766319999999999 0.20456266666666664 0.057904 0.03147199999999999
0 0.731816 0.20916266666666664 0.05043199999999997 0.040685333333333316
0 0.548416 0.21820799999999999 0.028303999999999996 0.055605333333333326
0 0.513896 0.22039466666666668 0.03938399999999999 0.041096000000000035
0 0.76008 0.22426933333333332 0.07058400000000001 0.03295199999999998
0 0.4794 0.23066666666666666 0.0188 0.0336
0 0.588928 0.23490400000000003 0.04324000000000001 0.04747999999999999
0 0.9738 0.23733333333333334 0.0516 0.021333333333333333
0 0.70494 0.2510773333333333 0.07448800000000001 0.019109333333333357
0 0.495 0.2552 0.05 0.031466666666666664
0 0.6500520000000001 0.25604000000000005 0.041396 0.04747733333333332
0 0.8300639999999999 0.25626133333333334 0.08045200000000004 0.022095999999999973
0 0.553276 0.25634666666666667 0.065344 0.018829333333333306
0 0.9684 0.2601333333333333 0.0624 0.019466666666666667
0 0.7615360000000001 0.26938933333333337 0.04300799999999999 0.050986666666666645
0 0.4886 0.2784 0.0372 0.04106666666666667
0 0.62238 0.28311200000000003 0.025536000000000014 0.04733600000000003
0 0.578212 0.28401866666666664 0.06783600000000001 0.023952000000000015
0 0.724244 0.28515466666666667 0.025339999999999963 0.04615200000000001
0 0.521224 0.2880773333333333 0.056967999999999984 0.03470133333333336
0 0.687412 0.2953866666666667 0.03468400000000001 0.05238666666666665
0 0.6546639999999999 0.29889866666666665 0.031644000000000005 0.04360266666666673
0 0.892264 0.308384 0.037247999999999955 0.046759999999999975
0 0.8286720000000001 0.31339199999999995 0.07175200000000004 0.029370666666666632
0 0.600608 0.3149626666666667 0.06321599999999998 0.032973333333333354
0 0.4916 0.3157333333333333 0.0432 0.023466666666666667
0 0.7408399999999999 0.32076800000000005 0.050560000000000035 0.04412266666666668
0 0.5665319999999999 0.3426346666666667 0.046507999999999994 0.04770399999999997
0 0.8806560000000001 0.34637333333333337 0.07133999999999996 0.0199626666666667
0 0.9952 0.35013333333333335 0.0088 0.047466666666666664
0 0.611488 0.3596666666666667 0.03888800000000001 0.04792533333333328
0 0.662704 0.36920533333333333 0.044560000000000016 0.04981866666666671
0 0.52552 0.3695946666666667 0.07752 0.02716800000000003
0 0.9733720000000001 0.39240266666666673 0.04531200000000008 0.043509333333333296
0 0.811476 0.3944133333333334 0.051596 0.04225866666666661
0 0.701044 0.4107146666666666 0.04319200000000001 0.04271466666666662
0 0.587068 0.41522400000000004 0.06321199999999999 0.03404533333333335
0 0.5232559999999999 0.41889866666666664 0.043427999999999994 0.05041866666666671
0 0.6396 0.4412 0.0576 0.037066666666666664
0 0.7186 0.4478666666666667 0.0548 0.023733333333333332
0 0.5278 0.4484 0.0572 0.02266666666666667
0 0.7634 0.0028 0.0548 0.0056
0 0.7384 0.013733333333333334 0.0304 0.027466666666666667
0 0.661 0.011466666666666667 0.062 0.022933333333333333
0 0.8686 0.010533333333333334 0.0612 0.021066666666666668
0 0.5858 0.0136 0.0508 0.0272
0 0.5186 0.013333333333333334 0.062 0.02666666666666667
0 0.6618 0.013066666666666667 0.0324 0.026133333333333335
0 0.8048 0.016933333333333335 0.0304 0.03386666666666667
0 0.1464 0.5364 0.0086 0.023066666666666666
2 0.0698 0.694 0.0078 0.017866666666666666
0 0.1 0.7386666666666667 0.006 0.016533333333333334
0 0.2128 0.7464 0.0098 0.013333333333333334
0 0.2326 0.7484 0.0114 0.015466666666666667
0 0.2078 0.7590666666666667 0.006 0.016533333333333334
2 0.2164 0.7605333333333333 0.0068 0.016933333333333335
2 0.1952 0.7622666666666666 0.0096 0.019066666666666666
0 0.188 0.7669333333333334 0.007 0.0228
2 0.2416 0.7681333333333333 0.0076 0.022266666666666667
0 0.2 0.7706666666666667 0.0096 0.011466666666666667
2 0.2072 0.7801333333333333 0.011 0.014533333333333334
0 0.1968 0.7802666666666667 0.0056 0.0236
0 0.189 0.7849333333333334 0.0068 0.028533333333333334
0 0.1818 0.8050666666666667 0.008 0.0136
2 0.146 0.818 0.0102 0.0272
2 0.234 0.9330666666666667 0.008 0.031466666666666664
0 0.832 0.7046666666666667 0.068 0.14653333333333332
0 0.9514 0.7117333333333333 0.0964 0.1792
0 0.673 0.7285333333333334 0.0658 0.10653333333333333