0 0.9378913097921362 0.05119530897609382 0.1217129977460556 0.10239061795218764
0 0.8016078136739294 0.05811907983761836 0.14220385674931132 0.08613892647722149
0 0.42399198597545706 0.08367162832656744 0.04357625845229151 0.16734325665313488
0 0.6993463561232156 0.13221470455570586 0.08903831705484591 0.19376635092467295
0 0.8070523415977962 0.14771763644564728 0.09207613323315798 0.10901217861975644
0 0.913671424993739 0.14981055480378896 0.11197846230904085 0.07559765448804692
3 0.5678687703481092 0.14411366711772666 0.07187578261958427 0.27018493459630133
0 0.43501126972201354 0.15787099684258007 0.09015777610818933 0.09382047812359044
0 0.6730528424743301 0.1950834460983311 0.09191084397695969 0.16824537663509248
0 0.8021537690959178 0.2419936851601263 0.09366391184573003 0.07442489851150202
0 0.891435011269722 0.2460532250789355 0.09391435011269722 0.06630581867388363
0 0.6480090157776108 0.2469553450608931 0.08690207863761583 0.06450157870996842
0 0.8379664412722264 0.02322958953540821 0.08214375156523916 0.04645917907081642
0 0.4700726270974205 0.04172304916553902 0.06311044327573254 0.08344609833107804
2 0.16741798146756826 0.6824537663509247 0.008014024542950162 0.02999548940009021