0 0.5547395833333333 0.04869444444444442 0.02527604166666665 0.05171296296296296
0 0.7632864583333333 0.055879629629629654 0.02609895833333328 0.04124074074074073
2 0.765890625 0.19738888888888884 0.020885416666666618 0.043805555555555556
2 0.7914218749999999 0.20041666666666672 0.028786458333333324 0.030805555555555537
2 0.5533489583333334 0.24264814814814809 0.023885416666666673 0.04517592592592592
0 0.5776614583333334 0.29110185185185183 0.02318749999999999 0.05319444444444449
2 0.5629010416666667 0.34988888888888886 0.020218749999999997 0.0466944444444444
0 0.278375 0.6993055555555555 0.025125000000000005 0.04366666666666664
0 0.01088541666666667 0.7090277777777778 0.019234375000000005 0.0316296296296296
0 0.31327604166666667 0.7150462962962963 0.022005208333333335 0.03811111111111108
0 0.179484375 0.7326388888888888 0.017447916666666667 0.032555555555555525
0 0.3775260416666667 0.7330092592592592 0.01264062499999999 0.03731481481481477
2 0.36728124999999995 0.7685555555555555 0.024598958333333344 0.026333333333333382
0 0.34708854166666664 0.7829166666666666 0.011640624999999953 0.039212962962962984
0 0.38495833333333335 0.7854907407407408 0.009671874999999967 0.04706481481481485
0 0.453125 0.7861111111111111 0.0125 0.03148148148148148
0 0.3667447916666667 0.8158888888888889 0.02127083333333329 0.048666666666666615
0 0.3088489583333333 0.8491388888888889 0.016276041666666668 0.04000000000000004
0 0.3230625 0.8683333333333333 0.025880208333333363 0.03234259259259255
2 0.248765625 0.9301388888888888 0.02680208333333335 0.04978703703703702
0 0.5064375 0.6434351851851852 0.019786458333333336 0.05785185185185187