0 0.8464114583333334 0.1706296296296296 0.02109375 0.052990740740740755
0 0.6585364583333334 0.2985462962962963 0.017677083333333333 0.044009259259259234
0 0.974734375 0.3051851851851852 0.02582812499999996 0.020861111111111087
0 0.8243645833333333 0.4326388888888889 0.01814062500000002 0.03625925925925923
0 0.690921875 0.45392592592592595 0.020619791666666668 0.03439814814814813
0 0.9921875 0.4976851851851852 0.014583333333333334 0.032407407407407406
0 0.8213541666666667 0.5078703703703704 0.015625 0.041666666666666664
0 0.05422395833333334 0.887287037037037 0.013807291666666662 0.043703703703703745
0 0.10388541666666669 0.9733796296296297 0.020937499999999994 0.049240740740740696
2 0.829 0.7492962962962963 0.01842708333333333 0.04736111111111109
0 0.78784375 0.7588611111111112 0.015312499999999988 0.04056481481481479
2 0.8586041666666666 0.7605648148148147 0.02308333333333336 0.04211111111111113
0 0.80703125 0.78 0.00922916666666668 0.03655555555555557
0 0.7954843749999999 0.7983703703703704 0.012531249999999971 0.035972222222222246
0 0.8122447916666666 0.8213611111111112 0.01160937499999998 0.03875925925925927
2 0.8230989583333332 0.8222777777777778 0.019770833333333352 0.05443518518518515