0 0.17239583333333333 0.5319444444444444 0.014583333333333334 0.025
0 0.22211458333333337 0.6085648148148148 0.020937500000000022 0.049240740740740745
0 0.039796874999999995 0.6371111111111111 0.018708333333333337 0.06002777777777776
0 0.11645312499999999 0.6929722222222222 0.02059375000000001 0.04212037037037038
0 0.14024479166666665 0.7025370370370371 0.025104166666666674 0.06124999999999998
2 0.3559427083333333 0.7027314814814816 0.016427083333333314 0.0375185185185185
0 0.5539322916666667 0.7134907407407408 0.025843749999999943 0.02205555555555555
0 0.38665625 0.7171203703703704 0.024385416666666635 0.02199074074074074
0 0.37000520833333334 0.7210833333333333 0.013843749999999962 0.037620370370370367
2 0.3484166666666667 0.7339351851851852 0.016546874999999992 0.031740740740740715
0 0.20466145833333335 0.7341666666666666 0.015010416666666693 0.05228703703703706
0 0.5218125 0.7412685185185186 0.027588541666666622 0.033157407407407385
2 0.382140625 0.7587592592592592 0.016796875 0.04244444444444447
0 0.34516145833333334 0.7588703703703704 0.0246458333333333 0.020398148148148124
0 0.409296875 0.7718240740740742 0.029708333333333316 0.042407407407407394
0 0.17444791666666667 0.7759907407407408 0.029604166666666685 0.02296296296296292
0 0.3376927083333333 0.7849814814814815 0.027296875000000043 0.02597222222222218
0 0.24451041666666667 0.7974351851851852 0.02385416666666664 0.049185185185185186
0 0.28931250000000003 0.8187314814814814 0.030093749999999985 0.036222222222222225
0 0.085546875 0.8235092592592592 0.01782812500000001 0.04763888888888893
0 0.435171875 0.8696481481481482 0.0137083333333333 0.04546296296296298