0 0.3307291666666667 0.14583333333333334 0.2520833333333333 0.1259259259259259
0 0.8096354166666667 0.16157407407407406 0.25052083333333336 0.11898148148148148
3 0.5263020833333333 0.24212962962962964 0.15572916666666667 0.36666666666666664
0 0.6072916666666667 0.038425925925925926 0.17890625 0.0763888888888889
0 0.26223958333333336 0.3921296296296296 0.12447916666666667 0.11388888888888889
0 0.3723958333333333 0.399537037037037 0.11328125 0.10046296296296296
0 0.08989062499999999 0.8295462962962963 0.028932291666666672 0.04860185185185186
0 0.54453125 0.46064814814814814 0.0265625 0.021296296296296296
0 0.66634375 0.5702962962962964 0.036479166666666646 0.030101851851851845
0 0.34207291666666667 0.6014722222222222 0.021442708333333328 0.040592592592592625
0 0.41847395833333334 0.6392685185185185 0.016781250000000015 0.029157407407407417
0 0.318546875 0.6400462962962963 0.023708333333333324 0.039962962962962936
0 0.68553125 0.643287037037037 0.015473958333333352 0.05199999999999997
0 0.5023020833333333 0.6886296296296297 0.018072916666666692 0.03722222222222224
2 0.6558697916666667 0.7003888888888888 0.011854166666666662 0.02944444444444443
0 0.4248958333333333 0.7031481481481481 0.02454166666666667 0.04211111111111113
0 0.6345677083333333 0.7110277777777777 0.012505208333333328 0.04029629629629628
2 0.5091875 0.7171851851851851 0.02226041666666667 0.048240740740740765
0 0.524625 0.720462962962963 0.019562499999999972 0.050129629629629614
2 0.544578125 0.72525 0.01996354166666663 0.04634259259259255
0 0.5345572916666667 0.7590925925925927 0.02897916666666672 0.024074074074074074
0 0.33903645833333335 0.7827685185185185 0.020229166666666683 0.04578703703703708