2 0.7813437499999999 0.8638055555555555 0.017515625000000055 0.043046296296296305
2 0.8623437500000001 0.8833981481481482 0.01735937499999996 0.05445370370370365
2 0.7628489583333333 0.8852500000000001 0.014906249999999944 0.05074999999999995
0 0.7473958333333334 0.8988333333333334 0.011838541666666676 0.04059259259259257
0 0.8211041666666666 0.9076296296296297 0.017874999999999967 0.03226851851851849
2 0.58321875 0.9088611111111111 0.032901041666666644 0.04797222222222217
0 0.7812552083333333 0.9267685185185185 0.014953125000000018 0.016222222222222204
0 0.7119739583333333 0.9307777777777778 0.025656249999999995 0.03412037037037029
0 0.8234479166666666 0.9335462962962963 0.02431770833333336 0.038083333333333434
2 0.7280364583333333 0.9500555555555555 0.0171510416666667 0.05073148148148145
0 0.7936666666666667 0.9566944444444445 0.026583333333333313 0.03623148148148158
2 0.7684895833333333 0.9805555555555555 0.016145833333333335 0.037037037037037035