0 0.7955729166666666 0.13387037037037042 0.010552083333333328 0.0279351851851852
0 0.8382864583333334 0.13973148148148146 0.012651041666666647 0.031018518518518518
1 0.24817708333333333 0.6291666666666667 0.058854166666666666 0.09722222222222222
0 0.6752604166666667 0.7101851851851851 0.03046875 0.049074074074074076
0 0.9526041666666667 0.725 0.02578125 0.03287037037037037
0 0.8981770833333333 0.7574074074074074 0.027083333333333334 0.033796296296296297
0 0.528125 0.7597222222222222 0.03125 0.03796296296296296
0 0.7984375 0.7680555555555556 0.0328125 0.04814814814814815
0 0.74453125 0.7754629629629629 0.03411458333333333 0.032407407407407406
0 0.7145833333333333 0.7828703703703703 0.03333333333333333 0.05
0 0.6846354166666667 0.3912037037037037 0.03619791666666667 0.03935185185185185