0 0.7876927083333333 0.09604629629629631 0.013755208333333376 0.03940740740740741
0 0.7861875 0.13287037037037036 0.01954166666666666 0.025203703703703728
0 0.7669166666666667 0.13605555555555554 0.020390625000000048 0.019444444444444445
0 0.7270416666666667 0.1406851851851852 0.010770833333333337 0.044749999999999984
0 0.7420260416666667 0.14480555555555555 0.01967187499999999 0.023351851851851877
0 0.7636197916666667 0.1598240740740741 0.020041666666666676 0.031166666666666638
0 0.26917708333333334 0.9184351851851852 0.03277083333333334 0.026370370370370388
0 0.5247395833333334 0.6203148148148149 0.028406250000000004 0.032351851851851875
0 0.5696718749999999 0.6232777777777778 0.02319270833333332 0.048407407407407385
2 0.6127395833333333 0.7135555555555555 0.01662499999999998 0.03795370370370371
0 0.6203906250000001 0.7614444444444445 0.019088541666666656 0.04374074074074075
0 0.6431354166666667 0.7637685185185186 0.017031250000000022 0.03104629629629627
0 0.7234479166666666 0.7712314814814815 0.01555208333333331 0.05441666666666665
0 0.6778020833333334 0.7727037037037037 0.02059895833333331 0.053157407407407375
0 0.5961406250000001 0.7965833333333333 0.017177083333333343 0.04596296296296295
0 0.5843697916666667 0.8280555555555555 0.008374999999999992 0.045537037037036994