2 0.7865634005763689 0.2753623188405797 0.11203170028818443 0.11495388669301712
2 0.24171469740634005 0.747364953886693 0.027737752161383286 0.033267457180500656
0 0.13526657060518732 0.7625164690382081 0.016210374639769452 0.029644268774703556
0 0.33987752161383283 0.7631752305665349 0.01440922190201729 0.019104084321475624
0 0.29394812680115273 0.764163372859025 0.01585014409221902 0.03194993412384717
0 0.3204250720461095 0.7845849802371542 0.02575648414985591 0.032279314888010543
2 0.14067002881844382 0.6376811594202898 0.024135446685878963 0.03557312252964427
2 0.04340778097982709 0.8132411067193676 0.018371757925072046 0.03590250329380764
0 0.07312680115273776 0.8738471673254282 0.015309798270893371 0.027009222661396576
2 0.3414985590778098 0.8804347826086957 0.025036023054755042 0.04117259552042161
2 0.19758645533141211 0.8936100131752306 0.021073487031700287 0.03260869565217391
2 0.11257204610951009 0.9235836627140975 0.03602305475504323 0.045454545454545456
0 0.0668227665706052 0.9380764163372859 0.027197406340057635 0.025362318840579712
2 0.20695244956772335 0.9736495388669302 0.02197406340057637 0.04808959156785244
0 0.30421469740634005 0.9766139657444005 0.0234149855907781 0.027997364953886692
0 0.022154178674351585 0.6604084321475626 0.02053314121037464 0.03194993412384717
0 0.20371037463976946 0.6699604743083004 0.012247838616714697 0.02404479578392622
0 0.3604106628242075 0.6897233201581028 0.02053314121037464 0.036561264822134384
2 0.1784942363112392 0.7252964426877471 0.03620317002881844 0.04117259552042161