0 0.7299479166666667 0.0712962962962963 0.07135416666666666 0.1425925925925926
0 0.78359375 0.0787037037037037 0.044270833333333336 0.1574074074074074
0 0.63046875 0.07731481481481481 0.021354166666666667 0.14351851851851852
0 0.8287656250000001 0.08214814814814815 0.06236979166666667 0.13465740740740742
0 0.8751145833333334 0.11384259259259258 0.05570312500000003 0.17810185185185187
0 0.9924479166666667 0.15185185185185185 0.0140625 0.17592592592592593
0 0.6677083333333333 0.18796296296296297 0.09583333333333334 0.1
0 0.7665260416666667 0.19180555555555553 0.09493749999999998 0.10460185185185188
0 0.7041354166666667 0.2441574074074074 0.12119270833333334 0.0540277777777778
0 0.9419270833333333 0.25462962962962965 0.11510416666666666 0.08333333333333333
0 0.65 0.008333333333333333 0.04479166666666667 0.016666666666666666
0 0.7080052083333332 0.30647222222222226 0.11023958333333332 0.06041666666666667
3 0.8088541666666667 0.3101851851851852 0.08541666666666667 0.1962962962962963
0 0.6388020833333333 0.3458333333333333 0.03802083333333333 0.125
0 0.9700520833333334 0.3490740740740741 0.058854166666666666 0.11851851851851852
0 0.9263020833333333 0.36712962962962964 0.10989583333333333 0.0824074074074074
0 0.6838541666666667 0.05416666666666667 0.06666666666666667 0.10833333333333334
0 0.8223958333333333 0.5879629629629629 0.008333333333333333 0.025
0 0.8385416666666666 0.5949074074074074 0.01328125 0.009722222222222222
0 0.9182291666666667 0.5976851851851852 0.0049479166666666664 0.030555555555555555
0 0.9442708333333333 0.5990740740740741 0.0125 0.016666666666666666
0 0.84765625 0.6055555555555555 0.009635416666666667 0.02638888888888889
0 0.884375 0.6060185185185185 0.008072916666666667 0.024074074074074074
0 0.7109375 0.6097222222222223 0.0125 0.013888888888888888
0 0.8041666666666667 0.6111111111111112 0.0067708333333333336 0.025
0 0.6638020833333333 0.6171296296296296 0.009895833333333333 0.014351851851851852
0 0.95078125 0.6199074074074075 0.007552083333333333 0.02638888888888889
0 0.72578125 0.6222222222222222 0.01171875 0.013888888888888888
0 0.9921875 0.6319444444444444 0.014322916666666666 0.03287037037037037
0 0.8143229166666667 0.6439814814814815 0.008333333333333333 0.029166666666666667
0 0.7533854166666667 0.43425925925925923 0.011458333333333333 0.025925925925925925
0 0.7135416666666666 0.6467592592592593 0.0067708333333333336 0.03888888888888889
0 0.8893229166666666 0.649074074074074 0.0078125 0.017592592592592594
0 0.8807291666666667 0.6620370370370371 0.008072916666666667 0.017592592592592594
0 0.91171875 0.6652777777777777 0.0125 0.009722222222222222
0 0.8192708333333333 0.6768518518518518 0.00625 0.017592592592592594
0 0.971875 0.6796296296296296 0.0171875 0.01898148148148148
0 0.6903645833333333 0.6800925925925926 0.010416666666666666 0.018055555555555554
0 0.76328125 0.6800925925925926 0.005989583333333334 0.017592592592592594
0 0.8598958333333333 0.6851851851851852 0.013020833333333334 0.017592592592592594
0 0.91953125 0.6861111111111111 0.010677083333333334 0.02175925925925926
0 0.6703125 0.6888888888888889 0.0109375 0.018055555555555554
0 0.9716145833333333 0.6930555555555555 0.01015625 0.020370370370370372
0 0.8497395833333333 0.6944444444444444 0.012239583333333333 0.017592592592592594
0 0.86875 0.4388888888888889 0.00703125 0.014351851851851852
0 0.9013020833333333 0.7018518518518518 0.009114583333333334 0.020370370370370372
0 0.8622395833333333 0.44027777777777777 0.007291666666666667 0.03564814814814815
0 0.9260416666666667 0.7157407407407408 0.010677083333333334 0.02546296296296296
0 0.7859375 0.7212962962962963 0.011979166666666667 0.02175925925925926
0 0.7044270833333334 0.7236111111111111 0.013541666666666667 0.01898148148148148
0 0.7481770833333333 0.7245370370370371 0.0049479166666666664 0.022685185185185187
0 0.6567708333333333 0.7277777777777777 0.0067708333333333336 0.033796296296296297
0 0.6388020833333333 0.7282407407407407 0.0109375 0.02175925925925926
0 0.8104166666666667 0.7287037037037037 0.006510416666666667 0.02824074074074074
0 0.9044270833333333 0.7324074074074074 0.0109375 0.020833333333333332
0 0.7080729166666667 0.7402777777777778 0.0109375 0.016203703703703703
0 0.7356770833333334 0.7416666666666667 0.012760416666666666 0.016666666666666666
0 0.7549479166666667 0.7458333333333333 0.009635416666666667 0.013425925925925926
0 0.80703125 0.44351851851851853 0.004427083333333333 0.011111111111111112
0 0.7859375 0.7490740740740741 0.007291666666666667 0.017592592592592594
0 0.8770833333333333 0.750462962962963 0.0036458333333333334 0.020370370370370372
0 0.9122395833333333 0.750462962962963 0.011979166666666667 0.025925925925925925
0 0.8671875 0.7601851851851852 0.004427083333333333 0.02361111111111111
0 0.6770833333333334 0.7652777777777777 0.0078125 0.03009259259259259
0 0.75078125 0.7680555555555556 0.004427083333333333 0.018055555555555554
0 0.9606770833333333 0.7689814814814815 0.01328125 0.017592592592592594
0 0.8755208333333333 0.7731481481481481 0.01015625 0.023148148148148147
0 0.6627604166666666 0.7736111111111111 0.0109375 0.021296296296296296
0 0.7044270833333334 0.7796296296296297 0.0125 0.022685185185185187
0 0.8986979166666667 0.7842592592592592 0.007291666666666667 0.02962962962962963
0 0.6848958333333334 0.7921296296296296 0.00546875 0.012962962962962963
0 0.940625 0.7925925925925926 0.01484375 0.022685185185185187
0 0.7684895833333333 0.7925925925925926 0.0046875 0.043055555555555555
0 0.8484375 0.7949074074074074 0.0109375 0.027777777777777776
0 0.63828125 0.7972222222222223 0.009635416666666667 0.020833333333333332
0 0.8255208333333334 0.7976851851851852 0.014322916666666666 0.019444444444444445
0 0.621875 0.799074074074074 0.004166666666666667 0.016666666666666666
0 0.8346354166666666 0.8023148148148148 0.013020833333333334 0.020833333333333332
0 0.8744791666666667 0.8083333333333333 0.009895833333333333 0.018518518518518517
0 0.92421875 0.8097222222222222 0.015364583333333333 0.01898148148148148
0 0.7432291666666667 0.8106481481481481 0.010677083333333334 0.01712962962962963
0 0.80390625 0.8162037037037037 0.005729166666666666 0.031018518518518518
0 0.6619791666666667 0.8245370370370371 0.012760416666666666 0.014814814814814815
0 0.9760416666666667 0.825925925925926 0.00625 0.013425925925925926
0 0.8309895833333333 0.8388888888888889 0.005989583333333334 0.018518518518518517
0 0.8606770833333334 0.8430555555555556 0.013802083333333333 0.01712962962962963
0 0.9421875 0.8486111111111111 0.010416666666666666 0.01712962962962963
0 0.8190104166666666 0.850462962962963 0.010677083333333334 0.016666666666666666
0 0.7502604166666667 0.4550925925925926 0.0109375 0.018055555555555554
0 0.7299479166666667 0.8652777777777778 0.012239583333333333 0.019444444444444445
0 0.8 0.8657407407407407 0.012760416666666666 0.021296296296296296
0 0.72265625 0.8662037037037037 0.009635416666666667 0.016666666666666666
0 0.6799479166666667 0.8726851851851852 0.01171875 0.03287037037037037
0 0.9065104166666667 0.8736111111111111 0.008072916666666667 0.017592592592592594
0 0.8684895833333334 0.875462962962963 0.0140625 0.016666666666666666
0 0.94140625 0.875462962962963 0.01171875 0.02638888888888889
0 0.953125 0.8763888888888889 0.010416666666666666 0.01898148148148148
0 0.8890625 0.8763888888888889 0.009895833333333333 0.016666666666666666
0 0.7052083333333333 0.8777777777777778 0.008854166666666666 0.034722222222222224
0 0.853125 0.8791666666666667 0.01171875 0.018055555555555554
0 0.9692708333333333 0.8824074074074074 0.016666666666666666 0.015277777777777777
0 0.9505208333333334 0.8824074074074074 0.007552083333333333 0.028703703703703703
0 0.69765625 0.8856481481481482 0.0078125 0.030555555555555555
0 0.9356770833333333 0.8870370370370371 0.008072916666666667 0.024537037037037038
0 0.8166666666666667 0.8893518518518518 0.008072916666666667 0.022685185185185187
0 0.8268229166666666 0.8902777777777777 0.009895833333333333 0.011574074074074073
0 0.9661458333333334 0.8907407407407407 0.007552083333333333 0.020370370370370372
0 0.640625 0.8981481481481481 0.007291666666666667 0.014351851851851852
0 0.8880208333333334 0.9046296296296297 0.011197916666666667 0.031018518518518518
0 0.9692708333333333 0.913425925925926 0.00625 0.013888888888888888
0 0.84609375 0.9138888888888889 0.004166666666666667 0.01574074074074074
0 0.78828125 0.9171296296296296 0.01328125 0.011574074074074073
0 0.9307291666666667 0.9180555555555555 0.0125 0.013888888888888888
0 0.68046875 0.9189814814814815 0.0140625 0.01712962962962963
0 0.8005208333333333 0.924537037037037 0.005729166666666666 0.023148148148148147
0 0.840625 0.9263888888888889 0.0046875 0.020370370370370372
0 0.8752604166666667 0.9263888888888889 0.01171875 0.02546296296296296
0 0.7854166666666667 0.9277777777777778 0.007552083333333333 0.01712962962962963
0 0.6971354166666667 0.9296296296296296 0.00625 0.025
0 0.7151041666666667 0.9347222222222222 0.011979166666666667 0.017592592592592594
0 0.8229166666666666 0.9388888888888889 0.012239583333333333 0.01574074074074074
0 0.9338541666666667 0.9388888888888889 0.0049479166666666664 0.013425925925925926
0 0.725 0.9476851851851852 0.009895833333333333 0.01712962962962963
0 0.7013020833333333 0.46435185185185185 0.005729166666666666 0.022685185185185187
0 0.6796875 0.9578703703703704 0.009635416666666667 0.029166666666666667
0 0.75390625 0.9629629629629629 0.006510416666666667 0.01712962962962963
0 0.73125 0.9662037037037037 0.011979166666666667 0.015277777777777777
0 0.8984375 0.9671296296296297 0.00625 0.018055555555555554
0 0.7846354166666667 0.9708333333333333 0.00625 0.011574074074074073
0 0.8502604166666666 0.9768518518518519 0.010677083333333334 0.014814814814814815
0 0.69921875 0.9805555555555555 0.0078125 0.011574074074074073
0 0.8854166666666666 0.4675925925925926 0.0067708333333333336 0.012962962962962963
0 0.82578125 0.46805555555555556 0.012760416666666666 0.012962962962962963
0 0.7760416666666666 0.9925925925925926 0.00859375 0.010185185185185186
0 0.7096354166666666 0.9921296296296296 0.008854166666666666 0.013888888888888888
0 0.69375 0.9944444444444445 0.006510416666666667 0.010648148148148148
0 0.9794270833333333 0.4166666666666667 0.0140625 0.014814814814814815
0 0.85625 0.41712962962962963 0.01015625 0.01574074074074074
0 0.99140625 0.4824074074074074 0.0125 0.01990740740740741
0 0.7791666666666667 0.48333333333333334 0.01328125 0.014351851851851852
0 0.9075520833333334 0.4842592592592593 0.00546875 0.018055555555555554
0 0.65859375 0.48657407407407405 0.011197916666666667 0.012037037037037037
0 0.9809895833333333 0.48842592592592593 0.012760416666666666 0.015277777777777777
0 0.746875 0.4888888888888889 0.01015625 0.02638888888888889
0 0.7947916666666667 0.4898148148148148 0.01484375 0.01712962962962963
0 0.9270833333333334 0.49166666666666664 0.010677083333333334 0.021296296296296296
0 0.87265625 0.4185185185185185 0.011197916666666667 0.018518518518518517
0 0.63984375 0.4976851851851852 0.013541666666666667 0.01990740740740741
0 0.80625 0.49907407407407406 0.010416666666666666 0.017592592592592594
0 0.8143229166666667 0.5055555555555555 0.009375 0.018055555555555554
0 0.9940104166666667 0.513425925925926 0.01015625 0.02546296296296296
0 0.8526041666666667 0.5194444444444445 0.0049479166666666664 0.01574074074074074
0 0.6421875 0.5305555555555556 0.00703125 0.023148148148148147
0 0.6234375 0.5342592592592592 0.007291666666666667 0.014351851851851852
0 0.8325520833333333 0.5375 0.0049479166666666664 0.015277777777777777
0 0.8916666666666667 0.5439814814814815 0.008072916666666667 0.02824074074074074
0 0.8403645833333333 0.5462962962962963 0.00625 0.01990740740740741
0 0.9684895833333333 0.5569444444444445 0.013541666666666667 0.016203703703703703
0 0.7221354166666667 0.5592592592592592 0.00546875 0.018518518518518517
0 0.8877604166666667 0.5592592592592592 0.008333333333333333 0.012962962962962963
0 0.8755208333333333 0.5615740740740741 0.005729166666666666 0.016203703703703703
0 0.7989583333333333 0.5648148148148148 0.00625 0.020833333333333332
0 0.8098958333333334 0.5675925925925925 0.0067708333333333336 0.02361111111111111