0 0.5608 0.2202463605823068 0.07845200000000005 0.09434490481522956
0 0.9804 0.2236842105263158 0.0384 0.10806270996640538
0 0.453904 0.2696976483762598 0.16865599999999997 0.16711086226203808
0 0.811156 0.27964165733482643 0.14217199999999994 0.2392665173572228
0 0.6410359999999999 0.2920884658454648 0.07358799999999992 0.17456886898096302
0 0.6424 0.4039753639417693 0.0704 0.13045912653975364
0 0.5362 0.4053751399776036 0.1044 0.1276595744680851
0 0.6768 0.45156774916013437 0.0648 0.03527435610302351
0 0.5518 0.07866741321388578 0.0708 0.15733482642777155
0 0.4294 0.10106382978723404 0.1164 0.20212765957446807
2 0.087852 0.8251511758118701 0.01381199999999999 0.03701567749160129
2 0.16059600000000002 0.8710582306830907 0.0145 0.041483762597984274
0 0.7248 0.5218365061590146 0.0436 0.05851063829787234
0 0.7986 0.5403135498320268 0.0628 0.03499440089585666
0 0.7428 0.4798432250839866 0.059 0.01931690929451288
0 0.6194 0.5828667413213886 0.0652 0.043952967525195966
0 0.7504 0.5923852183650616 0.052 0.06494960806270997
0 0.6932 0.6293393057110862 0.0296 0.06522956326987682
0 0.7854 0.6486562150055991 0.0332 0.0635498320268757
0 0.6012 0.648936170212766 0.0374 0.06914893617021277
0 0.5006 0.7024076147816349 0.0488 0.05459126539753639
0 0.7294 0.7046472564389697 0.0552 0.055991041433370664
0 0.537 0.7102463605823068 0.0246 0.062989921612542
0 0.4686 0.7259238521836506 0.046 0.055431131019036954
0 0.8676 0.7326427771556551 0.0488 0.05767077267637178
0 0.6272 0.7343225083986562 0.0514 0.04759238521836506
0 0.3416 0.7541993281075028 0.0348 0.027435610302351622
0 0.304 0.7553191489361702 0.0372 0.03499440089585666
0 0.392 0.7564389697648376 0.0316 0.026875699888017916
0 0.7798 0.7603583426651735 0.0752 0.03583426651735722
0 0.6462 0.761478163493841 0.0768 0.024356103023516238
0 0.8894 0.7631578947368421 0.0552 0.017637178051511757
0 0.5094 0.7651175811870101 0.0408 0.04507278835386338
0 0.4382 0.7737961926091825 0.0492 0.037513997760358346
0 0.6732 0.7791153415453528 0.0686 0.026035834266517358
0 0.532 0.7844344904815229 0.0548 0.025195968645016796
0 0.5846 0.7931131019036954 0.0408 0.04759238521836506
0 0.6474 0.8090705487122061 0.07 0.04227323628219485
0 0.5046 0.8351063829787234 0.0618 0.031075027995520716