2 0.79817578125 0.30185416666666665 0.013675781249999996 0.013630208333333371
0 0.78499609375 0.30330208333333336 0.01102343750000001 0.015135416666666639
0 0.76354296875 0.309296875 0.010843749999999996 0.01491145833333339
0 0.7743359375 0.3121041666666667 0.012367187499999998 0.015895833333333324
0 0.84655859375 0.3128854166666667 0.013414062500000013 0.030130208333333287
0 0.7043515625 0.31505208333333334 0.013457031249999996 0.01899479166666668
0 0.786515625 0.31569270833333335 0.008343750000000006 0.0156614583333333
0 0.7758125 0.32779166666666665 0.012714843749999993 0.024119791666666637
0 0.69334765625 0.3324166666666667 0.0137578125 0.027531249999999948
0 0.740296875 0.34144270833333334 0.022496093750000012 0.013645833333333357
0 0.6771484375 0.36666666666666664 0.014453125 0.01875
2 0.10212109375 0.8979374999999999 0.018703124999999998 0.029552083333333336
0 0.717890625 0.8577343749999999 0.0782734375 0.084640625
0 0.8349765625 0.8765468750000001 0.04823046875000001 0.14424479166666668
0 0.9105039062500001 0.8808697916666667 0.10030078125 0.08315625000000004
0 0.9517578125 0.9315104166666667 0.081640625 0.1359375
0 0.8078125 0.4981770833333333 0.053125 0.05677083333333333
0 0.846875 0.5174479166666667 0.04140625 0.0953125
0 0.9372109375000001 0.5375989583333334 0.04165625000000004 0.12056770833333334
0 0.8931523437500001 0.5461354166666667 0.03947265624999998 0.09770833333333334
1 0.7177734375 0.6299479166666667 0.095703125 0.20364583333333333
0 0.9649843749999999 0.631765625 0.05383593749999997 0.1648072916666667
1 0.86828515625 0.6374322916666666 0.11832812500000003 0.176296875
1 0.78572265625 0.725359375 0.16315625000000003 0.1662291666666667
1 0.7356875 0.756625 0.08522265624999999 0.17401562500000003
1 0.9197265625 0.779046875 0.12221875000000001 0.13438541666666665