0 0.61953125 0.17916666666666667 0.019270833333333334 0.04722222222222222
0 0.7235364583333334 0.2473611111111111 0.026640624999999987 0.03119444444444447
0 0.6349739583333334 0.2551111111111111 0.01068229166666667 0.024296296296296305
0 0.6992083333333333 0.2558148148148148 0.025520833333333333 0.012601851851851864
0 0.65003125 0.2589166666666667 0.009421875000000001 0.03359259259259257
2 0.6184895833333334 0.25925925925925924 0.0171875 0.027777777777777776
2 0.6683385416666667 0.2644722222222222 0.031776041666666664 0.03414814814814814
2 0.6971822916666668 0.2836296296296297 0.024640625000000003 0.043722222222222246
0 0.6182291666666667 0.2916666666666667 0.016666666666666666 0.03888888888888889
0 0.6343802083333333 0.29518518518518516 0.017609375 0.04135185185185182
0 0.11725520833333333 0.7281481481481481 0.03150000000000001 0.02728703703703706