0 0.8244204961366409 0.10288461538461538 0.029686864579097194 0.027884615384615386
0 0.8647824318828792 0.10416666666666667 0.04046360309068727 0.02403846153846154
0 0.9047376982513217 0.13141025641025642 0.028365189101260676 0.0375
0 0.8600040666937779 0.18108974358974358 0.03304188694591297 0.01955128205128205
0 0.8055103700691338 0.18653846153846154 0.015148434322895485 0.046794871794871795
0 0.7110614070760471 0.19262820512820514 0.011488409922732819 0.02564102564102564
0 0.5640504270028467 0.20608974358974358 0.026331842212281416 0.0266025641025641
0 0.7984953233021553 0.22564102564102564 0.024196827978853194 0.03205128205128205
0 0.7404432696217975 0.24583333333333332 0.02175681171207808 0.03461538461538462
0 0.9389995933306222 0.25961538461538464 0.026738511590077268 0.020833333333333332
0 0.8224888165921106 0.2637820512820513 0.013623424156161041 0.03493589743589744
0 0.8934526230174867 0.38237179487179485 0.020841805612037415 0.03397435897435897
0 0.7523383489223261 0.3935897435897436 0.024400162667751118 0.027564102564102563
0 0.7125864172427816 0.41474358974358977 0.01057340382269215 0.017628205128205128
0 0.7598617324115494 0.4323717948717949 0.013013420089467263 0.013461538461538462
0 0.6139690931272875 0.06025641025641026 0.021858479056527044 0.026923076923076925