0 0.5269510582010583 0.20399305555555555 0.0539021164021164 0.0954861111111111
1 0.5855224867724867 0.22215029761904762 0.13628968253968254 0.0470386904761905
0 0.7549305555555555 0.26913690476190477 0.11796296296296298 0.039218750000000024
1 0.6193287037037036 0.29558035714285713 0.12894841269841273 0.07319444444444442
0 0.5125661375661376 0.3478422619047619 0.02513227513227513 0.0835813492063492
0 0.6049933862433863 0.35813492063492064 0.10085978835978836 0.06299603174603174
0 0.9452711640211641 0.3658234126984127 0.09755291005291006 0.047619047619047616
0 0.6931216931216931 0.3696676587301587 0.047619047619047616 0.03993055555555555
0 0.6954365079365079 0.01711309523809524 0.05026455026455026 0.03422619047619048
0 0.5696097883597884 0.031125992063492064 0.09358465608465609 0.06225198412698413
0 0.8287037037037037 0.046875 0.07208994708994709 0.09375
0 0.7755092592592594 0.04274305555555555 0.09297949735449738 0.0850421626984127
0 0.9234193121693122 0.0478720238095238 0.07795634920634914 0.08373015873015874
1 0.642691798941799 0.054563492063492064 0.05919312169312169 0.10912698412698413
0 0.7365542328042328 0.08035218253968254 0.10326058201058201 0.07924603174603174
0 0.5171957671957672 0.1029265873015873 0.03439153439153439 0.062003968253968256
0 0.5774338624338624 0.11782490079365081 0.08042989417989418 0.11120039682539681
0 0.5279431216931217 0.13020833333333334 0.05588624338624339 0.03422619047619048
0 0.5152116402116402 0.14967757936507936 0.03042328042328042 0.040426587301587304
0 0.6915376984126984 0.15644593253968253 0.072744708994709 0.08933531746031748
1 0.7870833333333335 0.17971478174603175 0.10952050264550266 0.09443948412698412
0 0.980489417989418 0.18055555555555555 0.03835978835978836 0.09970238095238096
0 0.05952380952380952 0.6768353174603174 0.01240079365079365 0.02628968253968254
2 0.11028439153439154 0.6793154761904762 0.013888888888888888 0.024429563492063492
2 0.22883597883597884 0.7165178571428571 0.009259259259259259 0.028893849206349208
0 0.20816798941798942 0.7223462301587301 0.007605820105820105 0.0248015873015873
2 0.2435515873015873 0.7234623015873016 0.011574074074074073 0.025669642857142856
0 0.2177579365079365 0.7352430555555556 0.004629629629629629 0.022321428571428572
0 0.21213624338624337 0.7465277777777778 0.006283068783068783 0.02194940476190476
0 0.22040343915343916 0.7605406746031746 0.005787037037037037 0.023685515873015872
2 0.22585978835978837 0.7610367063492064 0.00992063492063492 0.033234126984126984
2 0.3235780423280423 0.8134920634920635 0.015376984126984126 0.021701388888888888
2 0.08597883597883597 0.8607390873015873 0.011739417989417989 0.030381944444444444
0 0.6779100529100529 0.6380208333333334 0.011904761904761904 0.03236607142857143
0 0.6337632275132276 0.6589781746031746 0.006944444444444444 0.03571428571428571
0 0.7399140211640212 0.6703869047619048 0.014219576719576719 0.013640873015873016
0 0.736441798941799 0.6928323412698413 0.009259259259259259 0.021825396825396824
0 0.7490079365079365 0.6965525793650794 0.014715608465608465 0.012152777777777778
0 0.6965939153439153 0.7016369047619048 0.01025132275132275 0.021701388888888888
0 0.7276785714285714 0.7229662698412699 0.01207010582010582 0.012152777777777778
0 0.7471891534391535 0.7279265873015873 0.006779100529100529 0.01711309523809524
0 0.7172619047619048 0.7309027777777778 0.008267195767195767 0.0220734126984127
0 0.7104828042328042 0.7312748015873016 0.005456349206349206 0.017609126984126984
0 0.685681216931217 0.7341269841269841 0.011078042328042327 0.011904761904761904
0 0.7777777777777778 0.7368551587301587 0.010582010582010581 0.014012896825396826
0 0.748015873015873 0.7418154761904762 0.008101851851851851 0.013640873015873016
0 0.7665343915343915 0.7426835317460317 0.014054232804232803 0.024057539682539684
0 0.7020502645502645 0.7459077380952381 0.013558201058201057 0.012896825396825396
2 0.7210648148148148 0.7464037698412699 0.010747354497354497 0.025173611111111112
0 0.689484126984127 0.7471478174603174 0.012235449735449735 0.023561507936507936
0 0.7395833333333334 0.748015873015873 0.013392857142857142 0.014508928571428572
0 0.7686838624338624 0.7528521825396826 0.011739417989417989 0.029513888888888888
0 0.7045304232804233 0.7655009920634921 0.007605820105820105 0.022321428571428572
0 0.7452050264550265 0.7797619047619048 0.013558201058201057 0.020833333333333332
0 0.6807208994708994 0.7936507936507936 0.01207010582010582 0.02194940476190476
0 0.6888227513227513 0.7953869047619048 0.01521164021164021 0.01773313492063492
0 0.6671626984126984 0.7996031746031746 0.014054232804232803 0.016741071428571428
0 0.6936177248677249 0.8091517857142857 0.007936507936507936 0.02839781746031746
0 0.6109457671957672 0.8200644841269841 0.008597883597883597 0.026785714285714284
0 0.7567791005291006 0.8427579365079365 0.016534391534391533 0.02269345238095238
0 0.564318783068783 0.8511904761904762 0.01025132275132275 0.029265873015873016