2 0.38776041666666666 0.7865555555555556 0.12735416666666666 0.3278425925925925
0 0.91953125 0.5819444444444445 0.019270833333333334 0.09861111111111111
0 0.7614583333333333 0.5949074074074074 0.03229166666666667 0.08564814814814815
1 0.7125 0.5976851851851852 0.02578125 0.1037037037037037
0 0.58203125 0.49398148148148147 0.024479166666666666 0.028703703703703703
0 0.8963541666666667 0.6166666666666667 0.02578125 0.09675925925925925
1 0.6140625 0.6277777777777778 0.04505208333333333 0.08981481481481482
0 0.58046875 0.6333333333333333 0.021354166666666667 0.11018518518518519
1 0.6765625 0.6347222222222222 0.053125 0.049074074074074076
0 0.73828125 0.6421296296296296 0.019791666666666666 0.09675925925925925
0 0.7591145833333334 0.6550925925925926 0.02578125 0.07592592592592592
0 0.8135416666666667 0.49907407407407406 0.019791666666666666 0.03888888888888889
0 0.8106770833333333 0.6652777777777777 0.03307291666666667 0.10185185185185185
0 0.9104166666666667 0.6800925925925926 0.048177083333333336 0.05555555555555555
0 0.7140625 0.6837962962962963 0.04791666666666667 0.04490740740740741
0 0.7807291666666667 0.7060185185185185 0.046614583333333334 0.05092592592592592
0 0.6072916666666667 0.5032407407407408 0.05078125 0.04722222222222222
0 0.64296875 0.7208333333333333 0.019010416666666665 0.10324074074074074
0 0.925 0.7212962962962963 0.04973958333333333 0.06342592592592593
0 0.6966145833333334 0.7236111111111111 0.04348958333333333 0.034722222222222224
0 0.6005208333333333 0.7287037037037037 0.04583333333333333 0.049074074074074076
0 0.66484375 0.7384259259259259 0.027864583333333335 0.10277777777777777
0 0.7385416666666667 0.7509259259259259 0.029947916666666668 0.06898148148148148
0 0.9578125 0.7513888888888889 0.028385416666666666 0.08611111111111111
0 0.8817708333333333 0.7648148148148148 0.03958333333333333 0.03981481481481482
0 0.97578125 0.5097222222222222 0.027864583333333335 0.06018518518518518
0 0.7697916666666667 0.7796296296296297 0.026822916666666665 0.11157407407407408
0 0.65546875 0.5111111111111111 0.040625 0.06296296296296296
0 0.70546875 0.7939814814814815 0.029427083333333333 0.06759259259259259
0 0.7244791666666667 0.5115740740740741 0.04453125 0.06342592592592593
0 0.5755208333333334 0.8074074074074075 0.011197916666666667 0.1050925925925926
0 0.6111979166666667 0.8111111111111111 0.053385416666666664 0.05138888888888889
3 0.7950520833333333 0.8134259259259259 0.0265625 0.1638888888888889
0 0.6747395833333333 0.8416666666666667 0.04609375 0.05925925925925926
0 0.8708333333333333 0.8462962962962963 0.0515625 0.04861111111111111
0 0.74921875 0.8601851851851852 0.038802083333333334 0.0787037037037037
0 0.915625 0.8717592592592592 0.04505208333333333 0.08518518518518518
0 0.8291666666666667 0.8717592592592592 0.025520833333333333 0.10555555555555556
0 0.5942708333333333 0.8796296296296297 0.04869791666666667 0.06666666666666667
1 0.6893229166666667 0.8842592592592593 0.0453125 0.09768518518518518
0 0.7333333333333333 0.8870370370370371 0.031510416666666666 0.09444444444444444
0 0.8653645833333333 0.9157407407407407 0.047135416666666666 0.052314814814814814
0 0.7078125 0.9384259259259259 0.04479166666666667 0.0625
0 0.6096354166666667 0.9425925925925925 0.05286458333333333 0.06620370370370371
0 0.7755208333333333 0.9462962962962963 0.04140625 0.06620370370370371
0 0.83125 0.9472222222222222 0.045572916666666664 0.05138888888888889
0 0.9338541666666667 0.5282407407407408 0.03125 0.09722222222222222
0 0.7244791666666667 0.9652777777777778 0.04192708333333333 0.06898148148148148
0 0.9924479166666667 0.9662037037037037 0.0140625 0.06574074074074074
0 0.5822916666666667 0.9689814814814814 0.025 0.05185185185185185
0 0.75859375 0.9814814814814815 0.0171875 0.03518518518518519
0 0.81796875 0.9819444444444444 0.044270833333333336 0.03425925925925926
0 0.8684895833333334 0.9819444444444444 0.050520833333333334 0.03425925925925926
0 0.70703125 0.9884259259259259 0.0296875 0.021296296296296296
0 0.6427083333333333 0.9893518518518518 0.027083333333333334 0.019444444444444445
0 0.6828125 0.5324074074074074 0.027083333333333334 0.0875
0 0.5778645833333333 0.5532407407407407 0.016145833333333335 0.0824074074074074
0 0.615625 0.5587962962962963 0.03203125 0.06944444444444445
0 0.8502604166666666 0.562962962962963 0.03697916666666667 0.07685185185185185
0 0.6419270833333334 0.5685185185185185 0.05286458333333333 0.03981481481481482
0 0.8158854166666667 0.5685185185185185 0.03697916666666667 0.08148148148148149
0 0.7911458333333333 0.5736111111111111 0.037760416666666664 0.07453703703703704