0 0.6643229166666667 0.010185185185185186 0.024479166666666666 0.020370370370370372
0 0.7088541666666667 0.011574074074074073 0.019791666666666666 0.023148148148148147
0 0.8526041666666667 0.013425925925925926 0.029166666666666667 0.026851851851851852
0 0.72890625 0.02522222222222223 0.011598958333333324 0.03411111111111111
0 0.8041666666666667 0.028703703703703703 0.021875 0.05740740740740741
0 0.7514791666666667 0.02723148148148145 0.015083333333333353 0.03195370370370369
0 0.740890625 0.05392592592592593 0.014729166666666653 0.04179629629629629
0 0.713796875 0.06071296296296301 0.022786458333333332 0.04919444444444444
0 0.7063333333333333 0.12428703703703706 0.023135416666666644 0.045481481481481484
2 0.313265625 0.3940740740740741 0.020718749999999987 0.03876851851851852
0 0.4071197916666666 0.4102777777777778 0.025729166666666713 0.01956481481481481
0 0.32915625 0.49066666666666675 0.02460416666666667 0.03935185185185185
2 0.4404010416666667 0.522824074074074 0.016036458333333316 0.05521296296296296
0 0.3608958333333333 0.5304351851851852 0.023770833333333387 0.03659259259259257
0 0.24242187500000004 0.5347962962962963 0.024906250000000026 0.042435185185185194
0 0.41636979166666666 0.5360925925925926 0.02911458333333338 0.017027777777777767
0 0.26630208333333333 0.5463703703703704 0.019723958333333305 0.037796296296296314
0 0.44491145833333334 0.5722222222222222 0.027734375 0.02559259259259258
0 0.41515104166666666 0.5768425925925926 0.01973437500000005 0.04048148148148151
0 0.375546875 0.5771574074074074 0.030843750000000014 0.027509259259259292
0 0.43478125 0.5912592592592593 0.01661458333333338 0.027037037037037078
0 0.4080625 0.6137407407407408 0.026046874999999994 0.03331481481481483
0 0.37922395833333333 0.6149814814814815 0.028817708333333296 0.030851851851851898
0 0.38816666666666666 0.6219166666666667 0.013010416666666675 0.05281481481481478
2 0.16107291666666665 0.6673425925925927 0.026151041666666687 0.03900000000000001
0 0.305453125 0.6884814814814815 0.030098958333333314 0.03127777777777775
0 0.20735416666666667 0.6952685185185185 0.029947916666666668 0.026342592592592636
0 0.3372291666666667 0.7170277777777778 0.02279687499999999 0.04577777777777783
0 0.26951562500000004 0.727824074074074 0.027192708333333353 0.02663888888888887
0 0.42995833333333333 0.7961851851851852 0.031406249999999976 0.03187037037037038
0 0.7466145833333333 0.6893518518518519 0.0546875 0.15833333333333333