0 0.9285560000000002 0.025322666666666677 0.013160000000000036 0.026
0 0.8652119999999999 0.2845493333333333 0.022863999999999943 0.03600533333333333
0 0.1644 0.9624 0.006 0.039466666666666664
0 0.0796 0.9821333333333333 0.0084 0.019733333333333332
0 0.1552 0.4584 0.0112 0.0256
0 0.0266 0.476 0.0124 0.03386666666666667
0 0.1826 0.5861333333333333 0.0126 0.0096
0 0.2846 0.5874666666666667 0.0138 0.023466666666666667
0 0.0466 0.6029333333333333 0.0098 0.0296
0 0.1704 0.6234666666666666 0.0106 0.014666666666666666
0 0.194 0.6258666666666667 0.012 0.021333333333333333
0 0.2402 0.6381333333333333 0.0064 0.0232
0 0.1782 0.6565333333333333 0.005 0.032266666666666666
0 0.1376 0.6573333333333333 0.0084 0.03813333333333333
0 0.0028 0.6594666666666666 0.0056 0.0256
2 0.171 0.6618666666666667 0.0088 0.024533333333333334
0 0.1488 0.6637333333333333 0.0054 0.025866666666666666
0 0.186 0.6765333333333333 0.0056 0.029066666666666668
0 0.1472 0.6810666666666667 0.0058 0.0312
0 0.173 0.6928 0.0132 0.0176
0 0.1612 0.7024 0.005 0.02266666666666667
0 0.186 0.7112 0.0052 0.0264
0 0.2398 0.7186666666666667 0.0124 0.016
0 0.1794 0.7192 0.0104 0.0224
0 0.1994 0.7210666666666666 0.0098 0.014666666666666666
0 0.1598 0.7213333333333334 0.0078 0.021866666666666666
0 0.1718 0.7277333333333333 0.01 0.012266666666666667
0 0.282 0.7317333333333333 0.0138 0.024266666666666666
0 0.1946 0.7325333333333334 0.0114 0.013066666666666667
0 0.1566 0.7352 0.0044 0.020533333333333334
2 0.2134 0.7352 0.0114 0.02
0 0.235 0.7394666666666667 0.0116 0.016
2 0.1964 0.7453333333333333 0.0092 0.02266666666666667
0 0.2544 0.7525333333333334 0.0068 0.028533333333333334
0 0.2254 0.7552 0.012 0.019466666666666667
0 0.1232 0.756 0.0138 0.0152
0 0.1724 0.7589333333333333 0.0086 0.0256
0 0.2476 0.7621333333333333 0.0122 0.013866666666666666
0 0.1802 0.7672 0.0116 0.029066666666666668
0 0.0564 0.7770666666666667 0.0076 0.023733333333333332
0 0.2976 0.7786666666666666 0.0148 0.022133333333333335
0 0.151 0.7805333333333333 0.0108 0.010933333333333333
0 0.2298 0.7904 0.0072 0.0232
0 0.1542 0.7957333333333333 0.0094 0.015733333333333332
0 0.1636 0.8058666666666666 0.0062 0.03573333333333333
0 0.1424 0.8085333333333333 0.0134 0.013866666666666666
0 0.1598 0.8213333333333334 0.0116 0.020266666666666665
0 0.3556 0.8218666666666666 0.0148 0.026933333333333333
0 0.0466 0.8258666666666666 0.0076 0.031733333333333336
0 0.0046 0.8717333333333334 0.0092 0.0264
0 0.1166 0.9053333333333333 0.008 0.0312
0 0.07 0.9101333333333333 0.0088 0.0432
0 0.542 0.9621333333333333 0.006 0.0344
0 0.516 0.5216 0.0094 0.030133333333333335
0 0.538 0.5349333333333334 0.0132 0.025066666666666668
0 0.724 0.5949333333333333 0.01 0.0328
0 0.5476 0.6184 0.009 0.020266666666666665
0 0.6802 0.6330666666666667 0.0166 0.013066666666666667
0 0.6826 0.6496 0.0144 0.017333333333333333
0 0.5484 0.6528 0.0074 0.030133333333333335
0 0.6658 0.6544 0.0106 0.016266666666666665
0 0.699 0.6610666666666667 0.0116 0.0288
0 0.6304 0.6693333333333333 0.0138 0.020533333333333334
0 0.7012 0.7272 0.0106 0.019733333333333332
0 0.675 0.7290666666666666 0.0088 0.019466666666666667
0 0.6372 0.7312 0.0132 0.0288
0 0.7276 0.7368 0.009 0.021066666666666668
0 0.6858 0.7384 0.0094 0.0304
0 0.4928 0.748 0.0112 0.0216
0 0.6968 0.7544 0.0082 0.03546666666666667
0 0.5362 0.7738666666666667 0.0118 0.028
0 0.6606 0.7944 0.015 0.0152
0 0.6244 0.8165333333333333 0.0138 0.0256
0 0.5274 0.9536 0.011 0.019466666666666667