0 0.93828125 0.011111111111111112 0.0140625 0.022222222222222223
0 0.8848958333333333 0.020370370370370372 0.013541666666666667 0.040740740740740744
0 0.8583541666666666 0.01897222222222223 0.020619791666666623 0.030333333333333323
0 0.9091145833333333 0.020833333333333332 0.0140625 0.041666666666666664
0 0.9272864583333332 0.04860185185185186 0.017515625000000055 0.0525462962962963
0 0.7810208333333333 0.11566666666666668 0.020151041666666696 0.07310185185185183
0 0.8493229166666667 0.19168518518518518 0.012281249999999992 0.03872222222222221
0 0.8651770833333333 0.2037222222222222 0.022671874999999987 0.036870370370370366
0 0.13358854166666667 0.7020833333333333 0.025130208333333334 0.039962962962962985
0 0.8528645833333334 0.46574074074074073 0.025260416666666667 0.027314814814814816
0 0.8184895833333333 0.49537037037037035 0.008854166666666666 0.05694444444444444
0 0.8494791666666667 0.5046296296296297 0.020833333333333332 0.04953703703703704
0 0.8294270833333334 0.5472222222222223 0.019791666666666666 0.03657407407407407
0 0.8171875 0.5638888888888889 0.02109375 0.04027777777777778
0 0.871875 0.5638888888888889 0.023697916666666666 0.03657407407407407
0 0.7778645833333333 0.5805555555555556 0.010677083333333334 0.05277777777777778
0 0.8369791666666667 0.5935185185185186 0.0203125 0.031018518518518518
0 0.8216145833333334 0.6101851851851852 0.01484375 0.052314814814814814
0 0.87109375 0.2791666666666667 0.015104166666666667 0.07731481481481481
0 0.8239583333333333 0.6398148148148148 0.018489583333333334 0.01898148148148148
0 0.8515625 0.6486111111111111 0.020833333333333332 0.03981481481481482
0 0.8442708333333333 0.6708333333333333 0.019010416666666665 0.031018518518518518
0 0.6393229166666666 0.8125 0.00703125 0.03796296296296296
0 0.8033854166666666 0.8689814814814815 0.0067708333333333336 0.04212962962962963
0 0.8260416666666667 0.9476851851851852 0.007291666666666667 0.029166666666666667