0 0.44192708333333336 0.5995370370370371 0.10755208333333334 0.09953703703703703
0 0.1234375 0.6203703703703703 0.09401041666666667 0.11574074074074074
0 0.271875 0.41388888888888886 0.0609375 0.04814814814814815
0 0.5174479166666667 0.6337962962962963 0.043229166666666666 0.18796296296296297
3 0.2635416666666667 0.6375 0.1515625 0.06574074074074074
0 0.028645833333333332 0.6449074074074074 0.057291666666666664 0.07314814814814814
0 0.3958333333333333 0.6902777777777778 0.08723958333333333 0.15231481481481482
0 0.08489583333333334 0.7398148148148148 0.07395833333333333 0.1638888888888889
0 0.33567708333333335 0.7847222222222222 0.04505208333333333 0.18055555555555555
0 0.20182291666666666 0.8273148148148148 0.08072916666666667 0.16018518518518518
0 0.45703125 0.4375 0.09348958333333333 0.09537037037037037
0 0.03333333333333333 0.8643518518518518 0.06666666666666667 0.062037037037037036
0 0.0859375 0.9361111111111111 0.042708333333333334 0.1259259259259259
0 0.3890625 0.9712962962962963 0.103125 0.05555555555555555
0 0.3502604166666667 0.4689814814814815 0.05260416666666667 0.15833333333333333
0 0.23125 0.5291666666666667 0.09739583333333333 0.0875