0 0.790472 0.12054589082183563 0.014544000000000005 0.032735452909418115
0 0.701464 0.15683863227354528 0.024232000000000004 0.020131973605278963
0 0.718596 0.1952249550089982 0.016103999999999997 0.032117576484703036
0 0.8218119999999999 0.23790641871625673 0.01106800000000003 0.03710257948410319
0 0.6046 0.2726454709058188 0.0092 0.03659268146370726
0 0.7691399999999999 0.28429514097180564 0.022696000000000004 0.016280743851229747
0 0.716704 0.28609478104379127 0.014019999999999982 0.024619076184763024
0 0.8381880000000002 0.28938812237552486 0.010523999999999978 0.04197960407918418
0 0.827832 0.29004199160167965 0.008784000000000014 0.03777444511097782
0 0.760212 0.29104979004199155 0.021348000000000002 0.02663467306538691
0 0.712432 0.3190401919616077 0.015303999999999996 0.029958008398320368
0 0.8195520000000001 0.32693461307738453 0.012235999999999967 0.033119376124775064
2 0.738004 0.32978404319136173 0.017303999999999996 0.017234553089382133
0 0.75278 0.3302699460107978 0.022632000000000017 0.019778044391121793
0 0.775136 0.34299340131973605 0.013976000000000021 0.020053989202159606
0 0.74216 0.3487402519496101 0.013676000000000021 0.020671865626874647
2 0.816068 0.3586502699460108 0.01544399999999996 0.02758248350329935
0 0.764076 0.37040791841631676 0.010815999999999985 0.03354529094181168
0 0.76744 0.3973905218956209 0.011596000000000004 0.023449310137972357
0 0.660788 0.4188482303539292 0.010620000000000004 0.03665866826634667
0 0.698724 0.4238452309538092 0.015640000000000008 0.02986202759448109
2 0.4322 0.6913617276544691 0.2096 0.1292741451709658
0 0.9064 0.7966406718656269 0.1864 0.21595680863827235
3 0.7164 0.8263347330533893 0.2328 0.34613077384523094