0 0.46103124999999995 0.278 0.01334895833333333 0.039962962962962936
2 0.5100833333333333 0.30793518518518526 0.024994791666666672 0.03686111111111106
2 0.42517708333333337 0.31441666666666673 0.016984375000000006 0.0313055555555555
2 0.35103125 0.33416666666666667 0.018114583333333326 0.04858333333333336
0 0.457296875 0.3380277777777778 0.011088541666666648 0.0507407407407407
0 0.5910833333333334 0.3566944444444445 0.03071354166666668 0.026972222222222217
0 0.6241666666666668 0.3659537037037037 0.026072916666666637 0.04178703703703703
0 0.659234375 0.45421296296296293 0.032260416666666694 0.03188888888888894
0 0.415453125 0.5949351851851852 0.014895833333333346 0.059009259259259275
0 0.5822916666666667 0.6921296296296297 0.034375 0.025
0 0.5615364583333334 0.7138148148148148 0.0226927083333333 0.020833333333333332
0 0.606421875 0.7673518518518518 0.023921875000000033 0.02606481481481482
0 0.6297760416666667 0.7855648148148148 0.015421874999999948 0.04491666666666666
0 0.645578125 0.7888055555555555 0.02202604166666665 0.04399074074074073
0 0.62109375 0.8654907407407407 0.014447916666666671 0.036907407407407423