0 0.8223958333333333 0.16944444444444445 0.008333333333333333 0.02361111111111111
0 0.8385416666666666 0.17592592592592593 0.01328125 0.009259259259259259
0 0.9182291666666667 0.17824074074074073 0.0049479166666666664 0.028703703703703703
0 0.9442708333333333 0.17962962962962964 0.0125 0.01574074074074074
0 0.84765625 0.18564814814814815 0.009635416666666667 0.025
0 0.884375 0.1865740740740741 0.008072916666666667 0.022685185185185187
0 0.7109375 0.18981481481481483 0.0125 0.012962962962962963
0 0.8041666666666667 0.1912037037037037 0.0067708333333333336 0.02361111111111111
0 0.6638020833333333 0.19675925925925927 0.009895833333333333 0.013425925925925926
0 0.95078125 0.19953703703703704 0.007552083333333333 0.025
0 0.72578125 0.2013888888888889 0.01171875 0.013425925925925926
0 0.9921875 0.2111111111111111 0.014322916666666666 0.031018518518518518
0 0.8143229166666667 0.2222222222222222 0.008333333333333333 0.027314814814814816
0 0.7533854166666667 0.02361111111111111 0.011458333333333333 0.024537037037037038
0 0.7135416666666666 0.225 0.0067708333333333336 0.03657407407407407
0 0.8893229166666666 0.22685185185185186 0.0078125 0.016666666666666666
0 0.8807291666666667 0.23935185185185184 0.008072916666666667 0.016666666666666666
0 0.91171875 0.24259259259259258 0.0125 0.009259259259259259
0 0.8192708333333333 0.25324074074074077 0.00625 0.016666666666666666
0 0.971875 0.25601851851851853 0.0171875 0.018055555555555554
0 0.6903645833333333 0.2564814814814815 0.010416666666666666 0.01712962962962963
0 0.76328125 0.2564814814814815 0.005989583333333334 0.016666666666666666
0 0.8598958333333333 0.2611111111111111 0.013020833333333334 0.016666666666666666
0 0.91953125 0.262037037037037 0.010677083333333334 0.020370370370370372
0 0.6703125 0.26481481481481484 0.0109375 0.01712962962962963
0 0.9716145833333333 0.26851851851851855 0.01015625 0.01898148148148148
0 0.8497395833333333 0.26990740740740743 0.012239583333333333 0.016666666666666666
0 0.86875 0.02824074074074074 0.00703125 0.013425925925925926
0 0.9013020833333333 0.2773148148148148 0.009114583333333334 0.01898148148148148
0 0.8622395833333333 0.029166666666666667 0.007291666666666667 0.033796296296296297
0 0.9260416666666667 0.2902777777777778 0.010677083333333334 0.024074074074074074
0 0.7859375 0.2953703703703704 0.011979166666666667 0.020833333333333332
0 0.7044270833333334 0.29768518518518516 0.013541666666666667 0.018055555555555554
0 0.7481770833333333 0.2986111111111111 0.0049479166666666664 0.02175925925925926
0 0.6567708333333333 0.30185185185185187 0.0067708333333333336 0.03194444444444444
0 0.6388020833333333 0.30185185185185187 0.0109375 0.020833333333333332
0 0.8104166666666667 0.3023148148148148 0.006510416666666667 0.026851851851851852
0 0.9044270833333333 0.3060185185185185 0.0109375 0.019444444444444445
0 0.7080729166666667 0.31342592592592594 0.0109375 0.015277777777777777
0 0.7356770833333334 0.3143518518518518 0.012760416666666666 0.01574074074074074
0 0.7549479166666667 0.31851851851851853 0.009635416666666667 0.012962962962962963
0 0.80703125 0.032407407407407406 0.004427083333333333 0.010648148148148148
0 0.7859375 0.32175925925925924 0.007291666666666667 0.016666666666666666
0 0.8770833333333333 0.32314814814814813 0.0036458333333333334 0.019444444444444445
0 0.9122395833333333 0.32314814814814813 0.011979166666666667 0.024537037037037038
0 0.8671875 0.33240740740740743 0.004427083333333333 0.022222222222222223
0 0.6770833333333334 0.337037037037037 0.0078125 0.028703703703703703
0 0.75078125 0.33935185185185185 0.004427083333333333 0.01712962962962963
0 0.9606770833333333 0.3402777777777778 0.01328125 0.016666666666666666
0 0.8755208333333333 0.34444444444444444 0.01015625 0.02175925925925926
0 0.6627604166666666 0.3449074074074074 0.0109375 0.020370370370370372
0 0.7044270833333334 0.350462962962963 0.0125 0.02175925925925926
0 0.8986979166666667 0.35509259259259257 0.007291666666666667 0.02824074074074074
0 0.6848958333333334 0.3625 0.00546875 0.0125
0 0.940625 0.3625 0.01484375 0.02175925925925926
0 0.7684895833333333 0.362962962962963 0.0046875 0.040740740740740744
0 0.8484375 0.36527777777777776 0.0109375 0.02638888888888889
0 0.63828125 0.36712962962962964 0.009635416666666667 0.01990740740740741
0 0.8255208333333334 0.3675925925925926 0.014322916666666666 0.018518518518518517
0 0.621875 0.36898148148148147 0.004166666666666667 0.01574074074074074
0 0.8346354166666666 0.37222222222222223 0.013020833333333334 0.01990740740740741
0 0.8744791666666667 0.37777777777777777 0.009895833333333333 0.01712962962962963
0 0.92421875 0.37916666666666665 0.015364583333333333 0.018055555555555554
0 0.7432291666666667 0.3800925925925926 0.010677083333333334 0.016203703703703703
0 0.80390625 0.3851851851851852 0.005729166666666666 0.029166666666666667
0 0.6619791666666667 0.39305555555555555 0.012760416666666666 0.013888888888888888
0 0.9760416666666667 0.39444444444444443 0.00625 0.012962962962962963
0 0.8309895833333333 0.40694444444444444 0.005989583333333334 0.017592592592592594
0 0.8606770833333334 0.41064814814814815 0.013802083333333333 0.016203703703703703
0 0.9421875 0.4162037037037037 0.010416666666666666 0.016203703703703703
0 0.8190104166666666 0.41759259259259257 0.010677083333333334 0.01574074074074074
0 0.7502604166666667 0.04351851851851852 0.0109375 0.01712962962962963
0 0.7299479166666667 0.43148148148148147 0.012239583333333333 0.018055555555555554
0 0.8 0.43194444444444446 0.012760416666666666 0.020370370370370372
0 0.72265625 0.43287037037037035 0.009635416666666667 0.01574074074074074
0 0.6799479166666667 0.43842592592592594 0.01171875 0.03148148148148148
0 0.9065104166666667 0.4398148148148148 0.008072916666666667 0.016666666666666666
0 0.8684895833333334 0.4412037037037037 0.0140625 0.01574074074074074
0 0.94140625 0.44166666666666665 0.01171875 0.025
0 0.953125 0.44212962962962965 0.010416666666666666 0.017592592592592594
0 0.8890625 0.4425925925925926 0.009895833333333333 0.01574074074074074
0 0.7052083333333333 0.4439814814814815 0.008854166666666666 0.03287037037037037
0 0.853125 0.4449074074074074 0.01171875 0.01712962962962963
0 0.9692708333333333 0.4476851851851852 0.016666666666666666 0.014351851851851852
0 0.9505208333333334 0.44814814814814813 0.007552083333333333 0.027314814814814816
0 0.69765625 0.4513888888888889 0.0078125 0.028703703703703703
0 0.9356770833333333 0.45231481481481484 0.008072916666666667 0.023148148148148147
0 0.8166666666666667 0.4546296296296296 0.008072916666666667 0.021296296296296296
0 0.8268229166666666 0.45555555555555555 0.009895833333333333 0.011111111111111112
0 0.9661458333333334 0.45601851851851855 0.007552083333333333 0.019444444444444445
0 0.640625 0.46296296296296297 0.007291666666666667 0.013425925925925926
0 0.8880208333333334 0.4689814814814815 0.011197916666666667 0.029166666666666667
0 0.9692708333333333 0.4773148148148148 0.00625 0.012962962962962963
0 0.84609375 0.4777777777777778 0.004166666666666667 0.015277777777777777
0 0.78828125 0.48055555555555557 0.01328125 0.011111111111111112
0 0.9307291666666667 0.48194444444444445 0.0125 0.012962962962962963
0 0.68046875 0.4824074074074074 0.0140625 0.016203703703703703
0 0.8005208333333333 0.487962962962963 0.005729166666666666 0.02175925925925926
0 0.840625 0.48935185185185187 0.0046875 0.019444444444444445
0 0.8752604166666667 0.48935185185185187 0.01171875 0.024074074074074074
0 0.7854166666666667 0.49074074074074076 0.007552083333333333 0.016203703703703703
0 0.6971354166666667 0.4925925925925926 0.00625 0.02361111111111111
0 0.7151041666666667 0.49722222222222223 0.011979166666666667 0.016666666666666666
0 0.8229166666666666 0.5013888888888889 0.012239583333333333 0.014814814814814815
0 0.9338541666666667 0.5013888888888889 0.0049479166666666664 0.0125
0 0.725 0.5097222222222222 0.009895833333333333 0.016203703703703703
0 0.7013020833333333 0.05185185185185185 0.005729166666666666 0.02175925925925926
0 0.6796875 0.5194444444444445 0.009635416666666667 0.027777777777777776
0 0.75390625 0.524074074074074 0.006510416666666667 0.016203703703703703
0 0.73125 0.5273148148148148 0.011979166666666667 0.014351851851851852
0 0.8984375 0.5277777777777778 0.00625 0.01712962962962963
0 0.7846354166666667 0.5319444444444444 0.00625 0.010648148148148148
0 0.8502604166666666 0.5375 0.010677083333333334 0.014351851851851852
0 0.69921875 0.5407407407407407 0.0078125 0.011111111111111112
0 0.8854166666666666 0.055092592592592596 0.0067708333333333336 0.0125
0 0.82578125 0.05555555555555555 0.012760416666666666 0.0125
0 0.7760416666666666 0.5523148148148148 0.00859375 0.009722222222222222
0 0.7096354166666666 0.5518518518518518 0.008854166666666666 0.012962962962962963
0 0.69375 0.5537037037037037 0.007291666666666667 0.009259259259259259
0 0.9794270833333333 0.006944444444444444 0.013802083333333333 0.013425925925925926
0 0.85625 0.007407407407407408 0.01015625 0.014814814814814815
0 0.99140625 0.06944444444444445 0.0125 0.01898148148148148
0 0.7791666666666667 0.0699074074074074 0.01328125 0.013425925925925926
0 0.9075520833333334 0.0712962962962963 0.00546875 0.01712962962962963
0 0.65859375 0.07314814814814814 0.011197916666666667 0.011574074074074073
0 0.9809895833333333 0.07453703703703704 0.012760416666666666 0.014351851851851852
0 0.746875 0.075 0.01015625 0.025
0 0.7947916666666667 0.0763888888888889 0.01484375 0.016203703703703703
0 0.9270833333333334 0.07824074074074074 0.010677083333333334 0.01990740740740741
0 0.87265625 0.008796296296296297 0.011197916666666667 0.017592592592592594
0 0.63984375 0.08333333333333333 0.013541666666666667 0.018518518518518517
0 0.80625 0.08472222222222223 0.010416666666666666 0.016666666666666666
0 0.8143229166666667 0.0912037037037037 0.009375 0.01712962962962963
0 0.9940104166666667 0.09861111111111111 0.01015625 0.024074074074074074
0 0.8526041666666667 0.10416666666666667 0.0049479166666666664 0.014814814814814815
0 0.6421875 0.11481481481481481 0.00703125 0.022222222222222223
0 0.6234375 0.11851851851851852 0.007291666666666667 0.013425925925925926
0 0.8325520833333333 0.12129629629629629 0.0049479166666666664 0.014814814814814815
0 0.8916666666666667 0.12777777777777777 0.008072916666666667 0.02638888888888889
0 0.8403645833333333 0.12962962962962962 0.00625 0.018518518518518517
0 0.9684895833333333 0.1398148148148148 0.013541666666666667 0.01574074074074074
0 0.7221354166666667 0.14166666666666666 0.00546875 0.017592592592592594
0 0.8877604166666667 0.14212962962962963 0.008333333333333333 0.0125
0 0.8755208333333333 0.1439814814814815 0.005729166666666666 0.015277777777777777
0 0.7989583333333333 0.14722222222222223 0.00625 0.019444444444444445
0 0.8098958333333334 0.15 0.0067708333333333336 0.022685185185185187
0 0.08020833333333334 0.6708333333333333 0.16015625 0.20555555555555555
3 0.3450520833333333 0.7601851851851852 0.3536458333333333 0.18333333333333332
0 0.06458333333333334 0.8476851851851852 0.12916666666666668 0.16712962962962963
0 0.14973958333333334 0.9259259259259259 0.13489583333333333 0.14629629629629629
0 0.3390625 0.9425925925925925 0.16666666666666666 0.11296296296296296
0 0.04114583333333333 0.9666666666666667 0.08229166666666667 0.06481481481481481
0 0.5 0.6444444444444445 0.23854166666666668 0.17037037037037037