0 0.9604166666666667 0.15231481481481482 0.050520833333333334 0.1111111111111111
0 0.8276041666666667 0.15462962962962962 0.0203125 0.1537037037037037
0 0.9044270833333333 0.1699074074074074 0.030729166666666665 0.14907407407407408
0 0.9338541666666667 0.24074074074074073 0.04375 0.08194444444444444
0 0.7182291666666667 0.2851851851851852 0.04583333333333333 0.1337962962962963
0 0.9864583333333333 0.3194444444444444 0.026041666666666668 0.06666666666666667
0 0.9442708333333333 0.33240740740740743 0.04739583333333333 0.0837962962962963
0 0.6880208333333333 0.35 0.036458333333333336 0.09722222222222222
0 0.7453125 0.3578703703703704 0.06484375 0.06759259259259259
0 0.8645833333333334 0.36527777777777776 0.05703125 0.06574074074074074
3 0.80625 0.3685185185185185 0.03125 0.24814814814814815
0 0.92734375 0.4050925925925926 0.053385416666666664 0.07592592592592592
0 0.9622395833333334 0.41388888888888886 0.025 0.1449074074074074
0 0.7463541666666667 0.44027777777777777 0.06276041666666667 0.0712962962962963
0 0.8541666666666666 0.44212962962962965 0.05286458333333333 0.07175925925925926
0 0.9940104166666667 0.44305555555555554 0.01171875 0.056018518518518516
0 0.6861979166666666 0.4476851851851852 0.0328125 0.08657407407407407
0 0.9002604166666667 0.4773148148148148 0.03463541666666667 0.14722222222222223
0 0.9330729166666667 0.5171296296296296 0.027864583333333335 0.1412037037037037
0 0.99140625 0.5439814814814815 0.016145833333333335 0.1175925925925926
0 0.8778645833333333 0.5444444444444444 0.05182291666666667 0.09074074074074075
0 0.7278645833333334 0.5546296296296296 0.052083333333333336 0.1300925925925926
0 0.690625 0.5564814814814815 0.041666666666666664 0.15416666666666667
0 0.8052083333333333 0.5861111111111111 0.025 0.1648148148148148
0 0.7763020833333333 0.5907407407407408 0.027604166666666666 0.15555555555555556
0 0.94921875 0.5944444444444444 0.03125 0.14814814814814814
0 0.9734375 0.06018518518518518 0.05260416666666667 0.05787037037037037
0 0.8528645833333334 0.6 0.04765625 0.13564814814814816
0 0.9682291666666667 0.6092592592592593 0.028125 0.11805555555555555
0 0.7466145833333333 0.6092592592592593 0.03697916666666667 0.11851851851851852
0 0.6903645833333333 0.6407407407407407 0.04114583333333333 0.05555555555555555
0 0.8458333333333333 0.7694444444444445 0.007291666666666667 0.013888888888888888
0 0.8596354166666667 0.7731481481481481 0.011458333333333333 0.005555555555555556
0 0.92890625 0.775 0.004166666666666667 0.01712962962962963
0 0.9515625 0.7754629629629629 0.010677083333333334 0.009259259259259259
0 0.8677083333333333 0.7791666666666667 0.008333333333333333 0.014814814814814815
0 0.8994791666666667 0.7796296296296297 0.00703125 0.013425925925925926
0 0.7489583333333333 0.7814814814814814 0.0109375 0.00787037037037037
0 0.8299479166666667 0.7824074074074074 0.005729166666666666 0.013888888888888888
0 0.7078125 0.7856481481481481 0.00859375 0.00787037037037037
0 0.9572916666666667 0.7875 0.006510416666666667 0.014814814814814815
0 0.76171875 0.788425925925926 0.01015625 0.00787037037037037
0 0.9932291666666667 0.7939814814814815 0.0125 0.018518518518518517
0 0.8388020833333333 0.8009259259259259 0.007291666666666667 0.016203703703703703
0 0.7856770833333333 0.6833333333333333 0.009895833333333333 0.014351851851851852
0 0.7513020833333334 0.8023148148148148 0.005729166666666666 0.02175925925925926
0 0.90390625 0.8037037037037037 0.0067708333333333336 0.009722222222222222
0 0.8963541666666667 0.8111111111111111 0.00703125 0.009722222222222222
0 0.9231770833333334 0.812962962962963 0.010677083333333334 0.005555555555555556
0 0.84296875 0.8194444444444444 0.00546875 0.009722222222222222
0 0.9755208333333333 0.8208333333333333 0.01484375 0.010648148148148148
0 0.7309895833333333 0.8208333333333333 0.008854166666666666 0.010185185185185186
0 0.7942708333333334 0.8212962962962963 0.005208333333333333 0.009722222222222222
0 0.8783854166666667 0.8236111111111111 0.011458333333333333 0.009722222222222222
0 0.9302083333333333 0.8245370370370371 0.009375 0.012037037037037037
0 0.7135416666666666 0.825925925925926 0.009375 0.010185185185185186
0 0.9752604166666666 0.8282407407407407 0.008854166666666666 0.011574074074074073
0 0.86953125 0.8291666666666667 0.010677083333333334 0.009722222222222222
0 0.8859375 0.6861111111111111 0.00625 0.00787037037037037
0 0.9143229166666667 0.8333333333333334 0.008072916666666667 0.011574074074074073
0 0.8802083333333334 0.6865740740740741 0.00625 0.01990740740740741
0 0.9359375 0.8407407407407408 0.009375 0.014351851851851852
0 0.8140625 0.8439814814814814 0.010416666666666666 0.012037037037037037
0 0.7432291666666667 0.8453703703703703 0.01171875 0.010648148148148148
0 0.78125 0.8458333333333333 0.004166666666666667 0.012962962962962963
0 0.7018229166666666 0.8476851851851852 0.005729166666666666 0.01898148148148148
0 0.6861979166666666 0.8476851851851852 0.009635416666666667 0.012037037037037037
0 0.8354166666666667 0.8481481481481481 0.005729166666666666 0.01574074074074074
0 0.9171875 0.850462962962963 0.009635416666666667 0.011574074074074073
0 0.7466145833333333 0.8546296296296296 0.009635416666666667 0.008796296296296297
0 0.7705729166666667 0.8555555555555555 0.0109375 0.009259259259259259
0 0.7872395833333333 0.8578703703703704 0.008333333333333333 0.007407407407407408
0 0.8325520833333333 0.6888888888888889 0.00390625 0.0060185185185185185
0 0.8140625 0.8597222222222223 0.00625 0.009722222222222222
0 0.8932291666666666 0.8601851851851852 0.003125 0.011574074074074073
0 0.9236979166666667 0.8606481481481482 0.010416666666666666 0.014351851851851852
0 0.8846354166666667 0.8657407407407407 0.00390625 0.012962962962962963
0 0.71953125 0.8685185185185185 0.0067708333333333336 0.016666666666666666
0 0.78359375 0.8699074074074075 0.0036458333333333334 0.010185185185185186
0 0.9658854166666667 0.8708333333333333 0.011458333333333333 0.009722222222222222
0 0.8919270833333334 0.8731481481481481 0.008854166666666666 0.012962962962962963
0 0.7072916666666667 0.8736111111111111 0.009375 0.012037037037037037
0 0.7432291666666667 0.8768518518518519 0.0109375 0.012962962962962963
0 0.9119791666666667 0.8791666666666667 0.00625 0.016666666666666666
0 0.7263020833333333 0.8837962962962963 0.0046875 0.007407407407407408
0 0.9484375 0.8837962962962963 0.012760416666666666 0.012962962962962963
0 0.7989583333333333 0.8837962962962963 0.004166666666666667 0.024074074074074074
0 0.8682291666666667 0.8851851851851852 0.009635416666666667 0.01574074074074074
0 0.6859375 0.8865740740740741 0.008333333333333333 0.011574074074074073
0 0.8484375 0.8870370370370371 0.0125 0.011111111111111112
0 0.6716145833333333 0.8875 0.0036458333333333334 0.009259259259259259
0 0.85625 0.8893518518518518 0.011458333333333333 0.011574074074074073
0 0.8908854166666667 0.8925925925925926 0.00859375 0.010185185185185186
0 0.9341145833333333 0.8935185185185185 0.01328125 0.010648148148148148
0 0.7770833333333333 0.8939814814814815 0.009375 0.009722222222222222
0 0.8296875 0.8972222222222223 0.0049479166666666664 0.01712962962962963
0 0.70625 0.9018518518518519 0.0109375 0.008333333333333333
0 0.9791666666666666 0.9027777777777778 0.00546875 0.007407407407407408
0 0.8533854166666667 0.9101851851851852 0.005208333333333333 0.010185185185185186
0 0.8791666666666667 0.9120370370370371 0.011979166666666667 0.009259259259259259
0 0.9497395833333333 0.9152777777777777 0.008854166666666666 0.009259259259259259
0 0.8427083333333333 0.9162037037037037 0.009114583333333334 0.009259259259259259
0 0.7830729166666667 0.6953703703703704 0.009375 0.010185185185185186
0 0.7653645833333333 0.924537037037037 0.010677083333333334 0.010648148148148148
0 0.8263020833333333 0.925 0.011197916666666667 0.012037037037037037
0 0.7591145833333334 0.925 0.008333333333333333 0.009259259259259259
0 0.7221354166666667 0.9287037037037037 0.01015625 0.018518518518518517
0 0.9190104166666667 0.9291666666666667 0.00703125 0.009722222222222222
0 0.8859375 0.9300925925925926 0.012239583333333333 0.009259259259259259
0 0.94921875 0.9305555555555556 0.01015625 0.014814814814814815
0 0.959375 0.9310185185185185 0.009114583333333334 0.010648148148148148
0 0.9036458333333334 0.9310185185185185 0.00859375 0.009259259259259259
0 0.7440104166666667 0.9319444444444445 0.0078125 0.019444444444444445
0 0.87265625 0.9324074074074075 0.01015625 0.010185185185185186
0 0.9731770833333333 0.9342592592592592 0.014322916666666666 0.008333333333333333
0 0.95703125 0.9342592592592592 0.006510416666666667 0.016203703703703703
0 0.7375 0.9361111111111111 0.0067708333333333336 0.01712962962962963
0 0.9442708333333333 0.9365740740740741 0.00703125 0.013425925925925926
0 0.840625 0.937962962962963 0.00703125 0.0125
0 0.8497395833333333 0.9384259259259259 0.00859375 0.006481481481481481
0 0.9705729166666667 0.9388888888888889 0.006510416666666667 0.011574074074074073
0 0.6877604166666667 0.9430555555555555 0.006510416666666667 0.00787037037037037
0 0.9028645833333333 0.9467592592592593 0.009635416666666667 0.01712962962962963
0 0.9734375 0.9518518518518518 0.00546875 0.00787037037037037
0 0.86640625 0.9518518518518518 0.0036458333333333334 0.008796296296296297
0 0.8161458333333333 0.9537037037037037 0.011458333333333333 0.006481481481481481
0 0.93984375 0.9541666666666667 0.010677083333333334 0.00787037037037037
0 0.72265625 0.9546296296296296 0.012239583333333333 0.009722222222222222
0 0.8265625 0.9578703703703704 0.0049479166666666664 0.012962962962962963
0 0.86171875 0.9587962962962963 0.00390625 0.011574074074074073
0 0.8916666666666667 0.9587962962962963 0.01015625 0.014351851851851852
0 0.8135416666666667 0.9597222222222223 0.0067708333333333336 0.009722222222222222
0 0.7369791666666666 0.9606481481481481 0.00546875 0.013888888888888888
0 0.7526041666666666 0.9634259259259259 0.010416666666666666 0.009722222222222222
0 0.8463541666666666 0.9657407407407408 0.010677083333333334 0.008796296296296297
0 0.9427083333333334 0.9657407407407408 0.004166666666666667 0.007407407407407408
0 0.7611979166666667 0.9708333333333333 0.00859375 0.009259259259259259
0 0.740625 0.7 0.0049479166666666664 0.012962962962962963
0 0.721875 0.9763888888888889 0.008333333333333333 0.016203703703703703
0 0.7861979166666667 0.9791666666666666 0.005729166666666666 0.009259259259259259
0 0.7666666666666667 0.9810185185185185 0.010416666666666666 0.008333333333333333
0 0.91171875 0.9814814814814815 0.00546875 0.010185185185185186
0 0.8127604166666667 0.9837962962962963 0.00546875 0.006481481481481481
0 0.8697916666666666 0.987037037037037 0.009114583333333334 0.008333333333333333
0 0.7388020833333333 0.9893518518518518 0.0067708333333333336 0.006481481481481481
0 0.9005208333333333 0.7018518518518518 0.005989583333333334 0.007407407407407408
0 0.8486979166666667 0.7023148148148148 0.011197916666666667 0.007407407407407408
0 0.80546875 0.9958333333333333 0.007291666666666667 0.005555555555555556
0 0.74765625 0.9958333333333333 0.00703125 0.00787037037037037
0 0.734375 0.9962962962962963 0.00625 0.005555555555555556
0 0.9822916666666667 0.6736111111111112 0.011979166666666667 0.00787037037037037
0 0.8755208333333333 0.674074074074074 0.009375 0.009259259259259259
0 0.9927083333333333 0.7106481481481481 0.0109375 0.011111111111111112
0 0.8080729166666667 0.7106481481481481 0.011458333333333333 0.00787037037037037
0 0.9197916666666667 0.711574074074074 0.0046875 0.010185185185185186
0 0.7033854166666667 0.7129629629629629 0.009635416666666667 0.006481481481481481
0 0.98359375 0.7134259259259259 0.011197916666666667 0.008333333333333333
0 0.7802083333333333 0.7138888888888889 0.008854166666666666 0.014814814814814815
0 0.821875 0.7143518518518519 0.013020833333333334 0.009722222222222222
0 0.93671875 0.7157407407407408 0.009375 0.012037037037037037
0 0.8895833333333333 0.674537037037037 0.009635416666666667 0.010185185185185186
0 0.6872395833333333 0.7189814814814814 0.01171875 0.011111111111111112
0 0.8317708333333333 0.7194444444444444 0.009114583333333334 0.010185185185185186
0 0.8388020833333333 0.7231481481481481 0.008072916666666667 0.010185185185185186
0 0.9947916666666666 0.7277777777777777 0.008854166666666666 0.014351851851851852
0 0.8721354166666667 0.7310185185185185 0.004166666666666667 0.008796296296296297
0 0.6893229166666667 0.7375 0.005989583333333334 0.012962962962962963
0 0.6729166666666667 0.7393518518518518 0.00625 0.00787037037037037
0 0.8546875 0.7412037037037037 0.004166666666666667 0.008796296296296297
0 0.9059895833333333 0.7449074074074075 0.00703125 0.01574074074074074
0 0.8614583333333333 0.7462962962962963 0.00546875 0.011111111111111112
0 0.9723958333333333 0.7523148148148148 0.01171875 0.009259259259259259
0 0.75859375 0.7532407407407408 0.0046875 0.010185185185185186
0 0.90234375 0.7532407407407408 0.007291666666666667 0.007407407407407408
0 0.8919270833333334 0.7546296296296297 0.0049479166666666664 0.008796296296296297
0 0.8252604166666667 0.7564814814814815 0.00546875 0.011574074074074073
0 0.8348958333333333 0.7578703703703704 0.005729166666666666 0.013425925925925926