0 0.8111979166666666 0.012962962962962963 0.0171875 0.025925925925925925
0 0.6080729166666666 0.012037037037037037 0.024479166666666666 0.024074074074074074
0 0.6484375 0.016203703703703703 0.025 0.032407407407407406
0 0.6929427083333334 0.03484259259259259 0.028453125 0.02897222222222222
0 0.6494322916666666 0.04413888888888885 0.023385416666666655 0.03525
0 0.6056875 0.051101851851851905 0.016541666666666666 0.04544444444444443
0 0.6266927083333333 0.05363888888888884 0.020510416666666663 0.04206481481481482
0 0.6832708333333334 0.06406481481481487 0.013869791666666664 0.04431481481481482
0 0.6500260416666667 0.07244444444444445 0.019166666666666672 0.02934259259259259
0 0.7368802083333333 0.08216666666666668 0.023916666666666645 0.030648148148148143
0 0.6979322916666667 0.08814814814814818 0.011812499999999988 0.02825925925925927
0 0.6805364583333334 0.08906481481481486 0.010776041666666665 0.03262037037037036
0 0.7128697916666666 0.09237037037037037 0.012687500000000008 0.05529629629629631
0 0.6602083333333333 0.0970925925925926 0.03035937500000001 0.023324074074074073
0 0.8360572916666666 0.10160185185185187 0.023807291666666685 0.028953703703703714
0 0.7556614583333333 0.10948148148148149 0.013651041666666686 0.04641666666666666
0 0.6765729166666666 0.11456481481481483 0.03043229166666667 0.027944444444444452
0 0.5859322916666667 0.1161851851851852 0.01204166666666667 0.02094444444444445
0 0.6079635416666667 0.1183703703703704 0.018375 0.026157407407407407
0 0.6293854166666667 0.12638888888888888 0.01733854166666667 0.024444444444444435
0 0.7261458333333334 0.12666666666666662 0.016890624999999975 0.022194444444444458
0 0.6474479166666666 0.13201851851851856 0.025447916666666674 0.02556481481481483
0 0.8165625 0.1373703703703704 0.028567708333333344 0.031203703703703692
0 0.6967031250000001 0.13765740740740737 0.01553645833333334 0.030768518518518535
0 0.5765625 0.14444444444444443 0.013541666666666667 0.037037037037037035
0 0.6708645833333333 0.1477962962962963 0.021875 0.03007407407407409
0 0.7823697916666668 0.14807407407407402 0.017625000000000016 0.03908333333333332
0 0.6503020833333333 0.153287037037037 0.018791666666666658 0.039370370370370354
0 0.7344218750000001 0.15941666666666662 0.02788020833333332 0.035564814814814785
0 0.6188437499999999 0.16272222222222224 0.014322916666666666 0.02443518518518517
0 0.6720572916666666 0.16779629629629633 0.01948958333333334 0.026268518518518524
0 0.688578125 0.17223148148148149 0.025911458333333335 0.024009259259259265
0 0.6306510416666666 0.17694444444444446 0.014359374999999997 0.04104629629629628
0 0.7933802083333333 0.18412962962962964 0.027859375000000006 0.02499074074074075
0 0.7350208333333333 0.1935 0.02798958333333334 0.028111111111111125
0 0.66496875 0.1951203703703704 0.024796875000000006 0.022333333333333337
0 0.6821249999999999 0.1999814814814815 0.023458333333333345 0.043879629629629616
0 0.6388125 0.20279629629629628 0.008625 0.037805555555555544
2 0.7397291666666667 0.22145370370370365 0.028671874999999975 0.05230555555555556
0 0.6608437500000001 0.22773148148148153 0.01275000000000001 0.05262037037037038
0 0.6445624999999999 0.23019444444444445 0.024395833333333342 0.038398148148148174
0 0.6294635416666667 0.23152777777777775 0.010838541666666668 0.03318518518518521
0 0.7203125 0.37210185185185185 0.026416666666666682 0.03186111111111108
0 0.022307291666666687 0.8773888888888889 0.026520833333333337 0.040574074074074123
0 0.57890625 0.9351851851851852 0.018229166666666668 0.02962962962962963