0 0.6955078125 0.08411458333333334 0.042578125 0.16822916666666668
0 0.9677734375 0.1015625 0.063671875 0.08854166666666667
0 0.8196640625 0.13830729166666664 0.10317578125000001 0.12857812500000002
0 0.7754921875 0.1572604166666667 0.04738281249999998 0.09183333333333331
0 0.732625 0.1801145833333333 0.048019531250000025 0.06347395833333333
0 0.9570429687500001 0.20991145833333333 0.06477734374999997 0.10686458333333336
0 0.770390625 0.24839062500000003 0.05671484375000002 0.10743229166666665
0 0.995703125 0.26276041666666666 0.0078125 0.1453125
0 0.88705859375 0.26936458333333335 0.11947265624999996 0.1198645833333333
0 0.9507539062499999 0.32216666666666666 0.042441406250000036 0.13692187499999997
0 0.870671875 0.34415104166666666 0.11925390624999999 0.12534375000000003
0 0.7741757812500001 0.36746354166666667 0.10628515624999997 0.1735260416666667
1 0.6107421875 0.4044270833333333 0.021484375 0.22552083333333334
0 0.660546875 0.47682291666666665 0.09296875 0.16510416666666666
0 0.86796875 0.4822916666666667 0.0765625 0.15416666666666667
0 0.7500859375 0.49157291666666664 0.07633984375000002 0.12668750000000006
0 0.8224609375 0.5083333333333333 0.051953125 0.10208333333333333
0 0.973828125 0.5356770833333333 0.0515625 0.04739583333333333
0 0.6634765625 0.011197916666666667 0.040234375 0.022395833333333334
0 0.9435546875 0.009895833333333333 0.112109375 0.019791666666666666
0 0.8365234375 0.028645833333333332 0.077734375 0.057291666666666664
0 0.75234375 0.047135416666666666 0.065625 0.09427083333333333
1 0.6365234375 0.08359375 0.073046875 0.1671875
0 0.9066953124999999 0.08072916666666667 0.05328125000000004 0.15579166666666666
0 0.4087890625 0.6291666666666667 0.0265625 0.03697916666666667
0 0.5177734375 0.6403645833333333 0.0494140625 0.023177083333333334
0 0.583203125 0.6479166666666667 0.0328125 0.034375
0 0.354296875 0.6682291666666667 0.03046875 0.0140625
0 0.3162109375 0.671875 0.0228515625 0.019791666666666666
0 0.390234375 0.6731770833333334 0.0337890625 0.032552083333333336
0 0.526953125 0.6885416666666667 0.02421875 0.036458333333333336
0 0.3732421875 0.6971354166666667 0.01953125 0.038802083333333334
0 0.359765625 0.7088541666666667 0.0181640625 0.03697916666666667
0 0.47265625 0.7098958333333333 0.0234375 0.04296875
0 0.50390625 0.7140625 0.0146484375 0.054947916666666666
0 0.421875 0.71484375 0.03359375 0.01953125
0 0.4015625 0.7296875 0.020703125 0.03515625
0 0.4248046875 0.7427083333333333 0.0220703125 0.029166666666666667
0 0.403515625 0.76328125 0.0150390625 0.027864583333333335
0 0.346875 0.7651041666666667 0.0140625 0.026822916666666665
0 0.369921875 0.79296875 0.01328125 0.028385416666666666
0 0.3888671875 0.7947916666666667 0.01796875 0.03125
2 0.166015625 0.81484375 0.0208984375 0.03359375
0 0.3064453125 0.8244791666666667 0.021484375 0.02265625
0 0.4681640625 0.5880208333333333 0.0162109375 0.05625
0 0.38671875 0.89375 0.018359375 0.0296875
0 0.482421875 0.9072916666666667 0.028125 0.026302083333333334
0 0.43046875 0.5947916666666667 0.04375 0.027864583333333335
0 0.4875 0.9265625 0.0296875 0.019270833333333334
0 0.3638671875 0.9338541666666667 0.016015625 0.020572916666666666
0 0.125 0.94453125 0.019921875 0.03958333333333333
0 0.4310546875 0.9625 0.03828125 0.04505208333333333
0 0.36171875 0.9783854166666667 0.0279296875 0.023177083333333334
0 0.61659765625 0.7678385416666667 0.01650390625 0.021437499999999984
0 0.66478515625 0.7779427083333333 0.009480468749999993 0.020989583333333308
2 0.6571015625 0.7979375 0.018449218750000003 0.014812500000000029
0 0.6419570312499999 0.806015625 0.008730468749999998 0.02205729166666668
0 0.670359375 0.8074635416666667 0.007253906249999997 0.026473958333333356
0 0.72546484375 0.8079375 0.01732031250000001 0.017109375000000013
0 0.65669921875 0.8245625 0.015953125000000005 0.027374999999999972
0 0.61327734375 0.8432656250000001 0.01220703125 0.022500000000000023
0 0.6239375 0.8540625 0.019410156249999998 0.018192708333333366
0 0.70007421875 0.9369114583333332 0.01158203124999999 0.020005208333333375
0 0.690625 0.9825520833333333 0.0265625 0.033854166666666664