1 0.8206770833333333 0.3186666666666667 0.10985416666666664 0.14946296296296294
2 0.42500520833333333 0.8412777777777778 0.030583333333333348 0.03719444444444446
0 0.35268229166666665 0.8588611111111112 0.01792708333333337 0.049824074074074076
0 0.4019114583333333 0.8781574074074073 0.023239583333333275 0.02824999999999999
0 0.3715260416666667 0.8783055555555556 0.027052083333333362 0.022046296296296272
0 0.42127083333333337 0.8915833333333333 0.014088541666666643 0.03288888888888887
0 0.380984375 0.9202777777777778 0.02798958333333334 0.02821296296296299
0 0.93515625 0.6736111111111112 0.0609375 0.04722222222222222
2 0.7360260416666667 0.6850740740740741 0.05675520833333334 0.06582407407407408
0 0.8648229166666667 0.7102222222222222 0.051328124999999974 0.09575925925925928
0 0.809515625 0.7251944444444445 0.060510416666666685 0.07569444444444444
2 0.7210468750000001 0.843537037037037 0.052322916666666656 0.08275925925925925
0 0.9412187499999999 0.8672222222222222 0.0530885416666667 0.08475925925925926
0 0.8150729166666667 0.9138240740740742 0.053916666666666654 0.06870370370370373
2 0.6838541666666667 0.9490740740740741 0.04791666666666667 0.07407407407407407
0 0.9770833333333333 0.9541666666666667 0.04479166666666667 0.04351851851851852
0 0.8963541666666667 0.9819444444444444 0.040625 0.03425925925925926
0 0.7981770833333334 0.9888888888888889 0.0328125 0.020370370370370372