0 0.09175520833333331 0.6547129629629629 0.02896875 0.03041666666666666
2 0.05977083333333333 0.7301851851851852 0.013921875000000002 0.045185185185185196
0 0.1636302083333333 0.7728425925925926 0.01593750000000001 0.049231481481481494
0 0.055807291666666654 0.7903796296296296 0.029770833333333323 0.02499074074074075
0 0.08285937500000001 0.7957962962962963 0.010729166666666679 0.02755555555555555
0 0.11931770833333336 0.8008703703703705 0.012802083333333325 0.025666666666666692
0 0.09619270833333336 0.8046666666666666 0.010885416666666654 0.02850925925925928
0 0.16179687499999998 0.8075092592592593 0.02429687499999999 0.03907407407407407
0 0.13227083333333337 0.8253888888888888 0.02529687500000001 0.0356759259259259
0 0.10975520833333334 0.827962962962963 0.015156250000000012 0.02945370370370368
0 0.09542708333333334 0.8352777777777778 0.014411458333333342 0.04205555555555555
0 0.2581875 0.8511388888888889 0.01630208333333331 0.062157407407407404
0 0.07478125000000002 0.8729907407407408 0.01548437500000001 0.0423055555555556
0 0.01328125 0.8870370370370371 0.0265625 0.022222222222222223
0 0.06959895833333334 0.9065740740740741 0.011218750000000003 0.05583333333333329
0 0.127609375 0.9647037037037038 0.021203125000000003 0.03743518518518514