0 0.8581302083333333 0.4088703703703704 0.029421875000000004 0.031324074074074115
0 0.6013020833333333 0.7189814814814814 0.018489583333333334 0.02361111111111111
0 0.20260416666666667 0.7851851851851852 0.0390625 0.02962962962962963
0 0.5893229166666667 0.8203703703703704 0.027604166666666666 0.033796296296296297
0 0.56796875 0.8351851851851851 0.015885416666666666 0.0412037037037037
0 0.07942708333333333 0.837037037037037 0.0328125 0.025925925925925925
0 0.12135416666666667 0.8513888888888889 0.028385416666666666 0.02175925925925926
0 0.17864583333333334 0.8652777777777778 0.0453125 0.03425925925925926
0 0.584375 0.8694444444444445 0.034895833333333334 0.01898148148148148
0 0.49583333333333335 0.8773148148148148 0.029427083333333333 0.02175925925925926
0 0.3953125 0.8787037037037037 0.03177083333333333 0.01898148148148148
0 0.5838541666666667 0.8805555555555555 0.02890625 0.012962962962962963
0 0.5385416666666667 0.8875 0.032552083333333336 0.017592592592592594
0 0.3143229166666667 0.9361111111111111 0.040625 0.031018518518518518
0 0.19817708333333334 0.6194444444444445 0.04453125 0.025925925925925925
0 0.5263020833333333 0.6476851851851851 0.029166666666666667 0.027314814814814816