2 0.5387239583333333 0.0455925925925926 0.018734375000000015 0.04181481481481481
2 0.5744895833333333 0.0650462962962963 0.028484375 0.037814814814814815
2 0.49921875 0.08725925925925927 0.015765625000000002 0.02637037037037036
2 0.6512343749999999 0.129537037037037 0.02915625000000001 0.03932407407407409
0 0.7468281250000001 0.14542592592592588 0.03598437499999996 0.026046296296296293
2 0.7325 0.22767592592592592 0.031218750000000028 0.02818518518518521
0 0.1650104166666667 0.644361111111111 0.023395833333333314 0.04119444444444445
0 0.8095104166666667 0.56725 0.01981249999999998 0.048499999999999995
0 0.8007135416666666 0.6164259259259259 0.023052083333333327 0.06041666666666667
0 0.8339947916666667 0.6768055555555555 0.016640625000000023 0.06884259259259261
0 0.909296875 0.6879166666666667 0.04160937500000005 0.041675925925925915
0 0.7930156250000001 0.6886388888888889 0.019463541666666608 0.04928703703703705
0 0.8118854166666668 0.6887407407407407 0.013640625000000028 0.06800925925925926
0 0.7913958333333333 0.7182685185185186 0.03150000000000001 0.029537037037037014
0 0.8426197916666667 0.7250555555555555 0.022140624999999994 0.0505185185185185
0 0.7518072916666667 0.727111111111111 0.02593229166666665 0.04475925925925929
0 0.8240989583333334 0.7343148148148148 0.025375000000000016 0.022120370370370356
0 0.7984010416666666 0.744388888888889 0.028145833333333314 0.025
0 0.77559375 0.7620833333333333 0.021635416666666647 0.018407407407407404
0 0.8294791666666667 0.7641388888888889 0.018776041666666642 0.04227777777777775
0 0.7981666666666667 0.768361111111111 0.019546874999999984 0.022314814814814836
0 0.8721354166666667 0.7729907407407407 0.013119791666666695 0.062435185185185246
0 0.8187708333333333 0.7992222222222223 0.013057291666666634 0.04699999999999999
0 0.7922083333333333 0.8013796296296296 0.020619791666666623 0.030333333333333323
0 0.8428489583333333 0.8013796296296296 0.013515625000000024 0.04514814814814814
0 0.8611406249999999 0.8310092592592593 0.017515625000000055 0.0525462962962963
0 0.7148749999999999 0.8980740740740741 0.020151041666666696 0.07310185185185189
0 0.7831770833333334 0.9740925925925926 0.012281249999999962 0.03872222222222221
0 0.7989583333333333 0.9833333333333333 0.022916666666666665 0.03148148148148148