0 0.5755572916666666 0.04153703703703704 0.014401041666666654 0.05632407407407408
0 0.8953385416666666 0.12125925925925926 0.03284374999999997 0.046638888888888896
0 0.8643697916666667 0.1335 0.019078125000000057 0.04765740740740742
0 0.8421510416666665 0.18010185185185185 0.012864583333333356 0.048268518518518516
0 0.9940104166666667 0.19953703703703704 0.0109375 0.05648148148148148
0 0.76609375 0.2125 0.018416666666666616 0.037768518518518535
0 0.8727083333333333 0.24912037037037038 0.011484374999999976 0.024583333333333318
0 0.7897083333333333 0.2725740740740741 0.016322916666666624 0.05174074074074074
0 0.8481666666666666 0.2856388888888889 0.011015625000000048 0.04699999999999999
0 0.8654739583333334 0.29335185185185186 0.010630208333333375 0.04885185185185184
0 0.9019375000000001 0.29541666666666666 0.026192708333333314 0.0455555555555556
0 0.8317864583333333 0.2990185185185185 0.0210572916666667 0.029305555555555536
0 0.8077656249999999 0.3350185185185185 0.025348958333333373 0.02954629629629627
0 0.8310364583333334 0.3536388888888889 0.0121458333333333 0.0459537037037037
0 0.812109375 0.3623796296296296 0.02570312499999995 0.03258333333333338
0 0.6324479166666667 0.7456111111111111 0.018812500000000003 0.06220370370370376
0 0.682375 0.7547129629629629 0.029994791666666683 0.03782407407407409
0 0.7799583333333333 0.8060925925925925 0.014744791666666639 0.06095370370370374
2 0.728734375 0.8394259259259259 0.031052083333333307 0.02762037037037041
0 0.9061875 0.8533148148148149 0.026541666666666686 0.03316666666666671
0 0.7149895833333333 0.8553611111111111 0.017416666666666695 0.041712962962962924
0 0.8212812500000001 0.8556296296296296 0.025526041666666662 0.02483333333333338
0 0.7466145833333333 0.8797037037037038 0.025890625000000018 0.025083333333333364
0 0.7104791666666667 0.8845555555555557 0.017083333333333308 0.03122222222222225
2 0.47521875 0.8921944444444445 0.025979166666666664 0.051675925925925875
0 0.7638125 0.8929722222222222 0.018088541666666676 0.024287037037037055
0 0.7419322916666666 0.8941574074074075 0.014869791666666642 0.031416666666666676
0 0.6904322916666668 0.8957870370370371 0.02234374999999999 0.019351851851851884
0 0.719078125 0.8968240740740742 0.011239583333333355 0.05337962962962966
0 0.49875 0.903 0.013296875000000001 0.0510555555555556
2 0.7038177083333333 0.9326203703703704 0.02191666666666669 0.04734259259259269
0 0.7324375 0.938138888888889 0.012812499999999982 0.05584259259259254
0 0.668078125 0.9398703703703704 0.028640625000000006 0.033777777777777795
0 0.64765625 0.9930555555555556 0.0296875 0.012037037037037037