0 0.714234375 0.0690925925925926 0.02810416666666667 0.03935185185185185
0 0.990625 0.1162037037037037 0.017708333333333333 0.04537037037037037
0 0.9767708333333334 0.13603703703703704 0.01143229166666669 0.05493518518518517
0 0.6258750000000001 0.13878703703703701 0.023500000000000004 0.03436111111111113
0 0.655921875 0.1575555555555556 0.02030729166666667 0.02903703703703705
0 0.69696875 0.17624074074074073 0.032546875 0.04583333333333333
0 0.9875 0.18194444444444444 0.023958333333333335 0.026851851851851852
0 0.9249166666666667 0.1927037037037037 0.02109375 0.029370370370370397
0 0.8526145833333333 0.19433333333333333 0.022755208333333363 0.025425925925925907
0 0.9881041666666666 0.19699074074074074 0.020791666666666705 0.017601851851851844
0 0.95559375 0.20625 0.0234010416666667 0.02353703703703705
0 0.7944479166666666 0.27113888888888893 0.029140625000000024 0.0411851851851852
0 0.12821354166666665 0.7937407407407407 0.012296875000000007 0.039944444444444435
2 0.05224479166666664 0.8801388888888888 0.017656250000000002 0.05473148148148139
0 0.6856979166666667 0.7468055555555555 0.040807291666666676 0.04051851851851851