2 0.8761249999999999 0.09126851851851857 0.017921875000000042 0.05351851851851853
0 0.25052083333333336 0.6092592592592593 0.01015625 0.02361111111111111
0 0.2703125 0.6157407407407407 0.01640625 0.009259259259259259
0 0.36875 0.6185185185185185 0.005989583333333334 0.028703703703703703
0 0.4010416666666667 0.6199074074074075 0.015364583333333333 0.01574074074074074
0 0.28151041666666665 0.6259259259259259 0.011979166666666667 0.025
0 0.3268229166666667 0.6263888888888889 0.01015625 0.023148148148148147
0 0.1125 0.6300925925925925 0.015625 0.012962962962962963
0 0.22786458333333334 0.6314814814814815 0.008333333333333333 0.02361111111111111
0 0.05416666666666667 0.6370370370370371 0.012239583333333333 0.013425925925925926
0 0.40911458333333334 0.6393518518518518 0.009375 0.025
0 0.13098958333333333 0.6416666666666667 0.014322916666666666 0.013425925925925926
0 0.46015625 0.6509259259259259 0.017708333333333333 0.031018518518518518
0 0.240625 0.6625 0.010416666666666666 0.027314814814814816
0 0.16484375 0.4634259259259259 0.0140625 0.024537037037037038
0 0.11588541666666667 0.6652777777777777 0.008333333333333333 0.03657407407407407
0 0.3328125 0.6671296296296296 0.009635416666666667 0.016666666666666666
0 0.3223958333333333 0.6796296296296296 0.01015625 0.016666666666666666
0 0.3606770833333333 0.6828703703703703 0.015364583333333333 0.009259259259259259
0 0.24635416666666668 0.6935185185185185 0.0078125 0.016666666666666666
0 0.43515625 0.6962962962962963 0.021354166666666667 0.018055555555555554
0 0.08723958333333333 0.6967592592592593 0.012760416666666666 0.01712962962962963
0 0.17708333333333334 0.6967592592592593 0.007291666666666667 0.016666666666666666
0 0.296875 0.7013888888888888 0.016145833333333335 0.016666666666666666
0 0.3703125 0.7023148148148148 0.01328125 0.020370370370370372
0 0.0625 0.7050925925925926 0.013541666666666667 0.01712962962962963
0 0.43463541666666666 0.7087962962962963 0.012760416666666666 0.019444444444444445
0 0.28411458333333334 0.7101851851851851 0.015104166666666667 0.016666666666666666
0 0.30755208333333334 0.46805555555555556 0.00859375 0.013425925925925926
0 0.34791666666666665 0.7175925925925926 0.011458333333333333 0.019444444444444445
0 0.2994791666666667 0.46944444444444444 0.008854166666666666 0.033796296296296297
0 0.37864583333333335 0.7305555555555555 0.01328125 0.024074074074074074
0 0.20546875 0.7356481481481482 0.01484375 0.020833333333333332
0 0.1046875 0.7379629629629629 0.016666666666666666 0.018055555555555554
0 0.15859375 0.7388888888888889 0.005989583333333334 0.02175925925925926
0 0.045572916666666664 0.7421296296296296 0.008333333333333333 0.03194444444444444
0 0.0234375 0.7421296296296296 0.013541666666666667 0.020833333333333332
0 0.23567708333333334 0.7425925925925926 0.008072916666666667 0.026851851851851852
0 0.35182291666666665 0.7462962962962963 0.013541666666666667 0.019444444444444445
0 0.10911458333333333 0.7537037037037037 0.013541666666666667 0.015277777777777777
0 0.14322916666666666 0.7550925925925925 0.015625 0.01574074074074074
0 0.1671875 0.7587962962962963 0.011979166666666667 0.012962962962962963
0 0.23151041666666666 0.4722222222222222 0.00546875 0.010648148148148148
0 0.20520833333333333 0.7620370370370371 0.008854166666666666 0.016666666666666666
0 0.31796875 0.763425925925926 0.004427083333333333 0.019444444444444445
0 0.3611979166666667 0.763425925925926 0.01484375 0.024537037037037038
0 0.30572916666666666 0.7726851851851851 0.00546875 0.022222222222222223
0 0.07083333333333333 0.7773148148148148 0.009635416666666667 0.028703703703703703
0 0.16197916666666667 0.7800925925925926 0.00546875 0.01712962962962963
0 0.42109375 0.7810185185185186 0.016145833333333335 0.016666666666666666
0 0.31588541666666664 0.7851851851851852 0.012760416666666666 0.02175925925925926
0 0.053125 0.7856481481481481 0.01328125 0.020370370370370372
0 0.1046875 0.7907407407407407 0.015625 0.02175925925925926
0 0.34453125 0.7953703703703704 0.009114583333333334 0.02824074074074074
0 0.08046875 0.8027777777777778 0.0067708333333333336 0.0125
0 0.3963541666666667 0.8032407407407407 0.018229166666666668 0.02175925925925926
0 0.18385416666666668 0.8032407407407407 0.005989583333333334 0.040740740740740744
0 0.28229166666666666 0.8055555555555556 0.013541666666666667 0.02638888888888889
0 0.022916666666666665 0.8078703703703703 0.01171875 0.01990740740740741
0 0.25416666666666665 0.8083333333333333 0.017708333333333333 0.018518518518518517
0 0.0026041666666666665 0.8092592592592592 0.0049479166666666664 0.01574074074074074
0 0.26536458333333335 0.812962962962963 0.016145833333333335 0.01990740740740741
0 0.3145833333333333 0.8180555555555555 0.012239583333333333 0.01712962962962963
0 0.3763020833333333 0.8194444444444444 0.019010416666666665 0.018055555555555554
0 0.15260416666666668 0.8203703703703704 0.01328125 0.016666666666666666
0 0.22760416666666666 0.825925925925926 0.00703125 0.029166666666666667
0 0.052083333333333336 0.8333333333333334 0.015625 0.013888888888888888
0 0.4401041666666667 0.8351851851851851 0.0078125 0.012962962962962963
0 0.2609375 0.8472222222222222 0.007552083333333333 0.017592592592592594
0 0.29765625 0.850925925925926 0.0171875 0.016203703703703703
0 0.3984375 0.8564814814814815 0.012760416666666666 0.016203703703703703
0 0.24609375 0.8583333333333333 0.013020833333333334 0.01574074074074074
0 0.16119791666666666 0.48333333333333334 0.013541666666666667 0.01712962962962963
0 0.1359375 0.8722222222222222 0.015104166666666667 0.018055555555555554
0 0.22265625 0.8726851851851852 0.015885416666666666 0.020370370370370372
0 0.12708333333333333 0.8731481481481481 0.011979166666666667 0.01574074074074074
0 0.07447916666666667 0.8791666666666667 0.014583333333333334 0.03148148148148148
0 0.35442708333333334 0.8800925925925925 0.009895833333333333 0.016666666666666666
0 0.3072916666666667 0.8819444444444444 0.017447916666666667 0.01574074074074074
0 0.39765625 0.8819444444444444 0.014322916666666666 0.025
0 0.41171875 0.8828703703703704 0.013020833333333334 0.017592592592592594
0 0.33255208333333336 0.8828703703703704 0.012239583333333333 0.01574074074074074
0 0.10546875 0.8842592592592593 0.0109375 0.03287037037037037
0 0.28854166666666664 0.8856481481481482 0.014322916666666666 0.01712962962962963
0 0.4317708333333333 0.888425925925926 0.020572916666666666 0.014351851851851852
0 0.40859375 0.888425925925926 0.009375 0.027314814814814816
0 0.09609375 0.8916666666666667 0.009635416666666667 0.028703703703703703
0 0.39036458333333335 0.8925925925925926 0.009895833333333333 0.023148148148148147
0 0.24322916666666666 0.8953703703703704 0.01015625 0.021296296296296296
0 0.2559895833333333 0.8958333333333334 0.012239583333333333 0.011111111111111112
0 0.428125 0.8962962962962963 0.009375 0.019444444444444445
0 0.02578125 0.9032407407407408 0.009114583333333334 0.013425925925925926
0 0.33151041666666664 0.9097222222222222 0.013802083333333333 0.029166666666666667
0 0.43203125 0.9180555555555555 0.0078125 0.012962962962962963
0 0.2796875 0.9185185185185185 0.005208333333333333 0.015277777777777777
0 0.20807291666666666 0.9212962962962963 0.01640625 0.011111111111111112
0 0.3841145833333333 0.9226851851851852 0.015364583333333333 0.012962962962962963
0 0.075 0.9231481481481482 0.017447916666666667 0.016203703703703703
0 0.22317708333333333 0.9282407407407407 0.00703125 0.02175925925925926
0 0.27291666666666664 0.9300925925925926 0.005729166666666666 0.019444444444444445
0 0.315625 0.9300925925925926 0.014322916666666666 0.024074074074074074
0 0.2046875 0.9314814814814815 0.009375 0.016203703703703703
0 0.09557291666666666 0.9333333333333333 0.007552083333333333 0.02361111111111111
0 0.11796875 0.937962962962963 0.01484375 0.016666666666666666
0 0.25104166666666666 0.9421296296296297 0.015104166666666667 0.014814814814814815
0 0.38828125 0.9421296296296297 0.005989583333333334 0.0125
0 0.12994791666666666 0.950462962962963 0.012239583333333333 0.016203703703703703
0 0.10078125 0.49166666666666664 0.00703125 0.02175925925925926
0 0.07421875 0.9601851851851851 0.011979166666666667 0.027777777777777776
0 0.16588541666666667 0.9648148148148148 0.008072916666666667 0.016203703703703703
0 0.13776041666666666 0.9675925925925926 0.01484375 0.014351851851851852
0 0.34427083333333336 0.9685185185185186 0.0078125 0.01712962962962963
0 0.20364583333333333 0.9726851851851852 0.0078125 0.011111111111111112
0 0.28463541666666664 0.9782407407407407 0.013020833333333334 0.014351851851851852
0 0.09817708333333333 0.9814814814814815 0.009635416666666667 0.011111111111111112
0 0.32838541666666665 0.4949074074074074 0.00859375 0.0125
0 0.25442708333333336 0.49537037037037035 0.015885416666666666 0.0125
0 0.19296875 0.9930555555555556 0.010416666666666666 0.009722222222222222
0 0.11067708333333333 0.9930555555555556 0.01015625 0.013425925925925926
0 0.09140625 0.9944444444444445 0.008854166666666666 0.009259259259259259
0 0.44453125 0.44675925925925924 0.016927083333333332 0.013425925925925926
0 0.2921875 0.44722222222222224 0.0125 0.014814814814814815
0 0.4591145833333333 0.5092592592592593 0.015625 0.01898148148148148
0 0.196875 0.5097222222222222 0.01640625 0.013425925925925926
0 0.35572916666666665 0.5111111111111111 0.0067708333333333336 0.01712962962962963
0 0.04791666666666667 0.513425925925926 0.013802083333333333 0.011574074074074073
0 0.44635416666666666 0.5148148148148148 0.015885416666666666 0.014351851851851852
0 0.15703125 0.5152777777777777 0.0125 0.025
0 0.21640625 0.5162037037037037 0.018229166666666668 0.016203703703703703
0 0.3796875 0.5180555555555556 0.01328125 0.01990740740740741
0 0.3125 0.4486111111111111 0.013802083333333333 0.017592592592592594
0 0.025 0.5236111111111111 0.016666666666666666 0.018518518518518517
0 0.23020833333333332 0.525 0.012760416666666666 0.016666666666666666
0 0.240625 0.5310185185185186 0.01171875 0.01712962962962963
0 0.4622395833333333 0.538425925925926 0.0125 0.024537037037037038
0 0.2877604166666667 0.5439814814814815 0.005989583333333334 0.014814814814814815
0 0.027604166666666666 0.5550925925925926 0.00859375 0.022222222222222223
0 0.0046875 0.5583333333333333 0.008854166666666666 0.013425925925925926
0 0.2630208333333333 0.5611111111111111 0.005989583333333334 0.014814814814814815
0 0.3359375 0.5675925925925925 0.01015625 0.02638888888888889
0 0.27265625 0.5699074074074074 0.0078125 0.018518518518518517
0 0.43072916666666666 0.5800925925925926 0.016927083333333332 0.01574074074074074
0 0.12630208333333334 0.5819444444444445 0.0067708333333333336 0.017592592592592594
0 0.33098958333333334 0.5824074074074074 0.01015625 0.0125
0 0.31588541666666664 0.5842592592592593 0.00703125 0.015277777777777777
0 0.22135416666666666 0.5875 0.0078125 0.019444444444444445
0 0.23489583333333333 0.5898148148148148 0.008333333333333333 0.022685185185185187