0 0.36822916666666666 0.6087962962962963 0.016666666666666666 0.017592592592592594
0 0.44921875 0.6194444444444445 0.021354166666666667 0.03888888888888889
0 0.429546875 0.6513703703703704 0.033531250000000054 0.039296296296296294
0 0.4109375 0.6594444444444445 0.022921874999999994 0.06174074074074075
0 0.43707291666666664 0.7317037037037037 0.029354166666666615 0.031129629629629636
0 0.41378125000000004 0.7402037037037038 0.024380208333333306 0.03952777777777777
0 0.40346354166666665 0.7655925925925925 0.010395833333333352 0.04935185185185186
0 0.3771197916666667 0.7678148148148148 0.013291666666666656 0.050712962962962946
0 0.40104687499999997 0.7916203703703704 0.02127083333333329 0.039231481481481485
0 0.43228125 0.8188981481481482 0.03349999999999997 0.021796296296296314
0 0.401515625 0.8364537037037038 0.028562499999999956 0.03871296296296294
2 0.8609375 0.9884259259259259 0.01875 0.021296296296296296