0 0.7357421875 0.5098958333333333 0.012109375 0.171875
0 0.9802734375 0.5291666666666667 0.038671875 0.08854166666666667
0 0.8446640625 0.5659114583333333 0.10317578125 0.12857812499999993
0 0.8004921875000001 0.5848645833333334 0.0473828125 0.09183333333333342
0 0.757625 0.60771875 0.048019531250000004 0.06347395833333327
0 0.974609375 0.6364583333333333 0.05 0.10520833333333333
0 0.7953125 0.65546875 0.05703125 0.0671875
0 0.9119140625 0.6630208333333333 0.119921875 0.052083333333333336
0 0.762109375 0.08489583333333334 0.06484375 0.08333333333333333
0 0.7390625 0.18203125 0.01875 0.0953125
0 0.7390625 0.015364583333333333 0.01875 0.030729166666666665
0 0.78388671875 0.2504114583333334 0.0467265625 0.14168229166666668
1 0.8773320312499999 0.26777083333333335 0.13335546874999998 0.11043229166666665
0 0.7396484375 0.31223958333333335 0.019921875 0.1734375
0 0.77520703125 0.3453072916666667 0.06582421875 0.13702604166666663
0 0.86484375 0.034895833333333334 0.053125 0.06979166666666667
0 0.9560546875 0.40338541666666666 0.087109375 0.08802083333333334
0 0.86158984375 0.40751041666666665 0.07713671875000001 0.15379166666666666
0 0.7773671875 0.46117708333333335 0.0652734375 0.12050520833333328
0 0.9316953124999999 0.5083333333333333 0.053281250000000016 0.1557916666666666
2 0.3166015625 0.8421354166666667 0.014953124999999989 0.030453125000000015
0 0.87139453125 0.8613541666666666 0.020757812499999993 0.020395833333333318
0 0.89231640625 0.8696354166666667 0.0074843749999999876 0.02854687499999997