0 0.5830729166666667 0.46296296296296297 0.019270833333333334 0.03148148148148148
0 0.07552083333333333 0.5041666666666667 0.06458333333333334 0.049074074074074076
0 0.34010416666666665 0.5032407407407408 0.023958333333333335 0.04722222222222222
0 0.27517708333333335 0.5208518518518518 0.013989583333333281 0.051379629629629636
0 0.3246041666666667 0.538962962962963 0.017708333333333333 0.03833333333333334
0 0.28953124999999996 0.5423518518518519 0.014249999999999948 0.04869444444444445
0 0.30295833333333333 0.5651851851851851 0.01378125000000002 0.04251851851851853
0 0.32900520833333335 0.5706388888888888 0.032296874999999996 0.03325925925925927
0 0.26805729166666664 0.5730092592592593 0.01900000000000001 0.05814814814814816
0 0.3295833333333333 0.5965648148148148 0.024192708333333358 0.02008333333333333
0 0.36471875 0.6250555555555555 0.028489583333333356 0.046203703703703684
0 0.3094427083333333 0.6268055555555556 0.014708333333333339 0.04106481481481484
0 0.29526041666666664 0.6293796296296297 0.013187499999999967 0.04249999999999998
0 0.344515625 0.6303055555555556 0.012390624999999982 0.043120370370370364
0 0.3251875 0.6319537037037037 0.019562499999999972 0.051342592592592586
0 0.39979166666666666 0.6485092592592593 0.01669270833333331 0.05360185185185184
0 0.3140104166666667 0.66425 0.014588541666666661 0.036935185185185175
0 0.3448645833333333 0.6699074074074074 0.01608333333333339 0.03961111111111108
0 0.355515625 0.7002592592592592 0.030223958333333318 0.02005555555555558
0 0.4046875 0.7393518518518518 0.009375 0.05277777777777778
0 0.36425520833333336 0.7841944444444445 0.023395833333333373 0.04472222222222218
0 0.30863541666666666 0.9374629629629629 0.022567708333333294 0.012999999999999966
0 0.2993125 0.9653425925925927 0.017125000000000057 0.018138888888888812