1 0.8908854166666667 0.3125 0.029166666666666667 0.10601851851851851
0 0.5013020833333334 0.7199074074074074 0.08307291666666666 0.024074074074074074
0 0.21432291666666667 0.7592592592592593 0.015625 0.013888888888888888
0 0.6140625 0.7837962962962963 0.03125 0.016666666666666666
0 0.24114583333333334 0.8115740740740741 0.027083333333333334 0.024537037037037038
0 0.6677083333333333 0.8333333333333334 0.025260416666666667 0.008796296296296297
0 0.3692708333333333 0.85 0.015104166666666667 0.007407407407407408
0 0.7049479166666667 0.8518518518518519 0.028125 0.019444444444444445
0 0.10677083333333333 0.8546296296296296 0.03697916666666667 0.012037037037037037
2 0.27578125 0.8611111111111112 0.071875 0.03657407407407407
2 0.15911458333333334 0.8870370370370371 0.035416666666666666 0.022685185185185187
0 0.440625 0.8888888888888888 0.01953125 0.012962962962962963
0 0.51875 0.9171296296296296 0.065625 0.03009259259259259
0 0.17760416666666667 0.9541666666666667 0.02265625 0.007407407407407408
0 0.42682291666666666 0.9587962962962963 0.013802083333333333 0.008333333333333333
0 0.4244791666666667 0.9884259259259259 0.030989583333333334 0.012037037037037037