0 0.38776041666666666 0.1638888888888889 0.016145833333333335 0.037037037037037035
0 0.5622395833333333 0.5189814814814815 0.034895833333333334 0.019444444444444445
0 0.54259375 0.5310555555555555 0.02385937499999997 0.04218518518518519
0 0.50765625 0.5350555555555556 0.011734374999999986 0.03961111111111111
0 0.5307447916666667 0.5473055555555556 0.02439062500000002 0.01942592592592593
0 0.39608333333333334 0.5511481481481482 0.02095833333333334 0.03995370370370371
0 0.452890625 0.5586388888888889 0.026609375000000008 0.02560185185185186
2 0.49771354166666665 0.5609166666666666 0.025520833333333333 0.02633333333333333
0 0.5599635416666667 0.5617962962962963 0.02368229166666668 0.024027777777777773
0 0.4820520833333333 0.56275 0.015687500000000004 0.02267592592592593
0 0.38307291666666665 0.5638888888888889 0.0067708333333333336 0.02962962962962963
0 0.530171875 0.5720925925925926 0.028276041666666647 0.021861111111111116
0 0.3888020833333333 0.5907407407407408 0.018229166666666668 0.040740740740740744
0 0.47265625 0.5917222222222221 0.018505208333333318 0.04112962962962964
0 0.5976770833333334 0.5963611111111111 0.019979166666666673 0.04554629629629629
2 0.44741666666666663 0.6018055555555556 0.026130208333333342 0.040824074074074075
0 0.4288645833333333 0.6063518518518519 0.011151041666666665 0.03675
0 0.5013958333333333 0.6117962962962963 0.026369791666666663 0.036907407407407423
0 0.5240520833333333 0.6173425925925926 0.025192708333333334 0.0371574074074074
0 0.4492083333333333 0.6291111111111112 0.02897395833333333 0.02013888888888889
0 0.5869114583333332 0.6346296296296297 0.027614583333333324 0.027277777777777772
0 0.43168229166666666 0.6605462962962962 0.017145833333333343 0.03837962962962962
0 0.5825677083333333 0.6641018518518519 0.02691145833333331 0.03413888888888889
0 0.457984375 0.6852314814814814 0.02086979166666666 0.05441666666666665