0 0.705453125 0.2072314814814815 0.05336458333333334 0.2093240740740741
0 0.269796875 0.46325 0.03621874999999998 0.028759259259259262
0 0.33613020833333335 0.49020370370370364 0.03832291666666663 0.03822222222222222
0 0.13319791666666667 0.5426574074074073 0.030036458333333328 0.04684259259259262
0 0.34897395833333333 0.5613888888888888 0.02904687499999999 0.02749999999999999
0 0.5536458333333333 0.5671296296296297 0.011458333333333333 0.03425925925925926
0 0.366625 0.567861111111111 0.02638020833333338 0.026879629629629604
0 0.3887916666666667 0.5832962962962963 0.02440104166666662 0.033055555555555546
0 0.523078125 0.633287037037037 0.04139062499999995 0.041675925925925915
0 0.27899999999999997 0.6482037037037036 0.013645833333333357 0.04064814814814813
0 0.5494791666666666 0.6513888888888889 0.019791666666666666 0.06018518518518518
0 0.46739583333333334 0.6628148148148147 0.03835937500000005 0.037759259259259235
0 0.36442708333333335 0.6656944444444445 0.02201041666666666 0.05092592592592592
0 0.43116145833333336 0.6677500000000001 0.017281250000000033 0.059981481481481455
0 0.3852604166666667 0.7000462962962962 0.02660416666666663 0.025824074074074062
0 0.3646041666666667 0.7161944444444445 0.02027083333333337 0.049472222222222174
0 0.39834375000000005 0.7256666666666667 0.026833333333333324 0.028898148148148183
0 0.4313958333333333 0.7395462962962963 0.03580208333333334 0.033212962962962965
0 0.29369791666666667 0.87225 0.013895833333333366 0.05169444444444443
0 0.26765104166666664 0.9066111111111111 0.022937499999999982 0.029055555555555657
0 0.3151041666666667 0.9939814814814815 0.016666666666666666 0.010185185185185186