0 0.6354791666666666 0.06168518518518519 0.02915104166666668 0.02859259259259259
0 0.6417760416666667 0.07492592592592592 0.020036458333333347 0.02525000000000001
0 0.6243385416666667 0.08765740740740739 0.0294375 0.02911111111111111
0 0.6575416666666667 0.10231481481481482 0.01786458333333334 0.049175925925925935
0 0.6882187500000001 0.2975 0.020750000000000015 0.057240740740740786
0 0.6372187500000001 0.3092037037037037 0.015260416666666672 0.06366666666666666
0 0.6646354166666666 0.3238611111111111 0.027567708333333336 0.04668518518518515
0 0.5768020833333334 0.3482962962962963 0.03525520833333333 0.04024074074074077
0 0.81540625 0.35061111111111115 0.03373437499999999 0.023268518518518515
0 0.5526822916666667 0.3620555555555555 0.005364583333333334 0.05747222222222227
0 0.8871041666666667 0.3797962962962963 0.03530729166666665 0.03741666666666664
0 0.6608697916666666 0.38635185185185184 0.03725520833333332 0.02661111111111112
0 0.8070208333333333 0.38887962962962963 0.044697916666666636 0.019194444444444462
0 0.9186510416666667 0.3891759259259259 0.024296875000000048 0.04461111111111107
0 0.8417552083333334 0.39521296296296293 0.029916666666666696 0.037027777777777784
0 0.8700833333333333 0.4026111111111111 0.02397916666666665 0.05745370370370366
0 0.5856302083333333 0.4066759259259259 0.036697916666666656 0.037685185185185224
0 0.812625 0.4090648148148148 0.02596354166666665 0.06331481481481481
0 0.797703125 0.42250925925925925 0.019468749999999996 0.03586111111111113
0 0.6922760416666667 0.4271203703703704 0.018609375000000008 0.06006481481481482
0 0.8585572916666666 0.4275462962962963 0.0155885416666667 0.033379629629629586
0 0.8227656250000001 0.4326018518518519 0.016109375000000002 0.04243518518518522
0 0.7135416666666666 0.43572222222222223 0.029135416666666695 0.05746296296296291
0 0.8832864583333333 0.45461111111111113 0.03280729166666667 0.027305555555555566
0 0.7764427083333333 0.4652314814814815 0.031614583333333356 0.05183333333333335
0 0.6034270833333333 0.4714814814814815 0.01846354166666666 0.04696296296296299
0 0.7238177083333334 0.49102777777777773 0.02421354166666667 0.03256481481481488
0 0.6879322916666666 0.4948703703703704 0.02132812500000001 0.06773148148148152
0 0.70290625 0.5082592592592592 0.013078125000000006 0.06908333333333329
0 0.8515625 0.5175462962962963 0.019291666666666648 0.060703703703703656
0 0.9056145833333333 0.5189351851851852 0.03902083333333337 0.026657407407407373
0 0.742046875 0.5240648148148148 0.0363645833333333 0.044324074074073974
0 0.8677864583333333 0.5298888888888889 0.01498437499999999 0.04527777777777786
0 0.8136354166666667 0.5399537037037037 0.028010416666666652 0.06035185185185191
0 0.7809739583333334 0.542962962962963 0.0171875 0.037370370370370276
0 0.8686666666666667 0.5516851851851853 0.028473958333333372 0.055657407407407315
0 0.7476197916666667 0.5564629629629629 0.03477083333333333 0.05357407407407398
0 0.9888020833333333 0.5574074074074075 0.021354166666666667 0.07407407407407407
0 0.8448177083333334 0.5661944444444444 0.016484375000000048 0.025249999999999984
0 0.8943333333333333 0.5700092592592593 0.02930729166666666 0.04957407407407404
0 0.9182760416666668 0.5741851851851852 0.026015625000000025 0.05582407407407404
0 0.7971770833333333 0.5878518518518518 0.026796875000000022 0.037990740740740714
0 0.9364114583333333 0.5935555555555555 0.03490624999999999 0.01905555555555549
0 0.55625 0.6041666666666666 0.0125 0.03796296296296296
0 0.8763906250000001 0.6174351851851853 0.01771874999999999 0.07562037037037043
0 0.6168802083333333 0.6775925925925925 0.04190104166666666 0.042740740740740815
0 0.15104166666666666 0.9884259259259259 0.026041666666666668 0.021296296296296296
0 0.6122395833333333 0.8296296296296296 0.1109375 0.03425925925925926
0 0.8919270833333334 0.8342592592592593 0.11223958333333334 0.027314814814814816
0 0.92734375 0.9328703703703703 0.071875 0.04398148148148148
0 0.6041666666666666 0.9884259259259259 0.06458333333333334 0.021296296296296296