0 0.73359375 0.1935185185185185 0.0125 0.026851851851851852
0 0.7578125 0.20092592592592592 0.019791666666666666 0.010648148148148148
0 0.87734375 0.20416666666666666 0.007291666666666667 0.03287037037037037
0 0.91640625 0.20555555555555555 0.018489583333333334 0.018055555555555554
0 0.7713541666666667 0.2125 0.014322916666666666 0.028703703703703703
0 0.8263020833333333 0.21342592592592594 0.012239583333333333 0.02638888888888889
0 0.56640625 0.21712962962962962 0.019010416666666665 0.014814814814814815
0 0.70625 0.21898148148148147 0.009895833333333333 0.026851851851851852
0 0.49557291666666664 0.225 0.01484375 0.015277777777777777
0 0.9263020833333333 0.22824074074074074 0.011458333333333333 0.028703703703703703
0 0.5885416666666666 0.23055555555555557 0.017447916666666667 0.015277777777777777
0 0.9880208333333333 0.2412037037037037 0.021354166666666667 0.03564814814814815
0 0.7216145833333333 0.25462962962962965 0.0125 0.03148148148148148
0 0.6299479166666667 0.027314814814814816 0.0171875 0.02824074074074074
0 0.5703125 0.2574074074074074 0.01015625 0.04212962962962963
0 0.8338541666666667 0.25972222222222224 0.01171875 0.019444444444444445
0 0.82109375 0.27361111111111114 0.012239583333333333 0.01898148148148148
0 0.8674479166666667 0.2773148148148148 0.018489583333333334 0.010648148148148148
0 0.72890625 0.2898148148148148 0.009375 0.019444444444444445
0 0.9578125 0.29305555555555557 0.02578125 0.020370370370370372
0 0.5354166666666667 0.29305555555555557 0.015625 0.019444444444444445
0 0.6447916666666667 0.2935185185185185 0.008854166666666666 0.01898148148148148
0 0.78984375 0.2986111111111111 0.01953125 0.019444444444444445
0 0.8791666666666667 0.3 0.016145833333333335 0.02361111111111111
0 0.50546875 0.30277777777777776 0.01640625 0.019444444444444445
0 0.9572916666666667 0.30694444444444446 0.015364583333333333 0.02175925925925926
0 0.7744791666666667 0.3087962962962963 0.018489583333333334 0.019444444444444445
0 0.803125 0.03194444444444444 0.010677083333333334 0.01574074074074074
0 0.8520833333333333 0.31712962962962965 0.013802083333333333 0.02175925925925926
0 0.7932291666666667 0.033796296296296297 0.010677083333333334 0.038425925925925926
0 0.8893229166666666 0.33194444444444443 0.015885416666666666 0.027777777777777776
0 0.67890625 0.33796296296296297 0.01796875 0.02361111111111111
0 0.5565104166666667 0.3402777777777778 0.020052083333333335 0.020833333333333332
0 0.6221354166666667 0.3416666666666667 0.007291666666666667 0.024537037037037038
0 0.48489583333333336 0.3453703703703704 0.009895833333333333 0.03657407407407407
0 0.45807291666666666 0.3453703703703704 0.01640625 0.02361111111111111
0 0.7158854166666667 0.3458333333333333 0.009895833333333333 0.030555555555555555
0 0.8567708333333334 0.35 0.016666666666666666 0.022222222222222223
0 0.5622395833333333 0.3587962962962963 0.01640625 0.01712962962962963
0 0.6036458333333333 0.3597222222222222 0.019010416666666665 0.018055555555555554
0 0.6325520833333333 0.36435185185185187 0.014583333333333334 0.014814814814814815
0 0.7106770833333333 0.0375 0.0067708333333333336 0.012037037037037037
0 0.6786458333333333 0.3680555555555556 0.010677083333333334 0.01898148148148148
0 0.815625 0.36944444444444446 0.00546875 0.022222222222222223
0 0.8682291666666667 0.3699074074074074 0.01796875 0.027777777777777776
0 0.80078125 0.3800925925925926 0.006510416666666667 0.02546296296296296
0 0.515625 0.38564814814814813 0.01171875 0.03287037037037037
0 0.6263020833333334 0.38842592592592595 0.006510416666666667 0.019444444444444445
0 0.9408854166666667 0.38935185185185184 0.019791666666666666 0.01898148148148148
0 0.81328125 0.39444444444444443 0.015364583333333333 0.025
0 0.4942708333333333 0.39490740740740743 0.016145833333333335 0.023148148148148147
0 0.5565104166666667 0.4009259259259259 0.019010416666666665 0.024537037037037038
0 0.8479166666666667 0.4060185185185185 0.0109375 0.032407407407407406
0 0.52734375 0.4148148148148148 0.008333333333333333 0.014351851851851852
0 0.9109375 0.4148148148148148 0.022135416666666668 0.024537037037037038
0 0.6528645833333333 0.4152777777777778 0.007291666666666667 0.04675925925925926
0 0.7723958333333333 0.41759259259259257 0.01640625 0.03009259259259259
0 0.45755208333333336 0.4203703703703704 0.014322916666666666 0.022685185185185187
0 0.73828125 0.42083333333333334 0.021354166666666667 0.021296296296296296
0 0.4328125 0.4217592592592593 0.00625 0.018055555555555554
0 0.7518229166666667 0.42592592592592593 0.019791666666666666 0.022685185185185187
0 0.81171875 0.43194444444444446 0.015104166666666667 0.01990740740740741
0 0.8864583333333333 0.4337962962962963 0.023177083333333334 0.020833333333333332
0 0.61484375 0.43472222222222223 0.016145833333333335 0.01898148148148148
0 0.7059895833333333 0.44074074074074077 0.00859375 0.03333333333333333
0 0.49296875 0.449537037037037 0.019010416666666665 0.01574074074074074
0 0.9640625 0.4513888888888889 0.009635416666666667 0.014351851851851852
0 0.7466145833333333 0.46574074074074073 0.009114583333333334 0.01990740740740741
0 0.7911458333333333 0.4699074074074074 0.020833333333333332 0.018518518518518517
0 0.91328125 0.4759259259259259 0.015364583333333333 0.018518518518518517
0 0.7283854166666667 0.4777777777777778 0.015885416666666666 0.018055555555555554
0 0.6255208333333333 0.05 0.01640625 0.019444444444444445
0 0.5947916666666667 0.4935185185185185 0.018489583333333334 0.020833333333333332
0 0.7 0.49444444444444446 0.019270833333333334 0.023148148148148147
0 0.5838541666666667 0.4949074074074074 0.014583333333333334 0.018055555555555554
0 0.5200520833333333 0.5018518518518519 0.017708333333333333 0.03564814814814815
0 0.8598958333333333 0.5027777777777778 0.011979166666666667 0.01898148148148148
0 0.8028645833333333 0.5046296296296297 0.02109375 0.018055555555555554
0 0.9122395833333333 0.5050925925925925 0.017447916666666667 0.02824074074074074
0 0.9296875 0.5060185185185185 0.015625 0.020370370370370372
0 0.83359375 0.5060185185185185 0.015104166666666667 0.018055555555555554
0 0.5578125 0.5078703703703704 0.01328125 0.0375
0 0.7799479166666666 0.5087962962962963 0.017447916666666667 0.01990740740740741
0 0.95390625 0.5125 0.024739583333333332 0.016203703703703703
0 0.92578125 0.5125 0.011197916666666667 0.031018518518518518
0 0.5463541666666667 0.5162037037037037 0.01171875 0.03287037037037037
0 0.9036458333333334 0.5171296296296296 0.012239583333333333 0.02638888888888889
0 0.7247395833333333 0.5199074074074074 0.012239583333333333 0.024537037037037038
0 0.7403645833333333 0.5208333333333334 0.01484375 0.0125
0 0.94921875 0.5212962962962963 0.011458333333333333 0.022222222222222223
0 0.4609375 0.5296296296296297 0.011197916666666667 0.01574074074074074
0 0.83203125 0.5365740740740741 0.016666666666666666 0.03333333333333333
0 0.95390625 0.5462962962962963 0.009375 0.014814814814814815
0 0.7690104166666667 0.5467592592592593 0.006510416666666667 0.01712962962962963
0 0.6822916666666666 0.55 0.019791666666666666 0.0125
0 0.8958333333333334 0.5513888888888889 0.018489583333333334 0.014814814814814815
0 0.5208333333333334 0.5518518518518518 0.021354166666666667 0.018518518518518517
0 0.7005208333333334 0.5578703703703703 0.00859375 0.025
0 0.7609375 0.5597222222222222 0.00703125 0.022222222222222223
0 0.8130208333333333 0.5601851851851852 0.017447916666666667 0.027777777777777776
0 0.678125 0.5615740740740741 0.011458333333333333 0.018518518518518517
0 0.5458333333333333 0.5638888888888889 0.009114583333333334 0.027314814814814816
0 0.5729166666666666 0.5689814814814815 0.01796875 0.01898148148148148
0 0.734375 0.5736111111111111 0.018229166666666668 0.01712962962962963
0 0.9010416666666666 0.5736111111111111 0.007291666666666667 0.014351851851851852
0 0.5875 0.5833333333333334 0.01484375 0.018518518518518517
0 0.5520833333333334 0.05925925925925926 0.00859375 0.024537037037037038
0 0.5197916666666667 0.5944444444444444 0.014583333333333334 0.03148148148148148
0 0.6309895833333333 0.5995370370370371 0.009895833333333333 0.018518518518518517
0 0.596875 0.6032407407407407 0.018229166666666668 0.016203703703703703
0 0.8473958333333333 0.6041666666666666 0.009375 0.019444444444444445
0 0.6768229166666667 0.6083333333333333 0.009375 0.0125
0 0.7752604166666667 0.6148148148148148 0.015885416666666666 0.016203703703703703
0 0.5489583333333333 0.6189814814814815 0.011458333333333333 0.0125
0 0.8283854166666667 0.06296296296296296 0.010416666666666666 0.014351851851851852
0 0.7385416666666667 0.06342592592592593 0.019270833333333334 0.014351851851851852
0 0.6640625 0.6319444444444444 0.012760416666666666 0.011111111111111112
0 0.5640625 0.6319444444444444 0.012239583333333333 0.015277777777777777
0 0.5411458333333333 0.6333333333333333 0.010416666666666666 0.011111111111111112
0 0.9692708333333333 0.00787037037037037 0.020572916666666666 0.01574074074074074
0 0.784375 0.008333333333333333 0.015364583333333333 0.016666666666666666
0 0.9872395833333333 0.07962962962962963 0.019010416666666665 0.02175925925925926
0 0.6684895833333333 0.08009259259259259 0.019791666666666666 0.015277777777777777
0 0.8614583333333333 0.08148148148148149 0.008333333333333333 0.019444444444444445
0 0.48776041666666664 0.0837962962962963 0.016666666666666666 0.012962962962962963
0 0.9716145833333333 0.08564814814814815 0.019010416666666665 0.016203703703703703
0 0.6203125 0.08611111111111111 0.015364583333333333 0.028703703703703703
0 0.6924479166666667 0.0875 0.022395833333333334 0.018518518518518517
0 0.890625 0.08935185185185185 0.016145833333333335 0.022685185185185187
0 0.8091145833333333 0.010185185185185186 0.016666666666666666 0.020370370370370372
0 0.45989583333333334 0.09537037037037037 0.0203125 0.021296296296296296
0 0.709375 0.09722222222222222 0.015625 0.019444444444444445
0 0.7216145833333333 0.10416666666666667 0.0140625 0.019444444444444445
0 0.9908854166666666 0.1125 0.015364583333333333 0.027777777777777776
0 0.77890625 0.11898148148148148 0.007291666666666667 0.01712962962962963
0 0.46328125 0.13148148148148148 0.010416666666666666 0.02546296296296296
0 0.4354166666666667 0.13564814814814816 0.010677083333333334 0.015277777777777777
0 0.7489583333333333 0.13842592592592592 0.007291666666666667 0.016666666666666666
0 0.8375 0.14629629629629629 0.012239583333333333 0.030555555555555555
0 0.7606770833333333 0.1486111111111111 0.009375 0.021296296296296296
0 0.9526041666666667 0.16018518518518518 0.020572916666666666 0.017592592592592594
0 0.5830729166666667 0.1625 0.008072916666666667 0.01990740740740741
0 0.8315104166666667 0.1625 0.0125 0.014351851851851852
0 0.81328125 0.1648148148148148 0.00859375 0.017592592592592594
0 0.6981770833333333 0.1685185185185185 0.009375 0.022222222222222223
0 0.7151041666666667 0.1712962962962963 0.01015625 0.025925925925925925
2 0.40477604166666664 0.974601851851852 0.016463541666666616 0.04426851851851847