2 0.09427604166666666 0.9283148148148148 0.030583333333333348 0.037194444444444405
0 0.021953124999999987 0.9458981481481482 0.017927083333333333 0.04982407407407402
0 0.07118229166666665 0.9651944444444444 0.023239583333333334 0.02824999999999999
0 0.040796875000000024 0.9653425925925927 0.02705208333333333 0.022046296296296244
0 0.09054166666666669 0.9786203703703702 0.014088541666666673 0.03288888888888887
0 0.05026041666666667 0.9958333333333333 0.028645833333333332 0.006481481481481481
0 0.6575833333333333 0.6152592592592593 0.018609375000000008 0.04899074074074074
0 0.65321875 0.6406759259259259 0.025692708333333356 0.021601851851851837
0 0.613625 0.6415740740740741 0.02521354166666665 0.04118518518518518
0 0.6930624999999999 0.6421388888888889 0.016734375 0.044027777777777784
0 0.7144947916666666 0.6444814814814814 0.019203125 0.042851851851851856
0 0.5950520833333334 0.6455925925925926 0.025135416666666664 0.023277777777777765