0 0.7091979166666665 0.22584259259259257 0.022177083333333295 0.0393425925925926
0 0.199671875 0.6840833333333333 0.07429166666666666 0.05917592592592591
0 0.034375 0.7333333333333333 0.06875 0.09259259259259259
3 0.15548958333333335 0.7742592592592593 0.09586458333333335 0.10938888888888888
0 0.06556770833333332 0.7866574074074073 0.07510416666666667 0.06010185185185182
0 0.14420833333333333 0.8300462962962963 0.07443229166666665 0.06187037037037031
0 0.24554166666666669 0.8467592592592592 0.04491145833333334 0.11128703703703709
0 0.020052083333333335 0.8569444444444444 0.04010416666666667 0.1287037037037037
0 0.06089583333333333 0.8694444444444445 0.062921875 0.11794444444444444
0 0.10245312499999999 0.8810462962962963 0.04430208333333333 0.13326851851851856
0 0.304625 0.9018240740740741 0.025760416666666685 0.1136018518518519
0 0.16900520833333335 0.916287037037037 0.06460937499999998 0.09814814814814815
0 0.228734375 0.945962962962963 0.050114583333333344 0.08579629629629627
0 0.05774479166666667 0.96575 0.08920833333333332 0.06306481481481482
0 0.28802083333333334 0.9569444444444445 0.075 0.08425925925925926
0 0.34401041666666665 0.9662037037037037 0.0109375 0.06574074074074074
0 0.2375 0.9916666666666667 0.07708333333333334 0.014814814814814815
0 0.057213541666666666 0.6108981481481481 0.06597916666666667 0.08265740740740739
0 0.5123229166666666 0.7165833333333333 0.022177083333333354 0.0393425925925926