0 0.7630885416666667 0.30012962962962964 0.05220312500000001 0.18894444444444441
0 0.47942708333333334 0.6305555555555555 0.0265625 0.0875
0 0.2625 0.6416666666666667 0.044270833333333336 0.07546296296296297
1 0.19557291666666668 0.6439814814814815 0.035416666666666666 0.09166666666666666
0 0.016666666666666666 0.5527777777777778 0.03333333333333333 0.025925925925925925
0 0.4473958333333333 0.6611111111111111 0.035416666666666666 0.08564814814814815
1 0.06041666666666667 0.6708333333333333 0.06171875 0.07916666666666666
0 0.014583333333333334 0.6754629629629629 0.029166666666666667 0.09722222222222222
1 0.14635416666666667 0.6768518518518518 0.07291666666666667 0.04351851851851852
0 0.23098958333333333 0.6833333333333333 0.02734375 0.08564814814814815
0 0.2596354166666667 0.6949074074074074 0.035416666666666666 0.06712962962962964
0 0.3341145833333333 0.5569444444444445 0.027604166666666666 0.03425925925925926
0 0.3302083333333333 0.7041666666666667 0.04505208333333333 0.09027777777777778
0 0.4669270833333333 0.7171296296296297 0.06588541666666667 0.049074074074074076
0 0.19765625 0.7203703703703703 0.065625 0.03935185185185185
0 0.28932291666666665 0.7402777777777778 0.06380208333333333 0.04490740740740741
0 0.0515625 0.5606481481481481 0.06953125 0.041666666666666664
0 0.10026041666666667 0.7527777777777778 0.026041666666666668 0.09166666666666666
0 0.4869791666666667 0.7532407407407408 0.06822916666666666 0.056018518518518516
0 0.17395833333333333 0.7555555555555555 0.05963541666666667 0.030555555555555555
0 0.0421875 0.7601851851851852 0.06276041666666667 0.04351851851851852
0 0.13046875 0.7689814814814815 0.03828125 0.0912037037037037
0 0.23125 0.7796296296296297 0.04114583333333333 0.060648148148148145
0 0.5317708333333333 0.7800925925925926 0.0390625 0.07592592592592592
0 0.4276041666666667 0.7921296296296296 0.054427083333333334 0.03518518518518519
0 0.55625 0.5666666666666667 0.03854166666666667 0.053703703703703705
0 0.27395833333333336 0.8050925925925926 0.03697916666666667 0.09861111111111111
0 0.11744791666666667 0.5675925925925925 0.05572916666666667 0.05555555555555555
0 0.1859375 0.8180555555555555 0.040364583333333336 0.059722222222222225
0 0.21223958333333334 0.5680555555555555 0.061197916666666664 0.05648148148148148
0 0.0078125 0.8296296296296296 0.015625 0.09259259259259259
0 0.05677083333333333 0.8328703703703704 0.07291666666666667 0.04583333333333333
3 0.30859375 0.8351851851851851 0.03619791666666667 0.1449074074074074
0 0.14375 0.8597222222222223 0.06328125 0.052314814814814814
0 0.4127604166666667 0.8643518518518518 0.07083333333333333 0.043055555555555555
0 0.24583333333333332 0.8763888888888889 0.053125 0.0699074074074074
0 0.4739583333333333 0.8865740740740741 0.06197916666666667 0.07546296296296297
0 0.35546875 0.8865740740740741 0.034895833333333334 0.09305555555555556
0 0.03359375 0.8935185185185185 0.0671875 0.05925925925925926
1 0.16380208333333332 0.8976851851851851 0.06197916666666667 0.08611111111111111
0 0.22421875 0.9 0.04296875 0.08333333333333333
0 0.4049479166666667 0.9254629629629629 0.06458333333333334 0.046296296296296294
0 0.18932291666666667 0.9458333333333333 0.06145833333333333 0.05555555555555555
0 0.054427083333333334 0.9495370370370371 0.07239583333333334 0.0587962962962963
0 0.28203125 0.9523148148148148 0.05703125 0.058333333333333334
0 0.35833333333333334 0.9532407407407407 0.0625 0.04537037037037037
0 0.49895833333333334 0.5828703703703704 0.042708333333333334 0.08611111111111111
0 0.21223958333333334 0.9689814814814814 0.0578125 0.06018518518518518
0 0.5794270833333334 0.9703703703703703 0.019270833333333334 0.05740740740740741
0 0.0171875 0.9726851851851852 0.034375 0.04722222222222222
0 0.25885416666666666 0.9833333333333333 0.022916666666666665 0.03148148148148148
0 0.34036458333333336 0.9837962962962963 0.0609375 0.030555555555555555
0 0.409375 0.9837962962962963 0.06875 0.030555555555555555
0 0.18802083333333333 0.9898148148148148 0.040625 0.018518518518518517
0 0.09973958333333334 0.9907407407407407 0.036458333333333336 0.018055555555555554
0 0.1546875 0.586574074074074 0.03697916666666667 0.07777777777777778
0 0.0109375 0.6050925925925926 0.021614583333333333 0.07222222222222222
0 0.06276041666666667 0.6097222222222223 0.04401041666666667 0.06111111111111111
0 0.384375 0.6134259259259259 0.050520833333333334 0.06759259259259259
0 0.09895833333333333 0.6180555555555556 0.07239583333333334 0.03518518518518519
0 0.3372395833333333 0.6185185185185185 0.05078125 0.07222222222222222
0 0.303125 0.6226851851851852 0.0515625 0.06574074074074074