2 0.5730104166666666 0.23232407407407404 0.017515624999999996 0.043046296296296305
2 0.6540104166666667 0.25191666666666673 0.01735937499999996 0.05445370370370368
2 0.5545156250000001 0.25376851851851856 0.014906250000000003 0.050749999999999976
0 0.5390625 0.26735185185185184 0.011838541666666676 0.040592592592592625
0 0.6127708333333334 0.27614814814814814 0.017874999999999995 0.03226851851851854
2 0.37488541666666664 0.2773796296296297 0.03290104166666667 0.04797222222222217
0 0.572921875 0.295287037037037 0.014953125000000018 0.016222222222222204
0 0.503640625 0.2992962962962963 0.025656249999999995 0.03412037037037039
0 0.6151145833333334 0.30206481481481484 0.02431770833333336 0.03808333333333333
2 0.519703125 0.318574074074074 0.01715104166666664 0.05073148148148145
0 0.5853333333333334 0.325212962962963 0.026583333333333313 0.036231481481481476
2 0.5600729166666667 0.3603888888888889 0.015656249999999972 0.05844444444444445
0 0.758109375 0.40390740740740744 0.018265624999999966 0.049166666666666685
0 0.19044791666666666 0.9209074074074074 0.024265625000000016 0.04057407407407407