0 0.6164947916666667 0.24560185185185185 0.02780208333333339 0.03781481481481484
0 0.6185833333333333 0.27645370370370376 0.013869791666666723 0.0238981481481481
0 0.5926250000000001 0.2847962962962963 0.015078125000000024 0.03349999999999995
0 0.6116354166666668 0.29991666666666666 0.018776041666666642 0.04029629629629628
0 0.5440052083333333 0.3168796296296296 0.027999999999999994 0.026972222222222217
0 0.5697916666666667 0.3273796296296297 0.016286458333333323 0.03721296296296301
0 0.14457812499999997 0.6712314814814816 0.07075000000000002 0.16075925925925927
0 0.19832812500000002 0.6804907407407408 0.043697916666666656 0.17073148148148146
0 0.030640624999999998 0.6865277777777778 0.049614583333333344 0.14189814814814813
0 0.240625 0.6916666666666667 0.057291666666666664 0.13518518518518519
0 0.0046875 0.7814814814814814 0.009375 0.19814814814814816
0 0.07443749999999999 0.7973888888888889 0.11118749999999998 0.09866666666666664
0 0.021875 0.5833333333333334 0.034375 0.04814814814814815
0 0.18110937500000002 0.8010648148148148 0.09493749999999998 0.10460185185185188
0 0.11871875 0.8534166666666667 0.12119270833333332 0.0540277777777778
0 0.06458333333333334 0.5925925925925926 0.04479166666666667 0.06666666666666667
0 0.0125 0.9125 0.025 0.0824074074074074
0 0.12258854166666668 0.9157314814814815 0.11023958333333332 0.06041666666666667
3 0.2234375 0.9101851851851852 0.08541666666666667 0.17777777777777778
0 0.03619791666666667 0.9458333333333333 0.07239583333333334 0.10648148148148148
0 0.0984375 0.638425925925926 0.06666666666666667 0.15833333333333333
2 0.44296875 0.5703703703703704 0.0171875 0.022222222222222223