0 0.6031770833333333 0.19121296296296295 0.016609374999999992 0.04252777777777778
0 0.5603489583333333 0.19486111111111115 0.020333333333333328 0.0357037037037037
0 0.55475 0.23983333333333332 0.01275520833333333 0.03388888888888891
0 0.5870885416666667 0.24423148148148147 0.013739583333333331 0.047148148148148133
0 0.5595677083333332 0.27143518518518517 0.011213541666666667 0.03875925925925927
0 0.7955208333333333 0.35082407407407407 0.013583333333333355 0.05225925925925931
0 0.3123958333333333 0.5524351851851852 0.02454166666666661 0.05178703703703704
0 0.009375 0.6523148148148148 0.01875 0.041666666666666664
0 0.13802083333333334 0.45925925925925926 0.029166666666666667 0.018518518518518517
2 0.14535937499999999 0.9434351851851852 0.019036458333333308 0.056000000000000015
0 0.4438958333333333 0.944574074074074 0.020619791666666623 0.03599074074074064
0 0.29260416666666667 0.9721388888888888 0.021291666666666723 0.03192592592592594
2 0.43172916666666666 0.9748611111111111 0.021656249999999964 0.02049074074074084
2 0.47440625000000003 0.9794351851851851 0.02233854166666672 0.023731481481481582
0 0.500296875 0.984462962962963 0.020010416666666704 0.024231481481481548
0 0.45234375 0.9782407407407407 0.018229166666666668 0.041666666666666664
2 0.53125 0.9856481481481482 0.015625 0.023148148148148147
0 0.41848958333333336 0.9847222222222223 0.015104166666666667 0.028703703703703703
0 0.5158854166666667 0.9879629629629629 0.0203125 0.022222222222222223
0 0.29322916666666665 0.9902777777777778 0.020833333333333332 0.017592592592592594
0 0.15416666666666667 0.9856481481481482 0.023958333333333335 0.026851851851851852
0 0.43307291666666664 0.9939814814814815 0.019270833333333334 0.010185185185185186
2 0.789671875 0.9554722222222221 0.01751041666666667 0.038435185185185176