0 0.652078125 0.43171296296296297 0.025651041666666666 0.039962962962962936
2 0.32135416666666666 0.5625 0.121875 0.04537037037037037
0 0.5440104166666667 0.5518518518518518 0.025520833333333333 0.024074074074074074
2 0.6455729166666667 0.5527777777777778 0.028645833333333332 0.025925925925925925
2 0.8826458333333332 0.6067037037037037 0.01842708333333339 0.04736111111111112
0 0.8414895833333332 0.6162685185185186 0.015312500000000047 0.04056481481481482
2 0.91225 0.6179722222222221 0.0230833333333333 0.0421111111111111
0 0.8606770833333334 0.6374074074074074 0.00922916666666668 0.03655555555555555
0 0.8491302083333333 0.6557777777777778 0.012531249999999971 0.03597222222222223
0 0.865890625 0.6787685185185186 0.01160937499999998 0.03875925925925927
2 0.8767447916666666 0.6796851851851852 0.019770833333333352 0.05443518518518519
2 0.5968385416666667 0.8430925925925925 0.02336979166666667 0.04976851851851852