0 0.84609375 0.0712962962962963 0.047135416666666666 0.014814814814814815
0 0.875 0.08703703703703704 0.04244791666666667 0.018055555555555554
0 0.8747395833333333 0.009259259259259259 0.04010416666666667 0.018055555555555554
0 0.7575520833333333 0.09166666666666666 0.05182291666666667 0.015277777777777777
0 0.9091145833333333 0.09166666666666666 0.05 0.012037037037037037
0 0.9481770833333333 0.009259259259259259 0.0484375 0.013888888888888888
0 0.825 0.09537037037037037 0.048177083333333336 0.015277777777777777
0 0.8119791666666667 0.10740740740740741 0.04479166666666667 0.017592592592592594
0 0.60078125 0.11527777777777778 0.05026041666666667 0.01712962962962963
0 0.9041666666666667 0.1162037037037037 0.046614583333333334 0.02361111111111111
0 0.94609375 0.11944444444444445 0.03515625 0.029166666666666667
0 0.5575520833333333 0.12037037037037036 0.024739583333333332 0.031018518518518518
0 0.63125 0.12824074074074074 0.05520833333333333 0.014351851851851852
0 0.9010416666666666 0.12824074074074074 0.043229166666666666 0.02361111111111111
0 0.8846354166666667 0.14675925925925926 0.050520833333333334 0.013888888888888888
0 0.27317708333333335 0.5148148148148148 0.103125 0.30694444444444446