0 0.6416666666666667 0.3587962962962963 0.06354166666666666 0.29907407407407405
0 0.08541666666666667 0.5296296296296297 0.023958333333333335 0.040740740740740744
0 0.28680729166666663 0.5456018518518518 0.017624999999999957 0.04441666666666667
0 0.30113541666666666 0.5582777777777779 0.010765625000000037 0.048231481481481486
0 0.46434375 0.5604259259259259 0.02897916666666672 0.02331481481481482
0 0.3151041666666667 0.6055092592592592 0.012130208333333314 0.04683333333333332
0 0.4010520833333333 0.6086944444444444 0.026520833333333372 0.030277777777777768
0 0.3031875 0.6362407407407408 0.016395833333333342 0.049249999999999995
0 0.32545833333333335 0.6455 0.022682291666666642 0.031657407407407405
0 0.39913020833333335 0.6703981481481481 0.017593749999999984 0.033870370370370356
0 0.3375416666666667 0.6776296296296297 0.012968750000000048 0.042324074074074056
0 0.30439583333333337 0.6805833333333333 0.021541666666666615 0.04545370370370373
0 0.3292083333333334 0.6982962962962963 0.010994791666666615 0.039203703703703734
2 0.28240625 0.6988703703703704 0.022822916666666634 0.04808333333333334
0 0.31670312500000003 0.719824074074074 0.012557291666666614 0.03441666666666668
0 0.33194270833333334 0.7309351851851852 0.0335572916666667 0.026074074074074097
0 0.2534635416666667 0.7954259259259259 0.030953125000000005 0.028499999999999973
0 0.21222395833333335 0.8451018518518519 0.03114062499999998 0.04268518518518521
0 0.00625 0.9416666666666667 0.0125 0.027777777777777776
2 0.25677083333333334 0.9745370370370371 0.017708333333333333 0.049074074074074076