0 0.9000781250000001 0.1616574074074074 0.027906249999999962 0.03503703703703707
0 0.5942708333333333 0.21342592592592594 0.029166666666666667 0.028703703703703703
0 0.9658854166666667 0.29650925925925925 0.023817708333333344 0.03438888888888888
0 0.9025104166666668 0.3151851851851852 0.014015625000000042 0.03283333333333337
0 0.09957812500000003 0.5291018518518519 0.026229166666666675 0.047712962962962964
0 0.3685416666666666 0.6624166666666667 0.021635416666666647 0.05878703703703705
0 0.010416666666666666 0.7069444444444445 0.020833333333333332 0.030555555555555555
0 0.3497916666666666 0.7178148148148148 0.015864583333333352 0.0603148148148148
0 0.05868229166666664 0.719824074074074 0.023635416666666666 0.02640740740740739
2 0.03611458333333335 0.7263055555555555 0.014614583333333335 0.04677777777777776
0 0.05130208333333333 0.9907407407407407 0.018229166666666668 0.016666666666666666
0 0.9567760416666666 0.6081018518518518 0.018380208333333314 0.04644444444444443
0 0.9263020833333333 0.6543888888888889 0.023057291666666656 0.03902777777777776
0 0.8510260416666667 0.7498981481481481 0.022286458333333314 0.05041666666666668