0 0.39756250000000004 0.39312962962962966 0.03433333333333333 0.023916666666666704
2 0.5231770833333333 0.5819444444444445 0.016145833333333335 0.04537037037037037
0 0.4437083333333333 0.5841388888888889 0.023770833333333328 0.0365925925925926
0 0.325234375 0.5885 0.024906249999999998 0.04243518518518519
0 0.49918229166666667 0.5897962962962963 0.029114583333333322 0.017027777777777777
0 0.3491145833333333 0.6000740740740741 0.019723958333333336 0.03779629629629629
0 0.5277239583333333 0.6259259259259259 0.027734375 0.025592592592592587
0 0.4979635416666667 0.6305462962962963 0.01973437499999999 0.04048148148148148
0 0.45835937499999996 0.6308611111111111 0.030843750000000014 0.027509259259259268
0 0.51759375 0.644962962962963 0.01661458333333332 0.027037037037037026
0 0.59090625 0.6454351851851853 0.02518229166666662 0.02852777777777778
0 0.490875 0.6674444444444445 0.026046874999999994 0.03331481481481482
0 0.46203645833333334 0.6686851851851852 0.028817708333333355 0.030851851851851846
0 0.47097916666666667 0.6756203703703704 0.013010416666666675 0.05281481481481482
0 0.388265625 0.7421851851851852 0.030098958333333346 0.03127777777777775
0 0.29244791666666664 0.7490740740740741 0.025520833333333333 0.027777777777777776
0 0.4200416666666667 0.7707314814814815 0.02279687499999999 0.04577777777777778
0 0.352328125 0.7815277777777777 0.02719270833333333 0.02663888888888887
0 0.5127708333333333 0.8498888888888889 0.031406249999999976 0.031870370370370334