2 0.9724724724724725 0.028 0.05405405405405406 0.056
0 0.7361911911911913 0.06146 0.07675175175175177 0.05136666666666667
0 0.6335735735735736 0.20778666666666668 0.08744744744744747 0.06973333333333334
2 0.8390490490490491 0.20937333333333333 0.08369369369369371 0.06148000000000002
2 0.8234334334334334 0.31825333333333333 0.0767767767767768 0.05828000000000001
0 0.5865865865865866 0.345 0.05405405405405406 0.07666666666666666
0 0.9426176176176175 0.41411333333333333 0.05202202202202205 0.04810000000000006
2 0.7497747747747747 0.41601333333333335 0.05244244244244243 0.10142000000000008
0 0.37237237237237236 0.608 0.057057057057057055 0.026333333333333334
0 0.40765765765765766 0.636 0.0518018018018018 0.03233333333333333
0 0.40715715715715717 0.49633333333333335 0.04854854854854855 0.03233333333333333
0 0.26476476476476474 0.644 0.06281281281281281 0.027
0 0.44894894894894893 0.6443333333333333 0.060810810810810814 0.021666666666666667
0 0.4964964964964965 0.497 0.05880880880880881 0.025333333333333333
0 0.34684684684684686 0.6513333333333333 0.05855855855855856 0.027666666666666666
0 0.3310810810810811 0.6726666666666666 0.05455455455455455 0.03166666666666667
0 0.07457457457457457 0.6866666666666666 0.06106106106106106 0.030666666666666665
0 0.44319319319319317 0.6886666666666666 0.05680680680680681 0.042
0 0.49424424424424424 0.6943333333333334 0.04279279279279279 0.052
0 0.02177177177177177 0.6963333333333334 0.03003003003003003 0.05566666666666667
0 0.11161161161161161 0.71 0.06731731731731731 0.025333333333333333
0 0.4394394394394394 0.7103333333333334 0.052552552552552555 0.042
0 0.4194194194194194 0.743 0.06131131131131131 0.025333333333333333
0 0.9144144144144144 0.617 0.036036036036036036 0.10466666666666667
0 0.9617117117117117 0.49566666666666664 0.07557557557557558 0.03133333333333333
0 0.7765265265265265 0.6506666666666666 0.0492992992992993 0.062
0 0.5773273273273273 0.6523333333333333 0.03553553553553553 0.07266666666666667
0 0.7357357357357357 0.49833333333333335 0.06906906906906907 0.03666666666666667
0 0.82007007007007 0.6716666666666666 0.04029029029029029 0.04
0 0.9161661661661662 0.672 0.08233233233233234 0.061
0 0.6246246246246246 0.6783333333333333 0.046296296296296294 0.064
0 0.7347347347347347 0.6803333333333333 0.03028028028028028 0.12533333333333332
0 0.6001001001001001 0.6913333333333334 0.03053053053053053 0.057666666666666665
0 0.7027027027027027 0.6963333333333334 0.033783783783783786 0.06166666666666667
0 0.9767267267267268 0.7016666666666667 0.046296296296296294 0.085
0 0.8503503503503503 0.7523333333333333 0.035035035035035036 0.105
1 0.7697697697697697 0.7556666666666667 0.03678678678678678 0.08466666666666667
0 0.8923923923923924 0.8066666666666666 0.03528528528528529 0.104
1 0.9466966966966966 0.8093333333333333 0.042042042042042045 0.11033333333333334
1 0.7227227227227228 0.816 0.05405405405405406 0.11966666666666667
1 0.6754254254254254 0.824 0.05055055055055055 0.11533333333333333
1 0.774024024024024 0.843 0.0543043043043043 0.10833333333333334
1 0.8425925925925926 0.8553333333333333 0.09634634634634634 0.071
0 0.5745745745745746 0.858 0.03003003003003003 0.08533333333333333
1 0.9354354354354354 0.897 0.1011011011011011 0.06766666666666667
0 0.6906906906906907 0.9126666666666666 0.08233233233233234 0.051333333333333335
0 0.8355855855855856 0.9266666666666666 0.08183183183183183 0.058
0 0.5935935935935935 0.937 0.06806806806806807 0.066
0 0.6298798798798799 0.9566666666666667 0.06906906906906907 0.08633333333333333
0 0.7332332332332332 0.962 0.047797797797797796 0.07566666666666666
1 0.6854354354354354 0.9726666666666667 0.04604604604604605 0.05433333333333333
0 0.9564564564564565 0.973 0.08608608608608609 0.05266666666666667
0 0.5828328328328328 0.988 0.024524524524524523 0.02266666666666667
1 0.6031031031031031 0.535 0.07307307307307308 0.11
0 0.8893893893893894 0.536 0.03303303303303303 0.112
0 0.8440940940940941 0.56 0.053803803803803806 0.13633333333333333
0 0.6646646646646647 0.579 0.032532532532532535 0.13033333333333333
0 0.8265765765765766 0.492 0.0457957957957958 0.024
0 0.5938438438438438 0.5903333333333334 0.06856856856856856 0.08633333333333333
0 0.9922422422422422 0.607 0.015265265265265265 0.061