1 0.6803902116402116 0.014756944444444444 0.12003968253968254 0.029513888888888888
0 0.6322751322751323 0.06956845238095238 0.06481481481481481 0.045882936507936505
0 0.6902546296296296 0.06962549603174603 0.062023809523809516 0.10210565476190478
0 0.6301256613756614 0.10739087301587301 0.060515873015873016 0.03422619047619048
0 0.8302678571428571 0.10835069444444442 0.10395833333333329 0.08003472222222223
1 0.6665013227513228 0.1440972222222222 0.13326719576719576 0.044642857142857144
0 0.8251124338624339 0.16400793650793655 0.05185515873015871 0.04147569444444445
0 0.6458597883597883 0.18008184523809528 0.040763888888888884 0.029838789682539668
0 0.6274801587301587 0.1949404761904762 0.055224867724867725 0.06498015873015874
0 0.6871494708994709 0.20048115079365084 0.04251653439153438 0.061976686507936474
0 0.7582308201058202 0.24348958333333334 0.05334656084656082 0.09269097222222222
0 0.8639219576719577 0.3133680555555556 0.11210317460317461 0.05233134920634921
2 0.37136243386243384 0.6329365079365079 0.11987433862433862 0.12251984126984126
0 0.7503306878306878 0.6773313492063492 0.01025132275132275 0.026413690476190476