1 0.733983983983984 0.2623333333333333 0.26126126126126126 0.21166666666666667
0 0.03653653653653654 0.6333333333333333 0.07307307307307308 0.06666666666666667
2 0.23444444444444448 0.6333733333333333 0.08369369369369371 0.06148
0 0.47078578578578584 0.6863866666666666 0.07446946946946945 0.060833333333333336
2 0.21882882882882884 0.7422533333333334 0.0767767767767768 0.05827999999999999
0 0.5157657657657657 0.8163333333333334 0.06656656656656657 0.05533333333333333
0 0.33801301301301295 0.8381133333333334 0.05202202202202205 0.04809999999999998
2 0.14517017017017014 0.8400133333333333 0.05244244244244243 0.10142
0 0.4792492492492492 0.9660333333333333 0.07280280280280282 0.06773999999999997
0 0.05805805805805806 0.9853333333333333 0.07707707707707707 0.028
0 0.36711711711711714 0.9873333333333333 0.053553553553553554 0.024
0 0.8726226226226226 0.904 0.06456456456456457 0.06533333333333333