2 0.5932760416666666 0.10547222222222219 0.01903645833333334 0.056
0 0.8918125 0.1066111111111111 0.020619791666666623 0.03599074074074075
0 0.7405208333333333 0.1341759259259259 0.021291666666666664 0.03192592592592593
2 0.8796458333333333 0.13689814814814816 0.021656249999999964 0.020490740740740736
2 0.9223229166666668 0.1414722222222222 0.02233854166666672 0.02373148148148148
0 0.9482135416666667 0.14650000000000002 0.020010416666666704 0.024231481481481496
0 0.9002916666666666 0.14760185185185182 0.01726041666666672 0.05541666666666669
2 0.9844947916666666 0.14767592592592593 0.025447916666666615 0.023027777777777782
0 0.8664166666666666 0.1540833333333333 0.01463541666666662 0.04317592592592592
0 0.9638593750000001 0.15576851851851853 0.019723958333333277 0.03275
0 0.7413020833333334 0.15608333333333338 0.02042187500000002 0.02389814814814815
0 0.6020416666666667 0.15762962962962965 0.023374999999999996 0.045499999999999985
0 0.8809947916666666 0.167037037037037 0.019078125000000057 0.030777777777777786
0 0.9234322916666666 0.17879629629629631 0.024557291666666713 0.03346296296296295
2 0.8587291666666667 0.19492592592592592 0.01637500000000003 0.03850925925925929
0 0.713171875 0.21301851851851847 0.021953124999999987 0.05443518518518518
0 0.6762760416666667 0.2378611111111111 0.01970833333333335 0.04671296296296298
0 0.8277708333333335 0.2503611111111111 0.019833333333333297 0.051333333333333356
0 0.800859375 0.26856481481481476 0.021578125000000035 0.03589814814814813
0 0.6237499999999999 0.33013888888888887 0.011703125000000014 0.016444444444444435
0 0.693984375 0.35312037037037036 0.019703125000000023 0.06056481481481479
2 0.5096666666666666 0.3576018518518519 0.024791666666666663 0.04544444444444448
0 0.7643958333333333 0.4611388888888889 0.02158854166666669 0.021037037037037062
0 0.020052083333333335 0.5412037037037037 0.0296875 0.023148148148148147
0 0.30755208333333334 0.5481481481481482 0.021354166666666667 0.037037037037037035
0 0.33849479166666663 0.5812962962962962 0.016500000000000032 0.05852777777777778
0 0.3091041666666667 0.5888611111111112 0.030302083333333365 0.04288888888888888
0 0.36808854166666666 0.5995185185185186 0.025583333333333277 0.034129629629629635
0 0.29075520833333335 0.6072685185185185 0.022177083333333295 0.035981481481481496
0 0.3706770833333334 0.6208333333333333 0.01898958333333335 0.05728703703703704
0 0.26923437499999997 0.6233611111111111 0.016744791666666686 0.045277777777777785
0 0.207625 0.6909537037037037 0.025755208333333356 0.03437037037037038
0 0.42371875 0.7040648148148148 0.022062499999999947 0.03282407407407406
0 0.13669270833333336 0.7056111111111111 0.02490625000000001 0.03220370370370368
0 0.025390625 0.8628425925925925 0.022510416666666665 0.052222222222222205
0 0.7901041666666667 0.5425925925925926 0.014583333333333334 0.025925925925925925
0 0.83984375 0.5481481481481482 0.018229166666666668 0.037037037037037035
0 0.8046875 0.5527777777777778 0.014583333333333334 0.046296296296296294
0 0.8180624999999999 0.5735185185185185 0.01378125000000002 0.042518518518518525
0 0.844109375 0.5789722222222222 0.032296874999999996 0.033259259259259266
0 0.7831614583333334 0.5813425925925926 0.01900000000000001 0.05814814814814815
0 0.8446874999999999 0.6048981481481481 0.024192708333333358 0.02008333333333333
0 0.8798229166666667 0.6333888888888889 0.028489583333333356 0.0462037037037037
0 0.824546875 0.6351388888888889 0.014708333333333339 0.041064814814814825
0 0.8103645833333334 0.637712962962963 0.013187499999999967 0.04249999999999999
0 0.8596197916666667 0.6386388888888889 0.012390624999999982 0.043120370370370364
0 0.8402916666666668 0.640287037037037 0.019562499999999972 0.051342592592592586
0 0.9148958333333332 0.6568425925925926 0.01669270833333331 0.05360185185185184
0 0.8291145833333334 0.6725833333333333 0.014588541666666661 0.036935185185185175
0 0.85996875 0.6782407407407407 0.01608333333333339 0.03961111111111108
0 0.8706197916666667 0.7085925925925926 0.030223958333333318 0.02005555555555558
0 0.9567447916666667 0.7343055555555555 0.017744791666666634 0.05666666666666666
0 0.9258958333333334 0.7473703703703705 0.02063020833333328 0.051935185185185216
0 0.979546875 0.777611111111111 0.034192708333333384 0.040814814814814825
0 0.9541406250000001 0.7836759259259259 0.03545833333333329 0.039379629629629605
0 0.8793593749999999 0.7925277777777778 0.023395833333333373 0.04472222222222218
0 0.8237395833333333 0.9457962962962964 0.022567708333333294 0.012999999999999966
0 0.8144166666666666 0.9736759259259261 0.017125000000000057 0.01813888888888892