0 0.7458333333333333 0.4650462962962963 0.016281249999999994 0.02854629629629628
2 0.147171875 0.6600092592592592 0.042302083333333344 0.04624999999999999
2 0.12083333333333333 0.7015925925925927 0.040953125 0.03261111111111114
0 0.035354166666666666 0.7142407407407407 0.01177604166666667 0.022314814814814836
0 0.05454166666666667 0.7183333333333333 0.009859375000000004 0.022166666666666664
0 0.13146354166666668 0.7425555555555556 0.015390624999999991 0.03727777777777777
0 0.23516666666666666 0.7694074074074074 0.01995833333333336 0.031712962962962964
0 0.08905208333333332 0.7804444444444444 0.018442708333333346 0.026925925925925912
2 0.20308854166666668 0.79325 0.03359895833333333 0.041425925925925935
0 0.2887760416666667 0.8182407407407408 0.015343750000000019 0.02475925925925927
0 0.12868749999999998 0.8266574074074073 0.008223958333333344 0.018435185185185155
0 0.09321874999999999 0.8295833333333333 0.021567708333333345 0.03170370370370371
0 0.30844270833333337 0.8761018518518519 0.011953125000000024 0.03122222222222225
0 0.35311458333333334 0.9100462962962963 0.015411458333333291 0.06392592592592589
0 0.34816145833333334 0.92425 0.015932291666666622 0.06083333333333338
0 0.34425520833333334 0.9583518518518518 0.011239583333333296 0.05242592592592593
0 0.37916666666666665 0.9694444444444444 0.023958333333333335 0.05925925925925926
0 0.08219270833333334 0.5933518518518519 0.007427083333333329 0.022194444444444444
0 0.49435416666666665 0.7528518518518519 0.026875000000000013 0.02853703703703703