0 0.46328125 0.09398148148148149 0.026041666666666668 0.027777777777777776
0 0.77734375 0.10324074074074074 0.026041666666666668 0.03148148148148148
2 0.771875 0.013425925925925926 0.028645833333333332 0.02638888888888889
0 0.5713541666666667 0.15185185185185185 0.022135416666666668 0.03148148148148148
2 0.678125 0.1537037037037037 0.017447916666666667 0.034722222222222224
0 0.9135416666666667 0.18333333333333332 0.02890625 0.025
0 0.78515625 0.1865740740740741 0.02734375 0.034722222222222224
0 0.8283854166666667 0.2111111111111111 0.03177083333333333 0.025925925925925925
0 0.60625 0.21296296296296297 0.027083333333333334 0.023148148148148147
2 0.9692708333333333 0.22083333333333333 0.022916666666666665 0.03148148148148148
0 0.684375 0.22361111111111112 0.02109375 0.03611111111111111
0 0.9393229166666667 0.24537037037037038 0.016666666666666666 0.04212962962962963
0 0.7729166666666667 0.2662037037037037 0.029166666666666667 0.021296296296296296
0 0.9708333333333333 0.29768518518518516 0.02734375 0.02824074074074074
0 0.925 0.30694444444444446 0.03046875 0.031018518518518518
0 0.884375 0.3384259259259259 0.027864583333333335 0.022685185185185187
0 0.6682291666666667 0.36157407407407405 0.02265625 0.01898148148148148
0 0.9083333333333333 0.3625 0.023958333333333335 0.02175925925925926
0 0.71640625 0.42314814814814816 0.02578125 0.02361111111111111
0 0.8580729166666666 0.42407407407407405 0.02109375 0.026851851851851852
0 0.8934895833333333 0.42916666666666664 0.030989583333333334 0.028703703703703703
0 0.7325520833333333 0.05277777777777778 0.015625 0.024074074074074074
2 0.9653645833333333 0.0625 0.027864583333333335 0.02638888888888889
0 0.8783854166666667 0.0699074074074074 0.023177083333333334 0.022685185185185187
0 0.71640625 0.07731481481481481 0.0296875 0.02361111111111111
0 0.9197916666666667 0.08425925925925926 0.011979166666666667 0.03009259259259259
2 0.6672760416666667 0.7605555555555555 0.018546875000000008 0.04580555555555558