0 0.5846354166666666 0.03564814814814815 0.026822916666666665 0.05
0 0.6841145833333333 0.05277777777777778 0.03463541666666667 0.04212962962962963
0 0.5973958333333333 0.05462962962962963 0.04869791666666667 0.010648148148148148
0 0.5369791666666667 0.0060185185185185185 0.0609375 0.011574074074074073
0 0.47421875 0.06157407407407407 0.028645833333333332 0.013888888888888888
0 0.5270833333333333 0.062037037037037036 0.06848958333333334 0.01990740740740741
0 0.77890625 0.06296296296296296 0.03046875 0.014814814814814815
0 0.6453125 0.07222222222222222 0.04401041666666667 0.04675925925925926
0 0.5138020833333333 0.07592592592592592 0.0609375 0.04259259259259259
0 0.6127604166666667 0.08055555555555556 0.025 0.03333333333333333
0 0.7796875 0.08611111111111111 0.05286458333333333 0.031018518518518518
0 0.8604166666666667 0.09027777777777778 0.050520833333333334 0.04490740740740741
0 0.7643229166666666 0.09444444444444444 0.048177083333333336 0.04722222222222222
0 0.9635416666666666 0.09861111111111111 0.07265625 0.024537037037037038
0 0.9765625 0.11064814814814815 0.03463541666666667 0.04814814814814815
0 0.49583333333333335 0.11805555555555555 0.06041666666666667 0.040740740740740744
0 0.5606770833333333 0.11851851851851852 0.03958333333333333 0.04351851851851852
0 0.6856770833333333 0.1300925925925926 0.049479166666666664 0.053703703703703705
0 0.5791666666666667 0.16666666666666666 0.04791666666666667 0.025
0 0.87109375 0.1685185185185185 0.08255208333333333 0.04259259259259259
0 0.9885416666666667 0.175 0.021875 0.022222222222222223
0 0.77734375 0.18194444444444444 0.07083333333333333 0.03148148148148148
0 0.7174479166666666 0.026851851851851852 0.029166666666666667 0.047685185185185185
0 0.8083333333333333 0.027314814814814816 0.046614583333333334 0.05462962962962963
0 0.9536458333333333 0.03009259259259259 0.03177083333333333 0.0587962962962963
0 0.6705729166666666 0.7893518518518519 0.09635416666666667 0.09212962962962963