0 0.19447395833333334 0.09762037037037037 0.017677083333333333 0.04400925925925925
0 0.510671875 0.10425925925925927 0.02582812499999996 0.02086111111111111
0 0.3603020833333333 0.23171296296296295 0.01814062500000002 0.03625925925925923
0 0.6238802083333332 0.2468240740740741 0.02136979166666665 0.05909259259259261
0 0.226859375 0.253 0.020619791666666675 0.03439814814814813
0 0.5626666666666668 0.25696296296296295 0.01282291666666661 0.04370370370370372
2 0.54765625 0.27120370370370367 0.02147916666666667 0.022166666666666716
0 0.575171875 0.27791666666666665 0.013609375000000057 0.030037037037037088
0 0.6687708333333333 0.2918888888888889 0.019447916666666624 0.04337962962962965
0 0.6946354166666667 0.29590740740740745 0.020479166666666694 0.05016666666666662
0 0.5345260416666666 0.2970740740740741 0.027046875000000033 0.03153703703703699
2 0.57475 0.30454629629629626 0.022531249999999996 0.03479629629629633
0 0.5464479166666666 0.3065740740740741 0.02180729166666661 0.03283333333333337
0 0.35717187499999997 0.31178703703703703 0.01519791666666664 0.050120370370370364
0 0.542734375 0.33481481481481484 0.020010416666666704 0.03893518518518514
0 0.4854895833333333 0.35206481481481483 0.016895833333333363 0.04733333333333334
0 0.460140625 0.371962962962963 0.02176562499999998 0.04455555555555556
0 0.4967760416666666 0.37952777777777774 0.01932291666666662 0.054120370370370416
2 0.06623958333333331 0.9587222222222223 0.014390624999999997 0.0412037037037037
2 0.034895833333333334 0.9668888888888889 0.018088541666666662 0.054768518518518494
2 0.09192708333333334 0.9814814814814815 0.0265625 0.03518518518518519
0 0.06276041666666667 0.9939814814814815 0.019270833333333334 0.010185185185185186