0 0.7903645833333334 0.04861111111111111 0.07291666666666667 0.02361111111111111
0 0.53828125 0.08657407407407407 0.013802083333333333 0.013425925925925926
0 0.8895833333333333 0.11064814814814815 0.027604166666666666 0.016203703703703703
0 0.5619791666666667 0.1375 0.023958333333333335 0.02361111111111111
0 0.9369791666666667 0.15833333333333333 0.022395833333333334 0.008333333333333333
0 0.6744791666666666 0.17407407407407408 0.01328125 0.007407407407407408
0 0.96953125 0.1763888888888889 0.024739583333333332 0.018518518518518517
0 0.44375 0.1787037037037037 0.032552083333333336 0.011574074074074073
2 0.5924479166666666 0.18518518518518517 0.06328125 0.03518518518518519
2 0.48984375 0.2101851851851852 0.03125 0.02175925925925926
0 0.7372395833333333 0.21203703703703702 0.0171875 0.0125
0 0.8057291666666667 0.23935185185185184 0.05755208333333333 0.029166666666666667
0 0.5059895833333333 0.27546296296296297 0.019791666666666666 0.006944444444444444
0 0.725 0.2796296296296296 0.011979166666666667 0.008333333333333333
0 0.7231770833333333 0.30833333333333335 0.027083333333333334 0.011574074074074073
0 0.45598958333333334 0.5398148148148149 0.2046875 0.19027777777777777
0 0.8453125 0.5638888888888889 0.20338541666666668 0.18009259259259258
3 0.6151041666666667 0.6851851851851852 0.1265625 0.5546296296296296
0 0.6809895833333334 0.3773148148148148 0.1453125 0.11574074074074074
0 0.4005208333333333 0.9125 0.10104166666666667 0.17314814814814813
0 0.4901041666666667 0.9231481481481482 0.09270833333333334 0.15185185185185185