0 0.7924479166666667 0.12731481481481483 0.027864583333333335 0.03796296296296296
0 0.6953125 0.14629629629629629 0.08619791666666667 0.013425925925925926
0 0.8669270833333333 0.16435185185185186 0.03619791666666667 0.012962962962962963
0 0.82890625 0.17314814814814813 0.06640625 0.01574074074074074
0 0.7635416666666667 0.17824074074074073 0.07760416666666667 0.015277777777777777
0 0.5755208333333334 0.01898148148148148 0.05234375 0.0125
0 0.83671875 0.1925925925925926 0.05625 0.022222222222222223
0 0.5380208333333333 0.22037037037037038 0.07395833333333333 0.02175925925925926
2 0.8533854166666667 0.23055555555555557 0.08854166666666667 0.02546296296296296
0 0.17129687500000004 0.8383333333333333 0.02762499999999998 0.03653703703703707
0 0.479234375 0.3953055555555556 0.017953125 0.05604629629629628
0 0.6124166666666667 0.43125925925925923 0.029661458333333356 0.02610185185185185
0 0.5779479166666666 0.44807407407407407 0.019484374999999984 0.05417592592592592
0 0.6365468750000001 0.4743148148148148 0.02623958333333333 0.034083333333333334
0 0.7290156250000001 0.5151944444444444 0.018062500000000002 0.04953703703703704
0 0.6479322916666667 0.5286759259259259 0.019911458333333344 0.04713888888888886
0 0.65934375 0.5611851851851852 0.026755208333333336 0.02257407407407407
0 0.6346875 0.5687685185185185 0.019026041666666653 0.042074074074074125
0 0.6604947916666667 0.5804444444444444 0.030958333333333362 0.020638888888888856
0 0.6209375 0.583462962962963 0.011729166666666657 0.032574074074074026
0 0.6004791666666667 0.5876666666666667 0.011567708333333352 0.03653703703703707
0 0.9365052083333333 0.5999074074074073 0.029447916666666647 0.05043518518518521
0 0.5739218749999999 0.6068148148148148 0.024479166666666666 0.03147222222222223
0 0.6018385416666666 0.6174722222222222 0.020781249999999987 0.02740740740740743
0 0.5776822916666667 0.6187314814814815 0.026307291666666663 0.029305555555555536
0 0.6167343750000001 0.6269166666666667 0.01931770833333335 0.03844444444444443
0 0.6536562499999999 0.6341666666666667 0.01943229166666664 0.0448703703703704
0 0.6315729166666666 0.6399259259259259 0.023786458333333312 0.03234259259259255
0 0.5752552083333333 0.709462962962963 0.025911458333333335 0.043620370370370386
0 0.47239583333333335 0.7671296296296296 0.025 0.03425925925925926
0 0.6608593749999999 0.8427777777777778 0.014052083333333344 0.05839814814814809