0 0.935171875 0.11211111111111115 0.03350520833333329 0.02853703703703703
0 0.8566875 0.13387037037037042 0.02236979166666669 0.029796296296296303
0 0.8620677083333333 0.14651851851851852 0.014786458333333386 0.05262962962962966
0 0.2156875 0.6844722222222223 0.026302083333333334 0.021425925925925914
0 0.9356666666666666 0.5592222222222223 0.01710937499999995 0.052814814814814835
0 0.872234375 0.5836018518518519 0.02453645833333328 0.06329629629629631
0 0.9578958333333333 0.5908055555555555 0.02595833333333329 0.057953703703703736
0 0.9934895833333334 0.6777777777777778 0.011979166666666667 0.03333333333333333
0 0.9463802083333334 0.6913055555555556 0.014729166666666653 0.05524999999999996
0 0.9317343749999999 0.7088981481481481 0.013911458333333352 0.04475000000000004
0 0.9130989583333334 0.7182592592592593 0.026640625000000046 0.030138888888888847
0 0.94915625 0.75025 0.014442708333333342 0.060787037037037014
0 0.9167395833333333 0.7506666666666667 0.022322916666666616 0.044546296296296306
0 0.9564479166666667 0.7614722222222222 0.01374479166666672 0.03652777777777782
0 0.9089322916666667 0.777925925925926 0.021083333333333343 0.0283055555555556
0 0.9564531249999999 0.7920185185185186 0.03209374999999994 0.023333333333333376