0 0.493140625 0.23278703703703701 0.028604166666666674 0.03286111111111112
0 0.6389895833333334 0.23540740740740743 0.011979166666666667 0.039953703703703686
0 0.5484375 0.24282407407407408 0.02017187500000001 0.03040740740740744
0 0.5890677083333333 0.25747222222222227 0.022244791666666687 0.04889814814814812
0 0.5225677083333333 0.26072222222222224 0.01558854166666667 0.046462962962962914
0 0.5074635416666667 0.26581481481481484 0.014541666666666675 0.03812962962962958
2 0.4784583333333333 0.378287037037037 0.028874999999999998 0.051648148148148124
0 0.15336458333333336 0.8808518518518519 0.030552083333333317 0.024444444444444425
2 0.07541666666666665 0.8861296296296296 0.020062499999999997 0.023490740740740746
2 0.09385937500000002 0.8877499999999999 0.016093749999999987 0.029990740740740728
0 0.13615104166666664 0.8877499999999999 0.022781250000000006 0.029990740740740728
0 0.11241145833333335 0.8919537037037036 0.013270833333333343 0.028638888888888894
0 0.19993229166666668 0.8932777777777778 0.030734374999999994 0.016805555555555535
0 0.11801562500000001 0.907324074074074 0.024906249999999998 0.019444444444444445
2 0.05160416666666669 0.9140925925925926 0.023343749999999996 0.049351851851851834
0 0.08829166666666666 0.9199166666666666 0.02843750000000001 0.028499999999999973
0 0.06475520833333336 0.9336666666666666 0.021692708333333328 0.030962962962963015
0 0.09164583333333336 0.935962962962963 0.021427083333333326 0.04352777777777777
0 0.118625 0.9386111111111112 0.013328124999999988 0.044638888888888895
3 0.7432291666666667 0.8587962962962963 0.19765625 0.16111111111111112