1 0.18880208333333334 0.12824074074074074 0.2994791666666667 0.08981481481481482
0 0.48072916666666665 0.14305555555555555 0.22109375 0.13240740740740742
0 0.60546875 0.15694444444444444 0.026822916666666665 0.07407407407407407
0 0.39505208333333336 0.2518518518518518 0.2565104166666667 0.1
0 0.07395833333333333 0.25601851851851853 0.14791666666666667 0.1050925925925926
0 0.5018229166666667 0.2861111111111111 0.1296875 0.04583333333333333
0 0.5481770833333334 0.03611111111111111 0.14296875 0.07175925925925926
0 0.38567708333333334 0.05787037037037037 0.1765625 0.11574074074074074
0 0.9807239583333334 0.06350000000000004 0.029142578125000065 0.0287511574074076
0 0.1795208333333333 0.6922129629629629 0.016133789062500032 0.05554687500000002
2 0.48851041666666667 0.7869537037037037 0.02077799479166676 0.05190856481481479
2 0.2777135416666667 0.8346388888888888 0.017698242187500077 0.03978645833333324
0 0.1300364583333333 0.8431296296296297 0.021328125000000024 0.050831018518518345
0 0.37104687500000005 0.8779907407407408 0.03229687499999988 0.03797800925925938
2 0.14088541666666668 0.9181111111111111 0.020336263020833318 0.05467476851851845