0 0.0515625 0.23558368495077356 0.103125 0.2011251758087201
0 0.41848958333333336 0.2770745428973277 0.04114583333333333 0.20675105485232068
0 0.33299999999999996 0.3608931082981716 0.16248763020833343 0.22009405766526027
0 0.10442708333333334 0.4089310829817159 0.20885416666666667 0.1441631504922644
0 0.22526041666666666 0.47433192686357245 0.0859375 0.04992967651195499
3 0.17291666666666666 0.05977496483825598 0.103125 0.11954992967651196
0 0.346875 0.06856540084388185 0.184375 0.1371308016877637
1 0.6830572916666667 0.31601265822784813 0.08492187499999998 0.10478990857946556
0 0.1984375 0.6438748241912798 0.012476236979166682 0.04078146976090009
0 0.10718749999999998 0.6675527426160337 0.027612630208333398 0.01478463431786221
2 0.169703125 0.7261462728551336 0.020309895833333393 0.044340277777777694
0 0.27415104166666665 0.7642264416315049 0.030727864583333424 0.018986462728551316
0 0.22402604166666668 0.7667932489451478 0.014580729166666728 0.016132208157524492
0 0.306875 0.770028129395218 0.010409505208333296 0.01693741209563997
2 0.20130208333333333 0.7709142053445851 0.015056640625000029 0.023193565400843913
0 0.23318229166666668 0.7819127988748242 0.010932942708333353 0.03162974683544317
0 0.21106250000000001 0.7863853727144866 0.0166380208333333 0.03160601265822779
0 0.24406770833333333 0.7873347398030943 0.016119791666666692 0.03170094936708854
2 0.17994791666666668 0.789901547116737 0.024455078125000067 0.02741956751054846
0 0.3460416666666667 0.7982208157524614 0.011968098958333447 0.042154535864979
0 0.154765625 0.8656047819971869 0.026069661458333233 0.02254219409282705
0 0.7953125 0.5218002812939522 0.059375 0.04360056258790436
0 0.7278645833333334 0.5530942334739803 0.04635416666666667 0.10618846694796062
0 0.4734375 0.7039381153305204 0.06770833333333333 0.10126582278481013
0 0.63340625 0.7185302390998594 0.048929687499999965 0.07033755274261602
0 0.6306354166666668 0.7531082981715893 0.10780664062499999 0.061839838255977476
0 0.4588541666666667 0.7834036568213784 0.03854166666666667 0.13783403656821377
0 0.5708906250000001 0.7852109704641351 0.034407552083333334 0.09219409282700432
0 0.5535364583333333 0.8508509142053445 0.049474283854166676 0.10546413502109707
0 0.4546875 0.9022503516174403 0.030208333333333334 0.10970464135021098