0 0.17036458333333335 0.4208579465541491 0.14167317708333335 0.2003894163150493
0 0.23688541666666668 0.5938677918424754 0.22084212239583334 0.14279140295358653
0 0.36380208333333336 0.6564697609001406 0.0859375 0.04430379746835443
0 0.08828125 0.10021097046413502 0.1765625 0.14838255977496484
3 0.31145833333333334 0.15225035161744022 0.103125 0.30450070323488043
0 0.06380208333333333 0.3108298171589311 0.12760416666666666 0.17580872011251758
2 0.8812135416666667 0.31521800281293955 0.0198476562499998 0.038691983122362855
0 0.5709270833333332 0.34475386779184247 0.013529622395833366 0.023199718706047825
0 0.5297760416666667 0.3468635724331927 0.0124873046874999 0.027419127988748248
0 0.5504375 0.34850914205344585 0.011977539062500023 0.02739011954992953
0 0.49209375000000005 0.3610407876230661 0.023443359374999893 0.021841596343178563
0 0.7476927083333333 0.47026019690576654 0.021315104166666526 0.04923523206751058