0 0.3427604166666667 0.26825597749648383 0.14167317708333335 0.2003894163150493
0 0.40390625 0.4391701828410689 0.2109375 0.139943741209564
0 0.05286458333333333 0.47187060478199716 0.0828125 0.07454289732770746
3 0.4708333333333333 0.0759493670886076 0.07708333333333334 0.1518987341772152
0 0.21090625 0.1585372714486639 0.17760677083333334 0.17516877637130812
0 0.19634895833333335 0.8686708860759493 0.023934244791666733 0.020400843881856534
0 0.8419270833333333 0.5847398030942335 0.054947916666666666 0.035864978902953586
0 0.6518229166666667 0.6431082981715893 0.01015625 0.020745428973277073
0 0.9166666666666666 0.679676511954993 0.02109375 0.024964838255977496
0 0.6697916666666667 0.7204641350210971 0.018229166666666668 0.035864978902953586
0 0.95234375 0.7531645569620253 0.016666666666666666 0.013009845288326301
0 0.7546875 0.7774261603375527 0.01015625 0.011603375527426161
0 0.9770833333333333 0.7805907172995781 0.019010416666666665 0.028832630098452883
0 0.58046875 0.7841068917018285 0.024479166666666666 0.017932489451476793
2 0.6927083333333334 0.7939521800281294 0.04791666666666667 0.05379746835443038
2 0.6153645833333333 0.8322784810126582 0.0234375 0.03375527426160337
0 0.8018229166666667 0.8350914205344585 0.013020833333333334 0.019338959212376935
0 0.8536458333333333 0.8769338959212377 0.043229166666666666 0.0450070323488045
0 0.6276041666666666 0.9321378340365682 0.015364583333333333 0.01090014064697609
0 0.7927083333333333 0.9388185654008439 0.009114583333333334 0.013009845288326301
0 0.7911458333333333 0.9827707454289732 0.020572916666666666 0.017229254571026722