0 0.19661458333333334 0.4947257383966245 0.1421875 0.06821378340365682
0 0.28177083333333336 0.02250351617440225 0.10520833333333333 0.0450070323488045
0 0.45338541666666665 0.18917018284106893 0.07135416666666666 0.1111111111111111
0 0.10416145833333333 0.2408509142053446 0.1958619791666667 0.14704729254571022
3 0.3374010416666666 0.24566807313642758 0.10258463541666671 0.39803182137834037
0 0.45416666666666666 0.39029535864978904 0.06979166666666667 0.14486638537271448
0 0.07682291666666667 0.4462025316455696 0.15364583333333334 0.16526019690576652
0 0.7467812500000001 0.3998382559774965 0.013023763020833337 0.027461761603375583
0 0.7533802083333333 0.4216385372714487 0.016170247395833334 0.03449367088607592
0 0.795921875 0.43710970464135024 0.027070963541666635 0.014803094233473948
0 0.345828125 0.7146624472573839 0.023934244791666733 0.020400843881856534
0 0.6637864583333334 0.769268635724332 0.030703125000000022 0.01549182489451466