0 0.9645833333333333 0.14814814814814814 0.044270833333333336 0.13055555555555556
0 0.7609375 0.20277777777777778 0.04973958333333333 0.13796296296296295
3 0.8528645833333334 0.2324074074074074 0.1359375 0.08657407407407407
0 0.6481770833333333 0.02361111111111111 0.0765625 0.04722222222222222
0 0.6356770833333333 0.29305555555555557 0.0515625 0.1375
0 0.7033854166666667 0.2962962962962963 0.03828125 0.1398148148148148
0 0.8791666666666667 0.29907407407407405 0.07786458333333333 0.06435185185185185
0 0.9348958333333334 0.31157407407407406 0.05234375 0.11018518518518519
0 0.7700520833333333 0.3138888888888889 0.07942708333333333 0.059722222222222225
0 0.8893229166666666 0.03564814814814815 0.036458333333333336 0.0712962962962963
0 0.965625 0.03611111111111111 0.040364583333333336 0.07175925925925926
0 0.809375 0.36342592592592593 0.061197916666666664 0.13564814814814816
0 0.68671875 0.40925925925925927 0.04348958333333333 0.13240740740740742
0 0.9205729166666666 0.041666666666666664 0.027604166666666666 0.08333333333333333
0 0.7364583333333333 0.4361111111111111 0.04479166666666667 0.1259259259259259
0 0.96796875 0.44675925925925924 0.06380208333333333 0.08842592592592592
0 0.7510416666666667 0.060648148148148145 0.06927083333333334 0.12129629629629629
0 0.8541666666666666 0.06157407407407407 0.03697916666666667 0.12314814814814815
0 0.7994791666666666 0.07546296296296297 0.03046875 0.14074074074074075
0 0.24503125 0.6238240740740741 0.029265625000000028 0.022342592592592588