0 0.21302083333333333 0.014285714285714285 0.034375 0.02857142857142857
0 0.026041666666666668 0.017316017316017316 0.03854166666666667 0.03463203463203463
0 0.15630729166666663 0.07408658008658003 0.05624544270833335 0.10479816017316013
0 0.2967552083333333 0.12683116883116885 0.04948079427083343 0.10826461038961037
0 0.052312500000000026 0.12987878787878787 0.0525638020833334 0.09003030303030314
0 0.20752083333333335 0.17941991341991342 0.07654915364583322 0.0675492424242423
0 0.07179687500000001 0.18118614718614717 0.07812565104166667 0.045904761904761886
0 0.31894270833333327 0.1843896103896104 0.055749674479166816 0.03293722943722945
0 0.09919270833333335 0.2143636363636364 0.0693157552083333 0.049331168831168996
0 0.01484375 0.24112554112554113 0.0296875 0.09090909090909091
0 0.07295312500000002 0.2711255411255411 0.070876953125 0.07966125541125557
0 0.8341718749999999 0.17885714285714288 0.029670898437499933 0.02861634199134189
0 0.4598072916666667 0.203965367965368 0.02135677083333327 0.04073701298701317
0 0.5055625 0.21001731601731605 0.021342122395833368 0.03900541125541144
0 0.556875 0.2277662337662338 0.031227864583333324 0.02086688311688306
0 0.4942708333333333 0.2354199134199134 0.013588541666666742 0.038042207792207815
0 0.6884895833333334 0.36266666666666664 0.01510644531249999 0.05023971861471843
2 0.427859375 0.3962857142857143 0.019222005208333334 0.06407900432900435
0 0.5976510416666667 0.5644242424242424 0.030705078125000066 0.027732142857142945