0 0.33567708333333335 0.09027777777777778 0.04921875 0.05185185185185185
0 0.37526041666666665 0.11481481481481481 0.09192708333333334 0.02361111111111111
0 0.38203125 0.14305555555555555 0.08567708333333333 0.030555555555555555
0 0.4049479166666667 0.16296296296296298 0.08671875 0.025
0 0.17890625 0.2759259259259259 0.09635416666666667 0.03194444444444444
0 0.6372395833333333 0.28055555555555556 0.06328125 0.04814814814814815
0 0.5971354166666667 0.3162037037037037 0.03671875 0.07361111111111111
0 0.64140625 0.35185185185185186 0.05572916666666667 0.03148148148148148
0 0.6354166666666666 0.37222222222222223 0.06692708333333333 0.012962962962962963
0 0.29747916666666663 0.6886481481481481 0.02917513020833328 0.02873206018518507
0 0.8934895833333333 0.7094907407407407 0.012996744791666733 0.02684201388888899