0 0.113525390625 0.0837673611111111 0.07666015625 0.1675347222222222
0 0.29736328125 0.21484375 0.0439453125 0.3671875
0 0.09619140625 0.3641493055555556 0.1923828125 0.0685763888888889
2 0.664306640625 0.004340277777777778 0.01708984375 0.008680555555555556
2 0.58984375 0.018229166666666668 0.0185546875 0.036458333333333336
0 0.696044921875 0.020833333333333332 0.01123046875 0.041666666666666664
0 0.82958984375 0.034722222222222224 0.0302734375 0.027669270833333332
0 0.86279296875 0.044270833333333336 0.02630615234375 0.041666666666666664
0 0.89794921875 0.13194444444444445 0.0322265625 0.03125
0 0.654296875 0.2725694444444444 0.0146484375 0.058919270833333336
0 0.41357421875 0.7560763888888888 0.03125 0.03125