0 0.38984895833333333 0.0804537037037037 0.030722981770833258 0.09257523148148147
0 0.4892552083333334 0.09087037037037035 0.04949674479166669 0.06667824074074073
0 0.347140625 0.09443518518518519 0.024460937500000075 0.10741666666666666
0 0.057703124999999994 0.10379629629629629 0.049491210937499995 0.0667025462962963
0 0.15549479166666666 0.13205555555555556 0.04733984375000002 0.08604166666666664
0 0.4591927083333333 0.1440185185185185 0.03386067708333336 0.09169560185185185
0 0.09927083333333332 0.14680555555555558 0.06301302083333334 0.058334490740740756
0 0.022916666666666665 0.1476851851851852 0.04583333333333333 0.08425925925925926
0 0.3926145833333334 0.17554629629629628 0.0317506510416667 0.09914236111111113
0 0.49375 0.19619444444444442 0.052114257812499905 0.039803819444444416
0 0.016666666666666666 0.21203703703703702 0.03333333333333333 0.05185185185185185
0 0.47259375 0.2938703703703704 0.019785481770833377 0.1009508101851852
0 0.4232760416666667 0.3425740740740741 0.04011458333333332 0.06844675925925928
0 0.4317708333333333 0.42685185185185187 0.020833333333333332 0.044444444444444446
0 0.10546875 0.43148148148148147 0.059895833333333336 0.03518518518518519
0 0.35885416666666664 0.010185185185185186 0.052083333333333336 0.020370370370370372
0 0.08098958333333334 0.022685185185185187 0.034895833333333334 0.04537037037037037
0 0.9048593749999999 0.1099537037037037 0.029164062500000063 0.02963888888888888
0 0.2046875 0.7486111111111111 0.09921875 0.2574074074074074