2 0.23151041666666666 0.12453703703703704 0.06171875 0.05138888888888889
2 0.19296875 0.17083333333333334 0.059375 0.03611111111111111
0 0.06770833333333333 0.18518518518518517 0.016927083333333332 0.025
0 0.09583333333333334 0.18981481481481483 0.014583333333333334 0.024537037037037038
0 0.20833333333333334 0.21666666666666667 0.022135416666666668 0.0412037037037037
0 0.36015625 0.24675925925925926 0.0296875 0.03518518518518519
0 0.14635416666666667 0.2587962962962963 0.02734375 0.03009259259259259
2 0.31328125 0.27314814814814814 0.04869791666666667 0.046296296296296294
0 0.4388020833333333 0.30092592592592593 0.022135416666666668 0.027777777777777776
0 0.20442708333333334 0.3101851851851852 0.012239583333333333 0.020833333333333332
0 0.15234375 0.31342592592592594 0.03203125 0.03518518518518519
0 0.4674479166666667 0.36527777777777776 0.017447916666666667 0.03518518518518519
0 0.5328125 0.40324074074074073 0.022916666666666665 0.0712962962962963
0 0.5255208333333333 0.41898148148148145 0.023697916666666666 0.06805555555555555
0 0.5197916666666667 0.45694444444444443 0.016666666666666666 0.05787037037037037
0 0.57109375 0.47129629629629627 0.03359375 0.06898148148148148
0 0.13619791666666667 0.050462962962962966 0.010677083333333334 0.024537037037037038
0 0.58203125 0.5268518518518519 0.051041666666666666 0.044444444444444446
0 0.7250833333333333 0.3567037037037037 0.025013020833333264 0.032416087962963046
0 0.7528645833333333 0.36626851851851855 0.01929427083333337 0.025046875000000076
0 0.6979114583333333 0.39435185185185184 0.013517578125000066 0.04076793981481467
1 0.2529010416666667 0.7531388888888889 0.10260742187499995 0.11576620370370373
2 0.8334791666666667 0.7127222222222223 0.022910807291666658 0.0518611111111111
0 0.6881406250000001 0.9168703703703704 0.019809244791666694 0.05834490740740745