0 0.028125 0.14907407407407408 0.05625 0.09444444444444444
0 0.5291666666666667 0.2310185185185185 0.040625 0.14907407407407408
0 0.475796875 0.2543796296296296 0.10674934895833334 0.15185879629629623
0 0.3159635416666667 0.35466666666666663 0.06924218749999997 0.17786458333333333
0 0.0390625 0.36574074074074076 0.078125 0.17407407407407408
0 0.21176562499999999 0.48243518518518513 0.12658040364583337 0.11856076388888886
0 0.026822916666666665 0.5055555555555555 0.05364583333333333 0.11851851851851852
0 0.10202604166666666 0.5790277777777779 0.1255192057291667 0.11205844907407422
0 0.8267552083333333 0.2701203703703704 0.014024088541666776 0.03976388888888883
0 0.82525 0.30694444444444446 0.01928776041666668 0.02501273148148155
0 0.8059791666666667 0.31012962962962964 0.020322265624999978 0.019444444444444445
0 0.7661041666666667 0.31475925925925924 0.010438802083333224 0.04446354166666666
0 0.7810885416666667 0.3188796296296296 0.019784179687500014 0.023160879629629698
0 0.8026822916666667 0.33389814814814817 0.019822916666666756 0.030631944444444427
0 0.7338541666666667 0.6199074074074075 0.025 0.03796296296296296
0 0.032197916666666694 0.6742962962962963 0.030722656249999977 0.015756944444444376
0 0.75034375 0.7297037037037037 0.03174414062499989 0.027682870370370195