0 0.7468333333333333 0.033814814814814825 0.022208333333333385 0.031009259259259268
0 0.6523229166666666 0.04647222222222222 0.021401041666666624 0.05013888888888889
0 0.6893645833333333 0.059120370370370365 0.024656249999999956 0.024833333333333325
0 0.7529114583333334 0.06930555555555555 0.028807291666666637 0.043962962962962954
0 0.7055677083333334 0.0832962962962963 0.01793750000000003 0.06947222222222223
0 0.8379895833333334 0.09646296296296297 0.044755208333333366 0.02174074074074073
0 0.6569479166666667 0.10078703703703704 0.01399479166666661 0.0525925925925926
0 0.731265625 0.1100462962962963 0.02765624999999995 0.027638888888888897
0 0.46664062500000003 0.11250925925925925 0.03607291666666666 0.07851851851851853
0 0.6754739583333332 0.14985185185185182 0.02048437499999996 0.0507314814814815
0 0.7530260416666666 0.21445370370370373 0.018848958333333363 0.0441296296296296
0 0.776875 0.24191666666666664 0.014958333333333348 0.04268518518518521
0 0.7677916666666665 0.26599074074074075 0.015531249999999967 0.04473148148148143
0 0.48053125 0.38026851851851856 0.03467708333333334 0.07700925925925922
1 0.11199999999999997 0.7742129629629629 0.063671875 0.12723148148148145
0 0.659890625 0.9003796296296296 0.029125000000000036 0.03286111111111112