0 0.39010416666666664 0.06147186147186147 0.03854166666666667 0.11082251082251082
0 0.286078125 0.17683116883116884 0.06614778645833326 0.0822748917748918
0 0.4010416666666667 0.19480519480519481 0.016666666666666666 0.12294372294372294
0 0.36121354166666664 0.26436363636363636 0.0297115885416666 0.12294805194805195
0 0.267546875 0.3017142857142857 0.038020182291666656 0.13071320346320345
0 0.165625 0.37965367965367963 0.05 0.05800865800865801
0 0.38958333333333334 0.3813852813852814 0.03958333333333333 0.05454545454545454
0 0.20234375 0.38311688311688313 0.025520833333333333 0.05108225108225108
1 0.71484375 0.3787878787878788 0.06197916666666667 0.05974025974025974
0 0.2551197916666667 0.6005021645021645 0.021359374999999996 0.040781385281385446
0 0.30087499999999995 0.6065541125541126 0.021342122395833368 0.03900541125541144
0 0.35218750000000004 0.6243030303030304 0.031238932291666664 0.020823051948052018
0 0.28958333333333336 0.6319567099567099 0.013588541666666742 0.038042207792207815
2 0.128453125 0.7218354978354978 0.01821386718750008 0.05714880952380955
2 0.223171875 0.7928225108225109 0.019246419270833332 0.06407413419913421
2 0.4539635416666667 0.6235930735930736 0.027637369791666682 0.03724783549783551
2 0.6909791666666666 0.6807272727272727 0.018241536458333367 0.04416396103896112
0 0.6498229166666666 0.6896709956709958 0.01511718749999993 0.03727326839826847
2 0.7205833333333334 0.6912640692640692 0.023393229166666647 0.039012987012987166
0 0.6690104166666667 0.7094372294372294 0.008877604166666704 0.03379220779220777
0 0.6574635416666667 0.7266147186147186 0.012501953125000043 0.03375811688311681
0 0.6742239583333334 0.7481125541125542 0.011956054687500028 0.03635606060606044
2 0.685078125 0.748969696969697 0.019789062500000062 0.050301948051948146
2 0.8805885416666667 0.8293419913419914 0.030746744791666693 0.032948051948052004
2 0.41354166666666664 0.9017316017316017 0.007291666666666667 0.047619047619047616