0 0.2755208333333333 0.13287037037037036 0.040364583333333336 0.0763888888888889
0 0.30833333333333335 0.16898148148148148 0.07552083333333333 0.034722222222222224
0 0.3138020833333333 0.21064814814814814 0.0703125 0.04490740740740741
0 0.33255208333333336 0.24027777777777778 0.07109375 0.037037037037037035
0 0.146875 0.4064814814814815 0.07916666666666666 0.04722222222222222
0 0.5231770833333333 0.412962962962963 0.052083333333333336 0.07083333333333333
0 0.4903645833333333 0.46574074074074073 0.029947916666666668 0.1087962962962963
0 0.5260416666666666 0.5175925925925926 0.04609375 0.04722222222222222
0 0.521875 0.5486111111111112 0.054947916666666666 0.01898148148148148
0 0.5672708333333333 0.28633333333333333 0.025026041666666644 0.03242476851851848
0 0.5950520833333334 0.2958981481481482 0.01929427083333337 0.025046875000000076
0 0.3572916666666667 0.7545462962962962 0.017660156250000014 0.025868055555555554
2 0.8853802083333334 0.6733703703703704 0.019819661458333117 0.050935185185185174
0 0.57509375 0.7122592592592593 0.013517578124999948 0.030537037037037053
0 0.55546875 0.7175925925925926 0.0109375 0.037037037037037035
0 0.751859375 0.8775092592592593 0.021315104166666526 0.06482638888888893