0 0.24765625 0.01471861471861472 0.025520833333333333 0.02943722943722944
0 0.17838541666666666 0.025974025974025976 0.04739583333333333 0.05194805194805195
0 0.3390625 0.030303030303030304 0.053125 0.06060606060606061
0 0.049124999999999995 0.05240692640692638 0.035415039062499966 0.05112554112554109
0 0.01484375 0.05454545454545454 0.0296875 0.06753246753246753
0 0.10025520833333333 0.05673593073593071 0.03181835937499997 0.05104761904761908
0 0.49450000000000005 0.06426839826839828 0.07653580729166667 0.06756601731601726
0 0.35877604166666666 0.06603463203463202 0.07812532552083327 0.045896103896103886
0 0.219671875 0.07292640692640694 0.04164778645833327 0.08488095238095231
0 0.14733333333333334 0.08928138528138528 0.049994466145833284 0.0709783549783548
0 0.386171875 0.09921212121212124 0.0692932942708334 0.049340909090909275
0 0.24263020833333335 0.10964502164502163 0.05573274739583323 0.04760010822510811
0 0.2960729166666667 0.12583549783549786 0.04118880208333332 0.09003354978354997
0 0.3599322916666667 0.15597402597402596 0.070876953125 0.07966125541125557
0 0.21484895833333334 0.20503030303030298 0.06298567708333327 0.058835497835497776
0 0.7714374999999999 0.32849350649350645 0.02498632812499994 0.035524350649350736
0 0.34365625000000005 0.7146406926406926 0.02551822916666673 0.037255952380952466
0 0.8708333333333333 0.5051948051948052 0.019791666666666666 0.032034632034632034
0 0.8247447916666667 0.6492554112554112 0.030722981770833258 0.0865638528138528
0 0.9241510416666667 0.658995670995671 0.04951432291666672 0.06235930735930734
0 0.9765625 0.5064935064935064 0.04583333333333333 0.03463203463203463
0 0.7820364583333334 0.6623290043290043 0.024460937500000075 0.10044155844155843
0 0.590390625 0.6975064935064935 0.04733984375000002 0.08045454545454542
0 0.8940885416666667 0.7086926406926407 0.03385742187500007 0.08572781385281385
0 0.8275104166666668 0.7381731601731601 0.031760742187499955 0.09267261904761906
0 0.9286458333333333 0.7574805194805194 0.05214518229166672 0.03720887445887441
0 0.9074895833333334 0.8488138528138528 0.019785481770833377 0.09439556277056278
0 0.858171875 0.8943549783549783 0.040109374999999996 0.06403571428571433
0 0.8666666666666667 0.9757575757575757 0.020833333333333332 0.046753246753246755
0 0.7939791666666667 0.568008658008658 0.05158984375 0.048461038961038955