0 0.746951895366881 0.35370111731843573 0.007980492130348038 0.018156424581005588
0 0.6507426291287963 0.36731843575418993 0.011749057858567944 0.023743016759776536
0 0.7506096209266238 0.0824022346368715 0.010418975836843272 0.01675977653631285
0 0.6849922411882066 0.14839385474860337 0.009643094657503879 0.01361731843575419
0 0.7447350919973398 0.16794692737430167 0.006650410108623365 0.019553072625698324
0 0.8040345821325648 0.16934357541899442 0.00509864774994458 0.01920391061452514
0 0.751052981600532 0.1696927374301676 0.005320328086898692 0.020600558659217876
0 0.7771004211926402 0.18156424581005587 0.0136333407226779 0.012220670391061452
0 0.7643538018177788 0.19762569832402235 0.009421414320549767 0.01431564245810056
0 0.7565949900243848 0.20844972067039105 0.004322766570605188 0.015712290502793297
0 0.7622478386167147 0.20844972067039105 0.007426291287962758 0.010824022346368716
0 0.7693416093992463 0.20949720670391062 0.007426291287962758 0.010824022346368716
0 0.7875193970294835 0.21054469273743018 0.012192418532476169 0.010824022346368716
0 0.6211483041454223 0.21403631284916202 0.009643094657503879 0.014664804469273743
0 0.7482819773886056 0.2189245810055866 0.008645533141210375 0.017458100558659217
0 0.7650188428286411 0.2210195530726257 0.007537131456439814 0.01606145251396648
0 0.7571491908667701 0.22660614525139663 0.009753934825980935 0.008379888268156424
2 0.7205719352693416 0.227304469273743 0.009753934825980935 0.016410614525139665
0 0.7634670804699624 0.2325418994413408 0.012635779206384394 0.007681564245810056
0 0.7241188206606074 0.2409217877094972 0.01075149634227444 0.008729050279329608
0 0.7374196408778542 0.26187150837988826 0.011859898027045 0.012569832402234637
2 0.5881179339392596 0.2810754189944134 0.009421414320549767 0.01675977653631285
0 0.636333407226779 0.3348463687150838 0.00853469297273332 0.0178072625698324
0 0.3631988472622478 0.7814734636871508 0.04898470405675012 0.0613198324022346
0 0.30259809354910217 0.8256983240223464 0.05192196852139211 0.09389664804469276
0 0.022057193526934162 0.840782122905028 0.044114387053868324 0.061452513966480445
0 0.2609288406118378 0.8664245810055866 0.028091332298825048 0.09155726256983249
0 0.15307027266681444 0.9448324022346368 0.04145422301041898 0.10893854748603352
0 0.2163600088672135 0.40817039106145253 0.035468853912657944 0.05656424581005587
0 0.4162048326313456 0.4095670391061452 0.04455774772777655 0.05935754189944134
0 0.11893150077588117 0.40118715083798884 0.055198403901573934 0.04259776536312849
0 0.4561072932830858 0.43610335195530725 0.042340944358235426 0.11243016759776536
0 0.32875193970294836 0.4395949720670391 0.03591221458656617 0.11941340782122906
0 0.40046552870760366 0.45879888268156427 0.024163156727998226 0.15782122905027932
0 0.16050986477499446 0.49578212290502793 0.0549102194635336 0.11842178770949724
0 0.48698514741742405 0.5231424581005587 0.027100421192640212 0.15506284916201116
0 0.309057858567945 0.5650209497206704 0.04156506317889603 0.11723463687150838
0 0.09871647084903568 0.5731703910614525 0.059807138106849914 0.07766759776536315
0 0.45982930614054535 0.5772346368715084 0.03386167146974063 0.16960195530726258
0 0.41733540234981154 0.6037150837988827 0.055282642429616516 0.07940642458100561
0 0.19977388605630683 0.606326815642458 0.021826645976501892 0.17890363128491624
0 0.2720150742629129 0.64356843575419 0.02587009532254485 0.1765642458100559
0 0.370405675016626 0.6878072625698325 0.04787851917534915 0.11204608938547489
0 0.31644868100199514 0.7087430167597765 0.051170472179117694 0.08344972067039107
0 0.14869208601197073 0.7099022346368715 0.03450897805364666 0.10672486033519551
0 0.4055087563733097 0.7267946927374301 0.03384615384615381 0.152786312849162
2 0.9020172910662824 0.6993715083798883 0.00853469297273332 0.034217877094972066
0 0.7634670804699624 0.7238128491620112 0.013411660385723787 0.017458100558659217
0 0.750942141432055 0.7280027932960894 0.008313012635779207 0.016410614525139665
0 0.7258922633562404 0.8191340782122905 0.005431168255375748 0.03282122905027933
0 0.8437153624473509 0.8271648044692738 0.007758811793393926 0.04155027932960894