0 0.44114583333333335 0.009259259259259259 0.019791666666666666 0.018518518518518517
0 0.39505729166666664 0.15545370370370368 0.030722981770833258 0.09257523148148147
0 0.49446354166666673 0.16587037037037036 0.04951432291666672 0.0666898148148148
0 0.5497395833333333 0.010648148148148148 0.0515625 0.021296296296296296
0 0.35234895833333335 0.1694351851851852 0.024442708333333365 0.10742592592592591
0 0.06291145833333332 0.1787962962962963 0.049491210937499995 0.0667025462962963
0 0.160703125 0.20705555555555555 0.04736783854166671 0.08607638888888887
0 0.4644010416666667 0.21901851851851847 0.03386067708333336 0.09169560185185185
0 0.10447916666666668 0.22180555555555556 0.06300520833333335 0.058335648148148095
0 0.025520833333333333 0.22268518518518518 0.051041666666666666 0.08425925925925926
0 0.3978229166666667 0.25054629629629627 0.031760742187499955 0.0991082175925926
0 0.49895833333333334 0.2711944444444444 0.05214518229166672 0.039792824074074015
0 0.019270833333333334 0.28703703703703703 0.03854166666666667 0.05185185185185185
0 0.47780208333333335 0.36887037037037035 0.019785481770833377 0.1009508101851852
0 0.42848437500000003 0.4175740740740741 0.04011458333333332 0.06844675925925928
0 0.3642916666666667 0.06856481481481481 0.05158984375 0.05182638888888889
0 0.086140625 0.07022222222222223 0.03438671875000002 0.09906365740740744
0 0.9168697916666666 0.3128425925925926 0.11824218749999993 0.2721811342592593
0 0.19513541666666664 0.8642685185185185 0.026548828124999937 0.036139467592592685
0 0.8502604166666666 0.5699074074074074 0.0796875 0.20092592592592592
0 0.6325520833333333 0.6106481481481482 0.06510416666666667 0.09722222222222222
0 0.97109375 0.6226851851851852 0.05677083333333333 0.12685185185185185
0 0.6973697916666667 0.7407314814814815 0.10677115885416667 0.1870063657407408
3 0.7916510416666667 0.7749629629629629 0.0875397135416667 0.3731493055555556
0 0.6276041666666666 0.8032407407407407 0.05520833333333333 0.2601851851851852
0 0.9372395833333333 0.8356481481481481 0.12447916666666667 0.10833333333333334
0 0.74765625 0.9671296296296297 0.06302083333333333 0.06388888888888888
0 0.7239583333333334 0.5203703703703704 0.05416666666666667 0.10185185185185185
0 0.6341145833333334 0.9824074074074074 0.06822916666666666 0.03333333333333333
0 0.959375 0.986574074074074 0.08020833333333334 0.025
0 0.7799479166666666 0.524074074074074 0.0515625 0.10925925925925926
0 0.9002604166666667 0.5439814814814815 0.0578125 0.14907407407407408