0 0.5052083333333334 0.35648148148148145 0.07239583333333334 0.11064814814814815
0 0.478125 0.41203703703703703 0.07526041666666666 0.1
0 0.21822916666666667 0.47685185185185186 0.08177083333333333 0.09259259259259259
0 0.05130208333333333 0.6453703703703704 0.084375 0.11898148148148148
2 0.28880208333333335 0.700462962962963 0.07239583333333334 0.11805555555555555
0 0.17317708333333334 0.7986111111111112 0.03697916666666667 0.06574074074074074
0 0.45703125 0.8592592592592593 0.07760416666666667 0.1425925925925926
0 0.8205677083333334 0.6329444444444445 0.026171875 0.040583333333333374
0 0.8363697916666666 0.7252222222222222 0.028609375000000003 0.02671296296296288
0 0.8598072916666666 0.7386481481481482 0.0203489583333333 0.03531481481481491
0 0.8104947916666667 0.7423518518518518 0.025223958333333307 0.02024074074074065
0 0.871703125 0.7443518518518518 0.024687500000000046 0.03747222222222225