0 0.54609375 0.03287037037037037 0.0265625 0.06574074074074074
0 0.46875 0.07361111111111111 0.059375 0.14722222222222223
0 0.401125 0.14099074074074075 0.04586002604166677 0.17687731481481478
0 0.05558333333333333 0.2891296296296296 0.05783138020833336 0.1398356481481482
0 0.13441145833333332 0.3585833333333333 0.09170442708333339 0.13238425925925917
0 0.00546875 0.37037037037037035 0.0109375 0.17962962962962964
0 0.30684374999999997 0.37754629629629627 0.048929687499999965 0.09261111111111109
0 0.3040729166666667 0.42307407407407405 0.10780664062499999 0.08142245370370368
0 0.11653125 0.46304629629629634 0.069287109375 0.18057407407407405
0 0.244328125 0.46534259259259264 0.034407552083333334 0.12138888888888902
0 0.034151041666666666 0.4690648148148148 0.06300130208333332 0.19260185185185183
0 0.22697395833333334 0.5517685185185185 0.04946940104166663 0.13883333333333317
0 0.10859375 0.6078703703703704 0.06927083333333334 0.12129629629629629
0 0.6223958333333334 0.41689814814814813 0.016642578125000067 0.028693865740740843
0 0.06848958333333334 0.6805555555555556 0.013020833333333334 0.022222222222222223
2 0.9611979166666667 0.7430555555555556 0.0765625 0.05
0 0.7802083333333333 0.8106481481481481 0.07864583333333333 0.034722222222222224
2 0.6161458333333333 0.8148148148148148 0.049479166666666664 0.04537037037037037
0 0.91328125 0.8569444444444444 0.06588541666666667 0.03518518518518519
0 0.7473958333333334 0.8731481481481481 0.07864583333333333 0.04675925925925926
0 0.921875 0.9361111111111111 0.08307291666666666 0.03564814814814815