0 0.30104166666666665 0.016883116883116882 0.06666666666666667 0.033766233766233764
0 0.43463541666666666 0.03593073593073593 0.05364583333333333 0.07186147186147186
0 0.37631770833333333 0.07994805194805192 0.0297115885416666 0.12294805194805195
0 0.4699895833333334 0.11681385281385283 0.03384537760416653 0.11949999999999994
0 0.2826510416666667 0.11729870129870132 0.038020182291666656 0.13071320346320345
0 0.18059895833333334 0.2181385281385282 0.049483398437500034 0.1030346320346321
0 0.41307812499999996 0.22213852813852814 0.056240885416666705 0.10483441558441549
0 0.21744270833333335 0.23271861471861469 0.024533203124999996 0.11863852813852824
0 0.1479895833333333 0.26221645021645024 0.046869791666666674 0.10475324675324676
0 0.5535260416666666 0.2748831168831169 0.04948079427083343 0.10826461038961037
0 0.3090833333333334 0.2779307359307359 0.05258398437500003 0.0900367965367966
0 0.01891666666666666 0.31561038961038956 0.03541341145833332 0.05116883116883109
0 0.07004687500000001 0.3199393939393939 0.03181835937499997 0.05104761904761908
0 0.4642916666666667 0.32747186147186147 0.07653580729166667 0.06756601731601726
0 0.3285677083333333 0.3292380952380952 0.07812532552083327 0.045896103896103886
0 0.5734375 0.33246753246753247 0.052083333333333336 0.03463203463203463
0 0.18946354166666665 0.33612987012987017 0.04164778645833327 0.08488095238095231
0 0.11712499999999999 0.3524848484848485 0.04998893229166666 0.0709610389610388
0 0.3559635416666667 0.36241558441558447 0.0692932942708334 0.049340909090909275
0 0.212421875 0.3728484848484848 0.05573632812499992 0.047581168831168794
0 0.26586458333333335 0.3890389610389611 0.04116731770833333 0.0900384199134199
0 0.32972395833333334 0.41917748917748915 0.07085514322916672 0.07965746753246772
0 0.184640625 0.46823376623376617 0.06298567708333327 0.058835497835497776
0 0.7246979166666667 0.19272727272727275 0.013545247395833293 0.0398192640692641
0 0.9152604166666667 0.23139393939393937 0.018753906249999966 0.05801839826839828
0 0.9651875 0.23990476190476187 0.03018164062499989 0.03548160173160167
0 0.6775520833333334 0.28968831168831166 0.015101562499999973 0.02942857142857134
0 0.9942708333333333 0.3341991341991342 0.010416666666666666 0.03982683982683983
0 0.9919270833333333 0.36147186147186144 0.015104166666666667 0.030303030303030304
2 0.75803125 0.3684588744588745 0.026033854166666672 0.0477067099567099
0 0.9732447916666668 0.3718181818181819 0.02238932291666664 0.018170995670995633
0 0.9979166666666667 0.37316017316017314 0.003125 0.050216450216450215
0 0.7815624999999999 0.37856277056277055 0.01305533854166665 0.04763419913419907
0 0.7135833333333333 0.3854891774891775 0.014546875000000004 0.037244588744588684
2 0.9866302083333333 0.40625974025974027 0.021877604166666606 0.04416287878787884
0 0.950890625 0.413038961038961 0.02864518229166665 0.031220779220779173
0 0.9304583333333334 0.46758441558441555 0.02963802083333332 0.019132034632034507
0 0.8761093750000001 0.49398268398268397 0.02081835937499991 0.045929112554112576
0 0.9888020833333333 0.5333333333333333 0.021354166666666667 0.04155844155844156
0 0.319265625 0.7198354978354978 0.027058919270833332 0.037255952380952466
1 0.8901249999999999 0.9126839826839828 0.0635498046875 0.11944859307359307