0 0.22552083333333334 0.12083333333333333 0.03307291666666667 0.06944444444444445
0 0.2520833333333333 0.1537037037037037 0.06171875 0.03148148148148148
0 0.25677083333333334 0.19166666666666668 0.05755208333333333 0.040740740740740744
0 0.2721354166666667 0.21851851851851853 0.058333333333333334 0.033796296296296297
0 0.12005208333333334 0.3699074074074074 0.06484375 0.043055555555555555
0 0.428125 0.37592592592592594 0.042708333333333334 0.06435185185185185
0 0.40130208333333334 0.42407407407407405 0.024479166666666666 0.09907407407407408
0 0.43046875 0.47129629629629627 0.037760416666666664 0.043055555555555555
0 0.42682291666666666 0.49953703703703706 0.04505208333333333 0.01712962962962963
0 0.4627604166666667 0.3199074074074074 0.025520833333333333 0.028703703703703703
0 0.13956770833333335 0.7868425925925927 0.14062141927083333 0.4129641203703704
0 0.6545885416666667 0.8520925925925926 0.025524088541666618 0.04167708333333335
0 0.6665781249999999 0.9726018518518517 0.027601562500000062 0.025027777777777753
0 0.8094791666666666 0.9761574074074074 0.01353092447916661 0.039805555555555566
0 0.6674479166666667 0.9912037037037037 0.013020833333333334 0.01574074074074074