0 0.409375 0.043055555555555555 0.14270833333333333 0.08611111111111111
0 0.26067708333333334 0.07777777777777778 0.2046875 0.15555555555555556
0 0.2493645833333333 0.3276481481481482 0.155734375 0.325949074074074
0 0.08411458333333334 0.3458333333333333 0.16822916666666668 0.11944444444444445
0 0.3455729166666667 0.37037037037037035 0.06822916666666666 0.2574074074074074
0 0.0234375 0.44027777777777777 0.046875 0.1175925925925926
2 0.6074270833333333 0.16117592592592592 0.15465950520833333 0.19808796296296302
0 0.9336354166666666 0.05958333333333333 0.08125390624999997 0.10837962962962965
0 0.15286979166666667 0.6320185185185185 0.012975260416666618 0.02120138888888871
0 0.47861458333333334 0.6329351851851852 0.012555338541666572 0.06213078703703698
0 0.06180208333333332 0.7080833333333334 0.017160156249999996 0.022236111111110995
0 0.08914583333333331 0.7213518518518518 0.02705729166666669 0.029538194444444343
0 0.6174479166666667 0.9888888888888889 0.030729166666666665 0.020370370370370372