0 0.4720677083333333 0.048268518518518516 0.06666601562499987 0.089806712962963
0 0.37447916666666664 0.0875 0.059375 0.175
0 0.30685416666666665 0.16876851851851857 0.045846679687499996 0.1768645833333333
0 0.043229166666666666 0.3861111111111111 0.08645833333333333 0.13333333333333333
0 0.21257291666666667 0.40532407407407406 0.048929687499999965 0.09261111111111109
0 0.20989583333333334 0.44907407407407407 0.10833333333333334 0.07962962962962963
0 0.028645833333333332 0.4444444444444444 0.057291666666666664 0.08888888888888889
0 0.15026041666666667 0.46064814814814814 0.034895833333333334 0.05648148148148148
0 0.25650520833333335 0.8075 0.020263671875 0.050940972222222235
0 0.32856250000000004 0.9273888888888889 0.014061197916666757 0.04541782407407427
0 0.37214583333333334 0.9648888888888888 0.022373697916666657 0.02958217592592573
0 0.15110416666666668 0.9675092592592591 0.030224283854166718 0.029657407407407382
0 0.31796875 0.968435185185185 0.013067708333333409 0.04253587962962965
2 0.2881927083333334 0.9725925925925927 0.02187272135416656 0.049101273148148
0 0.23932291666666666 0.9745370370370371 0.0234375 0.049074074074074076