0 0.5184895833333333 0.6967592592592593 0.11041666666666666 0.1162037037037037
0 0.37890625 0.7162037037037037 0.15416666666666667 0.07314814814814814
0 0.30442708333333335 0.7462962962962963 0.103125 0.1050925925925926
0 0.22786458333333334 0.7578703703703704 0.06276041666666667 0.11527777777777778
0 0.014322916666666666 0.7587962962962963 0.028645833333333332 0.10833333333333334
0 0.171875 0.7643518518518518 0.07135416666666666 0.12407407407407407
0 0.6088541666666667 0.7699074074074074 0.08671875 0.10925925925925926
0 0.06979166666666667 0.7837962962962963 0.08046875 0.10972222222222222
0 0.49661458333333336 0.6453703703703704 0.06848958333333334 0.03148148148148148
3 0.39505208333333336 0.8199074074074074 0.12994791666666666 0.1486111111111111
0 0.6447916666666667 0.8222222222222222 0.10885416666666667 0.10092592592592593
0 0.52421875 0.8412037037037037 0.13932291666666666 0.05694444444444444
0 0.17213541666666668 0.8666666666666667 0.08463541666666667 0.09166666666666666
0 0.015885416666666666 0.8777777777777778 0.03177083333333333 0.047685185185185185
0 0.67578125 0.8800925925925925 0.08776041666666666 0.05648148148148148
0 0.2942708333333333 0.6560185185185186 0.06875 0.052314814814814814
0 0.4010416666666667 0.8939814814814815 0.12708333333333333 0.09398148148148149
0 0.22395833333333334 0.9060185185185186 0.10234375 0.09768518518518518
0 0.08880208333333334 0.9087962962962963 0.08854166666666667 0.1162037037037037
0 0.56328125 0.9185185185185185 0.121875 0.0875
0 0.09895833333333333 0.9277777777777778 0.15625 0.06574074074074074
0 0.4765625 0.950925925925926 0.053125 0.0962962962962963
0 0.6919270833333333 0.9546296296296296 0.0546875 0.08518518518518518
0 0.42291666666666666 0.9611111111111111 0.04348958333333333 0.075
0 0.04010416666666667 0.9634259259259259 0.08020833333333334 0.04259259259259259
0 0.3927083333333333 0.9736111111111111 0.04791666666666667 0.05092592592592592
0 0.3015625 0.9787037037037037 0.05416666666666667 0.040740740740740744
0 0.16197916666666667 0.9796296296296296 0.08645833333333333 0.03888888888888889
0 0.54765625 0.9814814814814815 0.05677083333333333 0.03518518518518519
0 0.17291666666666666 0.6666666666666666 0.10885416666666667 0.07407407407407407
0 0.39166666666666666 0.6671296296296296 0.11875 0.075
0 0.6059895833333333 0.6726851851851852 0.07838541666666667 0.08611111111111111
0 0.6838541666666667 0.6787037037037037 0.054427083333333334 0.09814814814814815
0 0.07994791666666666 0.6796296296296296 0.10338541666666666 0.09953703703703703
0 0.018229166666666668 0.6805555555555556 0.03619791666666667 0.04583333333333333
0 0.8997916666666667 0.8066481481481482 0.01767708333333336 0.04396296296296298
0 0.8550520833333334 0.8263981481481482 0.01202083333333334 0.051361111111111135
0 0.87925 0.8630277777777777 0.025260416666666667 0.02090740740740742
0 0.9293125 0.8845185185185185 0.02669791666666666 0.03797222222222221
0 0.8798854166666668 0.8916203703703705 0.023062499999999986 0.028712962962962954
0 0.866921875 0.9095185185185185 0.026296875000000004 0.027472222222222183
0 0.8967864583333333 0.9317407407407408 0.02092187499999998 0.03672222222222219
0 0.8537239583333334 0.9325648148148149 0.02490625000000001 0.01779629629629632
0 0.8676718749999999 0.9522129629629629 0.02428645833333333 0.020259259259259255
0 0.8572916666666667 0.9921296296296296 0.020833333333333332 0.013888888888888888