0 0.03175 0.09351851851851851 0.0635 0.13333333333333333
0 0.18456999999999998 0.11273148148148149 0.04698625000000004 0.09260185185185184
0 0.18191000000000002 0.1582592592592592 0.10349437499999999 0.08142245370370368
0 0.01775 0.19814814814814816 0.0355 0.1814814814814815
0 0.12455500000000001 0.20052777777777783 0.033015625 0.12134259259259254
0 0.107895 0.28695370370370366 0.04749531250000001 0.13886111111111113
0 0.01375 0.35509259259259257 0.0275 0.14351851851851852
0 0.622105 0.3516018518518519 0.021990312500000074 0.03334085648148154
0 0.47775 0.7439814814814815 0.1035 0.3287037037037037
3 0.307 0.8106481481481481 0.278 0.3768518518518518
0 0.08525 0.9101851851851852 0.1705 0.17777777777777778
0 0.68158 0.7181296296296297 0.027974374999999895 0.026946759259259438