0 0.1254427083333333 0.0625887445887446 0.04426725260416665 0.10997456709956711
0 0.20058854166666673 0.09754978354978354 0.0635644531249999 0.06659740259740261
0 0.02578125 0.1774891774891775 0.0515625 0.08311688311688312
0 0.15157812499999998 0.19565367965367966 0.05310611979166684 0.12290909090909094
0 0.09350520833333333 0.2652294372294372 0.029735677083333377 0.12295238095238105
0 0.18717708333333338 0.3020952380952381 0.03384537760416653 0.11949999999999994
0 0.009635416666666667 0.3021645021645022 0.019270833333333334 0.1316017316017316
0 0.13026562499999994 0.4074199134199134 0.056240885416666705 0.10483441558441549
0 0.27071354166666667 0.46016450216450216 0.04948242187499995 0.1083041125541125
0 0.026302083333333334 0.4636363636363636 0.05260416666666667 0.09090909090909091
0 0.1814791666666667 0.5127532467532467 0.07654915364583322 0.0675492424242423
0 0.045755208333333346 0.5145194805194805 0.07812532552083327 0.045896103896103886
0 0.2929010416666666 0.5177229437229437 0.055749674479166816 0.03293722943722945
0 0.07291666666666667 0.5359307359307359 0.06979166666666667 0.025974025974025976
0 0.544265625 0.48347186147186144 0.029164062499999942 0.03032954545454554
0 0.021921874999999987 0.6445281385281386 0.02399414062500001 0.040748917748917694
0 0.35209375 0.6637142857142856 0.01453906249999998 0.05366341991341986
0 0.33091145833333335 0.671073593073593 0.021877604166666606 0.038944805194805136
0 0.25755208333333335 0.7407619047619048 0.030681640625000027 0.02692965367965367
0 0.2950520833333333 0.7579307359307359 0.021377929687499984 0.035524350649350736
0 0.023312499999999996 0.7840432900432901 0.021361328125000037 0.051126082251082325
2 0.2610208333333333 0.7911255411255411 0.031277343750000006 0.032883116883116896
0 0.3231822916666667 0.7947272727272727 0.027650390624999945 0.027757575757575908
0 0.3006145833333333 0.797896103896104 0.0187376302083333 0.02688365800865808
0 0.03997916666666666 0.8215584415584415 0.019277669270833304 0.04331547619047606
0 0.25971875 0.8445021645021645 0.020339192708333443 0.02515909090909084
0 0.238796875 0.8642683982683983 0.0202880859375 0.0372218614718615
0 0.268484375 0.8706147186147186 0.01619401041666665 0.02692532467532477
0 0.19616666666666666 0.8896623376623376 0.029673828124999937 0.03370670995671003
0 0.2747395833333333 0.8896623376623376 0.029664062499999963 0.028528679653679605
2 0.14609375 0.9818181818181818 0.018229166666666668 0.03463203463203463