0 0.4390625 0.016203703703703703 0.019791666666666666 0.032407407407407406
0 0.3929739583333333 0.16934259259259257 0.030716796874999966 0.09255787037037035
0 0.4923802083333334 0.17975925925925926 0.04949674479166669 0.06667824074074073
0 0.35026562499999997 0.18332407407407408 0.024460937500000075 0.10741666666666666
0 0.060828125 0.19268518518518518 0.049503255208333354 0.06673842592592596
0 0.15861979166666668 0.22094444444444444 0.04736783854166671 0.08607638888888887
0 0.4623177083333333 0.23290740740740737 0.03385742187500007 0.09168113425925926
0 0.10239583333333334 0.23569444444444446 0.06300520833333335 0.058335648148148095
0 0.024479166666666666 0.23657407407407408 0.04895833333333333 0.08425925925925926
0 0.39573958333333337 0.26443518518518516 0.031760742187499955 0.0991082175925926
0 0.496875 0.2850833333333333 0.052114257812499905 0.039803819444444416
0 0.018229166666666668 0.30092592592592593 0.036458333333333336 0.05185185185185185
0 0.47571875 0.38275925925925924 0.019779296874999967 0.10097569444444447
0 0.4264010416666667 0.431462962962963 0.040109374999999996 0.06848263888888895
0 0.4348958333333333 0.5162037037037037 0.020833333333333332 0.04537037037037037
0 0.10859375 0.5208333333333334 0.059895833333333336 0.03611111111111111
0 0.36220833333333335 0.0824537037037037 0.051576171874999945 0.05183912037037038
0 0.08405729166666666 0.08411111111111111 0.03438085937500001 0.09906886574074078