2 0.22005208333333334 0.14027777777777778 0.05859375 0.058333333333333334
2 0.18333333333333332 0.1925925925925926 0.05651041666666667 0.040740740740740744
0 0.06432291666666666 0.20833333333333334 0.015885416666666666 0.027777777777777776
0 0.09114583333333333 0.21342592592592594 0.013802083333333333 0.027777777777777776
0 0.19817708333333334 0.2439814814814815 0.02109375 0.046296296296296294
0 0.3424479166666667 0.2777777777777778 0.028125 0.03935185185185185
0 0.1390625 0.2916666666666667 0.026041666666666668 0.033796296296296297
2 0.29765625 0.30787037037037035 0.04635416666666667 0.052314814814814814
0 0.41692708333333334 0.3388888888888889 0.02109375 0.03148148148148148
0 0.19427083333333334 0.34953703703703703 0.011458333333333333 0.023148148148148147
0 0.14479166666666668 0.35324074074074074 0.03046875 0.03935185185185185
0 0.44427083333333334 0.4115740740740741 0.016666666666666666 0.03935185185185185
0 0.5065104166666666 0.45416666666666666 0.021614583333333333 0.08009259259259259
0 0.49947916666666664 0.4722222222222222 0.022395833333333334 0.07685185185185185
0 0.4942708333333333 0.5148148148148148 0.015885416666666666 0.06527777777777778
0 0.5427083333333333 0.5305555555555556 0.03203125 0.07777777777777778
0 0.1296875 0.05694444444444444 0.01015625 0.027777777777777776
0 0.5533854166666666 0.5939814814814814 0.04739583333333333 0.049074074074074076
0 0.9259531249999999 0.3036203703703703 0.030726888020833225 0.0259542824074075
1 0.7078125 0.7773148148148148 0.203125 0.11064814814814815
0 0.9057291666666667 0.7953703703703704 0.15 0.16296296296296298
0 0.9903645833333333 0.812962962962963 0.018229166666666668 0.0912037037037037
0 0.84765625 0.9296296296296296 0.17395833333333333 0.12314814814814815
0 0.6299479166666667 0.9342592592592592 0.10052083333333334 0.12962962962962962
0 0.9203125 0.9712962962962963 0.08854166666666667 0.05555555555555555
0 0.9513020833333333 0.6638888888888889 0.09713541666666667 0.08842592592592592
0 0.8411458333333334 0.6902777777777778 0.11953125 0.14166666666666666