0 0.56371875 0.2939907407407407 0.02119270833333333 0.015472222222222255
0 0.5719583333333332 0.3038796296296296 0.025723958333333328 0.02925000000000003
0 0.9020104166666667 0.6997777777777777 0.015098958333333337 0.05016666666666662
0 0.8490468750000001 0.7184444444444446 0.02624479166666672 0.04862037037037036
0 0.8225729166666668 0.7304814814814815 0.03018229166666669 0.02454629629629629
2 0.7854114583333334 0.7568703703703704 0.023312499999999996 0.05324074074074074
2 0.6650781250000001 0.8182777777777778 0.024385416666666694 0.03902777777777781
0 0.8501770833333334 0.8338611111111112 0.022942708333333308 0.0239074074074074
0 0.8656302083333334 0.8559351851851852 0.018385416666666644 0.02640740740740739
2 0.691734375 0.8701203703703704 0.03254166666666668 0.050129629629629725
0 0.8374166666666667 0.898824074074074 0.010911458333333356 0.03715740740740751
0 0.7960885416666666 0.8999074074074074 0.013411458333333333 0.03005555555555559
0 0.7922708333333333 0.9318425925925926 0.03312499999999995 0.018018518518518552
0 0.7127447916666667 0.9583888888888888 0.019687499999999976 0.04887037037037034
0 0.7955729166666666 0.987037037037037 0.0234375 0.024074074074074074