0 0.10130208333333333 0.2601851851851852 0.06822916666666666 0.037037037037037035
0 0.4694322916666666 0.02074074074074072 0.03124283854166663 0.020386574074074217
2 0.12239583333333333 0.5180555555555556 0.24479166666666666 0.47685185185185186
0 0.6241145833333334 0.4305 0.019800130208333398 0.03697453703703704
0 0.7869010416666666 0.4648981481481481 0.013019856770833253 0.04906539351851854
0 0.8039166666666666 0.5750740740740741 0.01304361979166669 0.04264004629629649
0 0.7488750000000001 0.5776944444444444 0.011977539062500023 0.04632407407407405
0 0.7650208333333334 0.6070185185185185 0.015101562500000061 0.03231249999999982
2 0.83378125 0.6226018518518518 0.019270833333333334 0.04716666666666651
0 0.7092812500000001 0.6457407407407407 0.02605533854166673 0.03613831018518504
0 0.6380052083333333 0.6886388888888889 0.029218749999999953 0.0296435185185184
0 0.638609375 0.7315277777777778 0.025014973958333422 0.04078530092592595