0 0.17770833333333336 0.2339066551426102 0.06356380208333334 0.15904062229904925
0 0.2514947916666666 0.2596629213483146 0.11822851562499986 0.2048681936041486
0 0.10817708333333335 0.2698876404494382 0.14217708333333334 0.2515222558340536
0 0.030989583333333334 0.38202247191011235 0.06197916666666667 0.15730337078651685
0 0.47421875 0.4347450302506482 0.09635416666666667 0.14866032843560933
0 0.23671875 0.4490060501296456 0.10989583333333333 0.12013828867761452
0 0.40078125 0.46283491789109765 0.07239583333333334 0.09248055315471046
0 0.13541666666666666 0.04710458081244598 0.11666666666666667 0.09420916162489196
2 0.6106770833333334 0.23336214347450301 0.1421875 0.23163353500432152
0 0.12109375 0.550561797752809 0.10052083333333334 0.08124459809853068
0 0.07942708333333333 0.5535868625756266 0.15885416666666666 0.08729472774416594
0 0.10936458333333335 0.6599394987035436 0.17913671875000006 0.13568604148660326
0 0.07786458333333333 0.8150388936905791 0.08385416666666666 0.3681936041486603
0 0.5664010416666667 0.6733535004321521 0.012972656250000015 0.03984550561797747
0 0.6110260416666667 0.7165687121866897 0.01877539062500008 0.029299913569576373
0 0.9227916666666667 0.7374503025064822 0.024472330729166696 0.03198573898012095
0 0.5531145833333333 0.7417718236819361 0.0187747395833334 0.04754321521175448