0 0.359375 0.021212121212121213 0.053125 0.04242424242424243
0 0.3015625 0.05627705627705628 0.030208333333333334 0.11255411255411256
0 0.3949895833333334 0.08737662337662339 0.03384537760416653 0.11949999999999994
0 0.2076510416666667 0.08786147186147188 0.038019531249999974 0.1306904761904762
0 0.10559895833333334 0.1887012987012987 0.0494876302083334 0.10303896103896112
0 0.33807812499999995 0.19270129870129865 0.05624544270833335 0.1047981601731601
0 0.14244270833333333 0.20328138528138526 0.024533203124999996 0.11863852813852824
0 0.07298958333333333 0.23277922077922078 0.046869791666666674 0.10475324675324676
0 0.4785260416666667 0.24544588744588747 0.04948079427083343 0.10826461038961037
0 0.23408333333333337 0.2484935064935065 0.0525638020833334 0.09003030303030314
0 0.005729166666666666 0.2909090909090909 0.011458333333333333 0.05194805194805195
0 0.3890625 0.29653679653679654 0.07708333333333334 0.06493506493506493
0 0.25356770833333336 0.2998008658008658 0.07812565104166667 0.045904761904761886
0 0.5007135416666666 0.30300432900432905 0.055749674479166816 0.03293722943722945
0 0.11432291666666666 0.29653679653679654 0.0421875 0.06493506493506493
0 0.04192708333333333 0.30822510822510824 0.050520833333333334 0.04155844155844156
0 0.28072916666666664 0.31861471861471863 0.06979166666666667 0.02077922077922078
0 0.1375 0.3242424242424242 0.05625 0.009523809523809525