2 0.13988020833333334 0.07760185185185185 0.04219466145833331 0.04629340277777777
2 0.11354166666666667 0.11918518518518519 0.04064550781250003 0.0324201388888889
0 0.028062499999999997 0.13183333333333333 0.011478190104166671 0.02222800925925928
0 0.04725 0.13592592592592595 0.009893554687500009 0.02221875000000003
0 0.12417187500000001 0.16014814814814815 0.015122070312500036 0.03705208333333329
0 0.227875 0.18700000000000003 0.020268229166666648 0.031510416666666666
0 0.08176041666666665 0.19803703703703704 0.018730794270833358 0.026856481481481478
2 0.195796875 0.21084259259259258 0.03336653645833329 0.04163657407407405
0 0.281484375 0.2358333333333333 0.015119140624999972 0.02498495370370369
0 0.12139583333333333 0.24425000000000002 0.00831966145833333 0.01850810185185194
0 0.08592708333333333 0.2471759259259259 0.021855794270833357 0.03149537037037036
0 0.3011510416666667 0.2936944444444444 0.01197591145833338 0.0314490740740741
0 0.34348958333333335 0.3277777777777778 0.011979166666666667 0.06481481481481481
0 0.3408697916666667 0.3418425925925926 0.01611914062500001 0.06107638888888887
0 0.3369635416666667 0.3759444444444444 0.01144466145833339 0.051887731481481424
0 0.07473958333333333 0.011111111111111112 0.0078125 0.022222222222222223
2 0.51796875 0.017592592592592594 0.022395833333333334 0.03518518518518519
0 0.7809947916666666 0.055314814814814824 0.015081054687500029 0.027786458333333416
0 0.746703125 0.06010185185185182 0.009887044270833319 0.022232638888888694
0 0.7873333333333332 0.06642592592592593 0.0203004557291667 0.04628703703703704
0 0.7424479166666667 0.09158333333333331 0.01091373697916668 0.049972222222222244
0 0.7530364583333333 0.0921944444444445 0.014066406249999967 0.030461805555555613
0 0.42642708333333335 0.1136388888888889 0.019279296875000008 0.05185937500000006
0 0.758421875 0.1284537037037037 0.02190104166666664 0.03334837962962975
2 0.808953125 0.17737037037037032 0.01873860677083338 0.047267361111111045
2 0.35911458333333335 0.2708333333333333 0.018229166666666668 0.05092592592592592
1 0.24920312500000003 0.7892314814814815 0.08492187499999998 0.13797337962962963
0 0.6955677083333334 0.5658333333333333 0.0202880859375 0.050933449074074134
0 0.7676250000000001 0.6857222222222222 0.014061197916666757 0.04541782407407427
0 0.8112083333333333 0.7232222222222222 0.022373697916666657 0.02958217592592573
0 0.5901666666666666 0.7258425925925925 0.030224283854166718 0.029657407407407382
0 0.75703125 0.7267685185185185 0.013044270833333371 0.04256423611111102
2 0.7272552083333333 0.7309259259259259 0.021870442708333233 0.04912847222222215
0 0.6783750000000001 0.7341666666666666 0.022420898437500014 0.05002719907407393
0 0.7391458333333333 0.7733611111111112 0.01356770833333331 0.03242245370370382
0 0.7313333333333333 0.8205740740740741 0.022930013020833327 0.034266203703703646
2 0.6287135416666667 0.8653240740740741 0.02190559895833329 0.0528668981481482