0 0.21041666666666667 0.1449074074074074 0.030729166666666665 0.08287037037037037
0 0.23515625 0.18425925925925926 0.05755208333333333 0.03796296296296296
0 0.23932291666666666 0.22962962962962963 0.05364583333333333 0.04861111111111111
0 0.25390625 0.26157407407407407 0.054427083333333334 0.04027777777777778
0 0.11197916666666667 0.4425925925925926 0.06041666666666667 0.05138888888888889
0 0.39947916666666666 0.45 0.03984375 0.07685185185185185
0 0.37421875 0.5069444444444444 0.022916666666666665 0.11851851851851852
0 0.4015625 0.5638888888888889 0.03515625 0.05138888888888889
0 0.39817708333333335 0.5976851851851852 0.04192708333333333 0.020833333333333332
0 0.81478125 0.09473148148148149 0.016122395833333414 0.04537384259259256
0 0.8391458333333333 0.12487037037037038 0.01142513020833332 0.05275810185185184
0 0.8325520833333333 0.022685185185185187 0.015104166666666667 0.04537037037037037
0 0.895 0.36887037037037035 0.023459960937499958 0.039788194444444494
0 0.8039583333333333 0.5863333333333334 0.015628255208333403 0.04447337962962963
0 0.12421875 0.9962962962962963 0.028645833333333332 0.005555555555555556
2 0.9489583333333333 0.6962962962962963 0.10078125 0.05925925925925926
0 0.71015625 0.7759259259259259 0.10364583333333334 0.0412037037037037
2 0.49375 0.7810185185185186 0.06536458333333334 0.05324074074074074
0 0.8854166666666666 0.8305555555555556 0.08697916666666666 0.041666666666666664
0 0.6669270833333333 0.85 0.10364583333333334 0.05555555555555555
0 0.896875 0.924537037037037 0.10963541666666667 0.04212962962962963