0 0.38307291666666665 0.01898148148148148 0.016145833333333335 0.0375
0 0.3450520833333333 0.18888888888888888 0.025520833333333333 0.10138888888888889
0 0.4276041666666667 0.2 0.04114583333333333 0.07314814814814814
0 0.4739583333333333 0.020370370370370372 0.04244791666666667 0.040740740740740744
0 0.309375 0.20416666666666666 0.0203125 0.1175925925925926
0 0.06875 0.21435185185185185 0.04114583333333333 0.07314814814814814
0 0.15 0.24537037037037038 0.039322916666666666 0.09444444444444444
0 0.40260416666666665 0.25833333333333336 0.028125 0.10046296296296296
0 0.10338541666666666 0.26157407407407407 0.05234375 0.06388888888888888
0 0.03671875 0.2625 0.04375 0.0912037037037037
0 0.34739583333333335 0.29305555555555557 0.026302083333333334 0.1087962962962963
0 0.4315104166666667 0.31574074074074077 0.043229166666666666 0.04351851851851852
0 0.02421875 0.33240740740740743 0.0484375 0.05740740740740741
0 0.41380208333333335 0.42268518518518516 0.01640625 0.11064814814814815
0 0.3729166666666667 0.47638888888888886 0.03333333333333333 0.075
0 0.3796875 0.5768518518518518 0.017708333333333333 0.06296296296296296
0 0.10885416666666667 0.5819444444444445 0.05 0.05277777777777778
0 0.31953125 0.09351851851851851 0.04296875 0.05694444444444444
0 0.08802083333333334 0.09537037037037037 0.028645833333333332 0.1087962962962963
2 0.2109375 0.6263888888888889 0.016666666666666666 0.03425925925925926
0 0.10264062500000003 0.6268425925925926 0.022876302083333282 0.0278854166666667
0 0.12102604166666667 0.6347222222222222 0.014069661458333252 0.03056539351851842
0 0.10573958333333332 0.6553888888888889 0.012514648437500024 0.03794386574074085
0 0.076296875 0.7045277777777778 0.019294921874999933 0.05187789351851856
0 0.008072916666666667 0.7087962962962963 0.016145833333333335 0.05092592592592592
0 0.07334895833333335 0.7742777777777778 0.024991861979166665 0.02130208333333325
0 0.8763020833333334 0.6166666666666667 0.0265625 0.014814814814814815