0 0.2478177083333333 0.2078425925925926 0.07135091145833337 0.24903877314814812
0 0.46927083333333336 0.2439814814814815 0.03958333333333333 0.1712962962962963
0 0.4118229166666667 0.28264814814814815 0.14217708333333334 0.2694548611111111
0 0.263109375 0.40238888888888885 0.20415397135416657 0.167640625
0 0.2520833333333333 0.5518518518518518 0.15625 0.11296296296296296
0 0.4348958333333333 0.04722222222222222 0.10833333333333334 0.09444444444444444
0 0.6524270833333332 0.14775925925925928 0.029674153645833336 0.0324548611111113
0 0.6402708333333335 0.23910185185185187 0.013535807291666776 0.03797800925925938
0 0.21692708333333333 0.9733796296296297 0.011955403645833347 0.041657407407407414
0 0.18828125 0.9861111111111112 0.021354166666666667 0.025925925925925925
0 0.5714374999999999 0.7943611111111111 0.033319661458333275 0.022249999999999975