2 0.10625 0.11990740740740741 0.028385416666666666 0.04953703703703704
2 0.08854166666666667 0.1648148148148148 0.02734375 0.034722222222222224
0 0.030989583333333334 0.17824074074074073 0.0078125 0.024074074074074074
0 0.04401041666666667 0.1824074074074074 0.006510416666666667 0.02361111111111111
0 0.09557291666666666 0.20879629629629629 0.01015625 0.03981481481481482
0 0.16510416666666666 0.2375 0.013541666666666667 0.033796296296296297
0 0.0671875 0.2490740740740741 0.0125 0.028703703703703703
2 0.14375 0.26296296296296295 0.022395833333333334 0.04490740740740741
0 0.20130208333333333 0.2898148148148148 0.01015625 0.026851851851851852
0 0.09375 0.29907407407407405 0.00546875 0.01990740740740741
0 0.06979166666666667 0.30185185185185187 0.014583333333333334 0.033796296296296297
0 0.21432291666666667 0.35185185185185186 0.008072916666666667 0.033796296296296297
0 0.24427083333333333 0.38842592592592595 0.010416666666666666 0.06851851851851852
0 0.24114583333333334 0.40370370370370373 0.0109375 0.06574074074074074
0 0.23854166666666668 0.44027777777777777 0.007552083333333333 0.05555555555555555
0 0.26197916666666665 0.4537037037037037 0.015364583333333333 0.06666666666666667
0 0.0625 0.04861111111111111 0.0049479166666666664 0.024074074074074074
0 0.2669270833333333 0.5074074074074074 0.0234375 0.04259259259259259
0 0.4359322916666667 0.8403518518518519 0.02916438802083334 0.030603009259259455