0 0.43411458333333336 0.022943722943722943 0.05364583333333333 0.04588744588744589
0 0.37578125 0.05800865800865801 0.030729166666666665 0.11601731601731602
0 0.46946875000000005 0.09083982683982686 0.03384537760416653 0.11949999999999994
0 0.28213020833333335 0.09132467532467534 0.038019531249999974 0.1306904761904762
0 0.180078125 0.19216450216450215 0.0494876302083334 0.10303896103896112
0 0.4125572916666666 0.1961645021645021 0.05624544270833335 0.1047981601731601
0 0.21692187500000001 0.2067445887445887 0.02450618489583339 0.11862662337662344
0 0.14746874999999998 0.23624242424242425 0.04687239583333339 0.10475757575757584
0 0.3085625 0.25195670995670993 0.0525638020833334 0.09003030303030314
0 0.01839583333333333 0.28963636363636364 0.035415039062499966 0.05112554112554109
0 0.06952604166666668 0.29396536796536793 0.03181835937499997 0.05104761904761908
0 0.46377083333333335 0.3014978354978355 0.07653580729166667 0.06756601731601726
0 0.328046875 0.30326406926406924 0.07812565104166667 0.045904761904761886
0 0.18894270833333332 0.3101558441558442 0.04165722656249997 0.08486471861471857
0 0.11660416666666666 0.32651082251082253 0.04998893229166666 0.0709610389610388
0 0.35544270833333336 0.3364415584415585 0.06931575520833325 0.049331168831168996
0 0.21190104166666668 0.34687445887445884 0.05573274739583323 0.04760010822510811
0 0.26534375000000004 0.3630649350649351 0.04116731770833333 0.0900384199134199
0 0.32920312500000004 0.39320346320346317 0.070876953125 0.07966125541125557
0 0.18411458333333333 0.44025974025974024 0.06302083333333333 0.05627705627705628
0 0.5145833333333333 0.32597402597402597 0.009375 0.04588744588744589
0 0.7679895833333333 0.3312121212121212 0.041124674479166616 0.03727056277056288
0 0.005729166666666666 0.6190476190476191 0.011458333333333333 0.02943722943722944
0 0.06831770833333331 0.7295844155844156 0.015644531250000072 0.04589664502164512
0 0.02400520833333335 0.7557922077922078 0.012518880208333272 0.02422727272727279
0 0.0033854166666666668 0.7597402597402597 0.0067708333333333336 0.02683982683982684
0 0.06648437499999998 0.762 0.02446777343749993 0.03637445887445891
0 0.03695833333333335 0.7787186147186147 0.02501855468749999 0.033740800865801
0 0.014442708333333342 0.7811255411255411 0.015110677083333357 0.02768506493506488
0 0.00390625 0.7883116883116883 0.0078125 0.04069264069264069
0 0.16287500000000002 0.8027965367965368 0.016165364583333286 0.058022727272727385
0 0.032296874999999996 0.9089870129870131 0.02087955729166661 0.03467857142857126
0 0.8204843749999999 0.7247532467532467 0.022914388020833225 0.04414772727272729
0 0.8440989583333334 0.8310909090909091 0.016133138020833233 0.022537337662337748
0 0.8228229166666667 0.8576363636363636 0.03177376302083334 0.030346861471861542
0 0.8115364583333334 0.8914025974025975 0.027097005208333396 0.02168831168831165