0 0.22421875 0.02361111111111111 0.2046875 0.04722222222222222
0 0.7098958333333333 0.08287037037037037 0.03854166666666667 0.16574074074074074
0 0.5013020833333334 0.16712962962962963 0.10989583333333333 0.33425925925925926
0 0.6653645833333334 0.15694444444444444 0.07239583333333334 0.3138888888888889
0 0.21290625 0.21931481481481482 0.15573958333333332 0.32597222222222216
0 0.06588541666666667 0.2375 0.13177083333333334 0.11944444444444445
0 0.30894791666666666 0.26534259259259263 0.06768359375000005 0.2637962962962962
0 0.70546875 0.3199074074074074 0.04739583333333333 0.32685185185185184
0 0.9027708333333334 0.11257407407407412 0.029163736979166664 0.028656249999999807
0 0.030624999999999975 0.7539444444444444 0.025516927083333366 0.028714699074074104
0 0.029062499999999977 0.7678333333333334 0.0161373697916666 0.03798379629629633
0 0.2575677083333333 0.8878796296296296 0.010893880208333328 0.040684027777777805