0 0.309375 0.023148148148148147 0.013541666666666667 0.046296296296296294
0 0.2786458333333333 0.22916666666666666 0.020572916666666666 0.12314814814814815
0 0.3453125 0.24305555555555555 0.03333333333333333 0.08888888888888889
0 0.3828125 0.025 0.034375 0.04953703703703704
0 0.25 0.24768518518518517 0.01640625 0.14305555555555555
0 0.05546875 0.2601851851851852 0.03333333333333333 0.08888888888888889
0 0.12135416666666667 0.29814814814814816 0.03177083333333333 0.11481481481481481
0 0.32526041666666666 0.3138888888888889 0.02265625 0.12222222222222222
0 0.08359375 0.3175925925925926 0.04244791666666667 0.07777777777777778
0 0.0296875 0.3189814814814815 0.035416666666666666 0.1111111111111111
0 0.28046875 0.3560185185185185 0.021354166666666667 0.13194444444444445
0 0.3484375 0.38333333333333336 0.034895833333333334 0.05277777777777778
0 0.01953125 0.40370370370370373 0.038802083333333334 0.06759259259259259
0 0.3341145833333333 0.513425925925926 0.01328125 0.13425925925925927
0 0.30104166666666665 0.5782407407407407 0.026822916666666665 0.0912037037037037
0 0.30703125 0.700462962962963 0.0140625 0.07685185185185185
0 0.08776041666666666 0.7069444444444445 0.03984375 0.06527777777777778
0 0.25807291666666665 0.11342592592592593 0.03463541666666667 0.06898148148148148
0 0.07109375 0.11574074074074074 0.023177083333333334 0.13194444444444445
0 0.750515625 0.32368518518518524 0.0249755859375 0.03801041666666686
0 0.11553125000000003 0.807324074074074 0.026559895833333395 0.03521354166666676
1 0.7781458333333333 0.8427314814814815 0.0635498046875 0.12774363425925925