0 0.11067708333333333 0.03981481481481482 0.2046875 0.07962962962962963
0 0.09947916666666666 0.21342592592592594 0.15625 0.25092592592592594
0 0.19557291666666668 0.2523148148148148 0.06822916666666666 0.17314814814814813
0 0.5908854166666667 0.3347222222222222 0.030729166666666665 0.008333333333333333
0 0.09183854166666669 0.5838796296296296 0.02603906250000006 0.046287615740740765
0 0.17301041666666664 0.5895925925925926 0.014559244791666615 0.05461226851851856
0 0.24836979166666662 0.6860277777777778 0.027604817708333406 0.04635300925925923
0 0.13046875 0.7195185185185186 0.015056640625000029 0.04064583333333316
2 0.21546875000000001 0.8074629629629629 0.03383203124999999 0.027869212962963064
0 0.18203645833333332 0.8526759259259259 0.015126953125000024 0.05648784722222205
0 0.5240520833333333 0.660425925925926 0.013529622395833366 0.06019560185185187
0 0.5710208333333334 0.7474537037037037 0.022917317708333346 0.023157407407407397
2 0.8346927083333333 0.7610277777777777 0.02236197916666664 0.057462962962963125
0 0.526484375 0.7658148148148148 0.02656054687499996 0.02787268518518536
0 0.5498385416666667 0.8019259259259259 0.028623046874999978 0.029534722222222046
0 0.5032135416666667 0.8031481481481482 0.017733723958333412 0.03987037037037053
0 0.8491041666666667 0.84775 0.03853613281249982 0.026898148148148105