0 0.7784687499999999 0.12650925925925927 0.017406250000000036 0.0554814814814815
0 0.5201822916666666 0.16570370370370371 0.01498437499999999 0.04868518518518517
0 0.69746875 0.39160185185185187 0.02372395833333331 0.030111111111111095
0 0.890546875 0.39808333333333334 0.027614583333333324 0.03196296296296294
0 0.676453125 0.40594444444444444 0.020390625000000048 0.03103703703703702
0 0.7597135416666667 0.41536111111111107 0.021578125000000035 0.04800000000000003
0 0.8441927083333333 0.44699074074074074 0.02550520833333335 0.04274999999999996
0 0.799828125 0.49312962962962964 0.029484374999999948 0.0257592592592592
0 0.8736250000000001 0.494824074074074 0.024989583333333343 0.04582407407407408
0 0.7650104166666668 0.50825 0.025479166666666705 0.03749074074074075
0 0.8065104166666667 0.5166666666666667 0.0296875 0.024074074074074074
0 0.8479166666666667 0.5217592592592593 0.015625 0.013888888888888888
0 0.9033854166666667 0.524537037037037 0.022395833333333334 0.008333333333333333
2 0.8778645833333333 0.525 0.0265625 0.007407407407407408
0 0.06745312499999999 0.795287037037037 0.018906250000000006 0.04489814814814816
2 0.12189062499999999 0.835712962962963 0.024651041666666672 0.02574999999999995
0 0.07179687500000001 0.8371111111111111 0.01300520833333334 0.028870370370370324
0 0.026473958333333356 0.8511481481481482 0.019307291666666664 0.052907407407407396
0 0.19021875000000002 0.8792314814814816 0.024843750000000022 0.03129629629629625
0 0.21947395833333339 0.8792314814814816 0.02190104166666664 0.04611111111111107
2 0.26782812500000003 0.9682592592592593 0.028265624999999992 0.044546296296296306
2 0.64353125 0.6390185185185185 0.019838541666666685 0.04521296296296295
2 0.6297447916666667 0.656537037037037 0.022749999999999975 0.034731481481481474
2 0.6692708333333334 0.6635740740740741 0.01686979166666672 0.04664814814814815
2 0.6804479166666667 0.6827222222222222 0.012401041666666638 0.020537037037037045
2 0.6436666666666667 0.6843518518518519 0.015234375 0.02956481481481482
0 0.6209375 0.691212962962963 0.013265625000000014 0.03750925925925925
0 0.596859375 0.7010277777777778 0.015083333333333353 0.03739814814814814
0 0.7436822916666667 0.709787037037037 0.01822395833333334 0.039064814814814816
0 0.8619270833333333 0.7537592592592592 0.03589583333333337 0.03962037037037036
0 0.83875 0.8187222222222222 0.029130208333333366 0.03065740740740742