0 0.39967187499999995 0.06493518518518518 0.06666634114583327 0.08981076388888891
0 0.301921875 0.10273148148148147 0.05883203124999999 0.17784375000000008
0 0.23445833333333332 0.18543518518518523 0.045846679687499996 0.1768645833333333
0 0.1401770833333333 0.4219907407407407 0.04894401041666671 0.09260185185185184
0 0.1375 0.44722222222222224 0.10833333333333334 0.04259259259259259
0 0.8348958333333333 0.006944444444444444 0.016666666666666666 0.013888888888888888
2 0.932921875 0.1281574074074074 0.017698242187500077 0.03978645833333324
0 0.7852447916666667 0.13664814814814819 0.021341145833333405 0.050878472222222026
2 0.79609375 0.21162962962962958 0.02036002604166664 0.05471990740740727
2 0.97459375 0.31393518518518515 0.0239492187499998 0.0610665509259259
0 0.7511770833333333 0.5971851851851853 0.024489257812499925 0.06759432870370369
0 0.8827916666666666 0.5977037037037037 0.03645182291666676 0.037940972222222216
0 0.7335833333333334 0.7072592592592591 0.020338867187499925 0.04626446759259253
0 0.7556875000000001 0.7151759259259259 0.03335416666666677 0.021282986111111138
0 0.7713802083333333 0.741712962962963 0.012473958333333358 0.029616898148148187
0 0.7880989583333334 0.7771018518518519 0.03280729166666667 0.01853703703703702
0 0.7537239583333334 0.7785462962962962 0.02499414062500011 0.03700405092592584