2 0.19713541666666667 0.11990740740740741 0.05260416666666667 0.04953703703703704
2 0.16432291666666668 0.1648148148148148 0.05078125 0.034722222222222224
0 0.0578125 0.17824074074074073 0.014322916666666666 0.024074074074074074
0 0.08177083333333333 0.1824074074074074 0.012239583333333333 0.024074074074074074
0 0.17760416666666667 0.20879629629629629 0.019010416666666665 0.03981481481481482
0 0.30703125 0.2375 0.025260416666666667 0.033796296296296297
0 0.12473958333333333 0.2490740740740741 0.0234375 0.028703703703703703
2 0.2669270833333333 0.26296296296296295 0.041666666666666664 0.04490740740740741
0 0.37395833333333334 0.2898148148148148 0.01875 0.026851851851851852
0 0.17421875 0.29907407407407405 0.010416666666666666 0.01990740740740741
0 0.12994791666666666 0.30185185185185187 0.02734375 0.033796296296296297
0 0.3984375 0.35185185185185186 0.01484375 0.033796296296296297
0 0.45416666666666666 0.38842592592592595 0.01953125 0.06851851851851852
0 0.4479166666666667 0.40370370370370373 0.020052083333333335 0.06574074074074074
0 0.4432291666666667 0.44027777777777777 0.014322916666666666 0.05555555555555555
0 0.48671875 0.4537037037037037 0.028645833333333332 0.06666666666666667
0 0.11614583333333334 0.04861111111111111 0.009114583333333334 0.024074074074074074
0 0.49609375 0.5074074074074074 0.04348958333333333 0.04259259259259259
0 0.7137135416666667 0.3909722222222222 0.028122395833333393 0.032416666666666656
1 0.23206770833333337 0.7864722222222222 0.10260742187499995 0.11576620370370373
0 0.5962656249999999 0.8776944444444444 0.02239355468749989 0.027748842592592592