0 0.35572916666666665 0.13796296296296295 0.052083333333333336 0.07916666666666666
0 0.39791666666666664 0.175 0.09739583333333333 0.03611111111111111
0 0.4049479166666667 0.21851851851851853 0.09088541666666666 0.046296296296296294
0 0.42916666666666664 0.24861111111111112 0.09192708333333334 0.038425925925925926
0 0.18958333333333333 0.4212962962962963 0.10234375 0.04861111111111111
0 0.6752604166666667 0.42824074074074076 0.0671875 0.07314814814814814
0 0.6328125 0.4824074074074074 0.038802083333333334 0.1125
0 0.6799479166666667 0.5370370370370371 0.05963541666666667 0.047685185185185185
0 0.6734375 0.5685185185185185 0.07109375 0.01990740740740741
0 0.21923958333333332 0.6656481481481481 0.026096354166666617 0.020424768518518443
1 0.7981770833333334 0.7537037037037037 0.14010416666666667 0.12222222222222222
0 0.9348958333333334 0.7736111111111111 0.10364583333333334 0.18009259259259258
0 0.9932291666666667 0.7930555555555555 0.0125 0.10046296296296296
0 0.8947916666666667 0.9222222222222223 0.12005208333333334 0.13564814814814816
0 0.74453125 0.9277777777777778 0.06927083333333334 0.1425925925925926
0 0.9447916666666667 0.9685185185185186 0.06067708333333333 0.0625
0 0.9661458333333334 0.6291666666666667 0.06692708333333333 0.09861111111111111
0 0.8903645833333333 0.6574074074074074 0.08255208333333333 0.15555555555555556