0 0.4041666666666667 0.17407407407407408 0.0546875 0.06620370370370371
0 0.215625 0.23842592592592593 0.05651041666666667 0.049074074074074076
0 0.13958333333333334 0.28935185185185186 0.035416666666666666 0.03935185185185185
0 0.49114583333333334 0.2967592592592593 0.046614583333333334 0.07083333333333333
0 0.17942708333333332 0.33240740740740743 0.026302083333333334 0.05462962962962963
0 0.09244791666666667 0.3680555555555556 0.05807291666666667 0.0587962962962963
0 0.17916666666666667 0.38981481481481484 0.027864583333333335 0.04490740740740741
0 0.18567708333333333 0.4217592592592593 0.036458333333333336 0.033796296296296297
0 0.128125 0.4398148148148148 0.058854166666666666 0.05648148148148148
0 0.18411458333333333 0.44537037037037036 0.038802083333333334 0.05555555555555555
0 0.05651041666666667 0.4550925925925926 0.05703125 0.04583333333333333
2 0.7833333333333333 0.38101851851851853 0.10807291666666667 0.16527777777777777
0 0.9171875 0.8435185185185186 0.0859375 0.1699074074074074
3 0.7484375 0.8592592592592593 0.0875 0.26064814814814813