0 0.39010416666666664 0.13333333333333333 0.05286458333333333 0.050462962962962966
0 0.20833333333333334 0.18287037037037038 0.054427083333333334 0.0375
0 0.13463541666666667 0.22175925925925927 0.03411458333333333 0.03009259259259259
0 0.47421875 0.22685185185185186 0.04505208333333333 0.05416666666666667
0 0.17317708333333334 0.25416666666666665 0.025260416666666667 0.041666666666666664
0 0.0890625 0.28194444444444444 0.055989583333333336 0.04490740740740741
0 0.17291666666666666 0.29814814814814816 0.026822916666666665 0.034722222222222224
0 0.17916666666666667 0.32314814814814813 0.03515625 0.025925925925925925
0 0.1234375 0.3365740740740741 0.05677083333333333 0.04351851851851852
0 0.17786458333333333 0.34074074074074073 0.0375 0.04259259259259259
0 0.0546875 0.34814814814814815 0.054947916666666666 0.03518518518518519
0 0.090359375 0.8445370370370371 0.0202880859375 0.050933449074074134
0 0.16241666666666668 0.9644259259259259 0.014059895833333395 0.04546527777777795
0 0.20598958333333334 0.9930555555555556 0.022395833333333334 0.012037037037037037
0 0.15182291666666667 0.9912037037037037 0.0140625 0.01574074074074074
2 0.12213541666666666 0.9916666666666667 0.022395833333333334 0.014814814814814815
0 0.07317708333333334 0.9930555555555556 0.0234375 0.012037037037037037