0 0.43255208333333334 0.11944444444444445 0.05859375 0.04537037037037037
0 0.23098958333333333 0.1638888888888889 0.06041666666666667 0.033796296296296297
0 0.14921875 0.19907407407407407 0.037760416666666664 0.026851851851851852
0 0.52578125 0.2037037037037037 0.05 0.04861111111111111
0 0.1921875 0.22824074074074074 0.028125 0.0375
0 0.09895833333333333 0.25277777777777777 0.062239583333333334 0.04027777777777778
0 0.19166666666666668 0.26805555555555555 0.029947916666666668 0.031018518518518518
0 0.19869791666666667 0.2898148148148148 0.0390625 0.023148148148148147
0 0.13697916666666668 0.3023148148148148 0.06276041666666667 0.03888888888888889
0 0.19713541666666667 0.3060185185185185 0.04140625 0.038425925925925926
0 0.06041666666666667 0.31296296296296294 0.0609375 0.03148148148148148
1 0.7286458333333333 0.1824074074074074 0.18854166666666666 0.12777777777777777
0 0.9125 0.20324074074074075 0.1390625 0.18796296296296297
0 0.9908854166666666 0.22361111111111112 0.016927083333333332 0.10555555555555556
0 0.85859375 0.35833333333333334 0.16145833333333334 0.14212962962962963
0 0.6565104166666667 0.36435185185185187 0.09296875 0.14953703703703702
0 0.92578125 0.40694444444444444 0.08151041666666667 0.06527777777777778
0 0.9544270833333334 0.05185185185185185 0.09010416666666667 0.10324074074074074
0 0.8526041666666667 0.08148148148148149 0.1109375 0.1625
0 0.22143749999999998 0.7010000000000001 0.032278320312500004 0.025973379629629822
0 0.8949270833333334 0.5194074074074074 0.024489257812499925 0.06759432870370369
0 0.8773333333333333 0.6294814814814814 0.020338867187499925 0.04626446759259253
0 0.8994375 0.6373981481481481 0.03335416666666677 0.021282986111111138
0 0.6341145833333334 0.6620370370370371 0.0484375 0.05925925925925926
0 0.9151302083333334 0.6639351851851851 0.012486979166666618 0.02962326388888896
0 0.9318489583333334 0.699324074074074 0.032802083333333225 0.018555555555555523
0 0.8974739583333334 0.7007685185185184 0.02499414062500011 0.03700405092592584