0 0.02155208333333333 0.3225 0.020828125000000006 0.05739699074074083
0 0.005989583333333334 0.3486111111111111 0.011979166666666667 0.04722222222222222
0 0.14873958333333334 0.3756111111111111 0.03384667968750001 0.02315567129629625
0 0.2204375 0.4047962962962963 0.035402994791666725 0.03708449074074083
0 0.006510416666666667 0.4111111111111111 0.013020833333333334 0.027777777777777776
0 0.14035416666666667 0.41387962962962965 0.04429752604166666 0.018560763888888863
0 0.251984375 0.41417592592592595 0.02446777343750005 0.04445486111111102
0 0.17508854166666665 0.42021296296296295 0.030171875000000032 0.03703587962962971
0 0.20341666666666663 0.4276111111111111 0.023960937500000057 0.05741319444444447
0 0.14595833333333333 0.43406481481481485 0.026036783854166634 0.06298495370370366
0 0.13103645833333333 0.4475092592592592 0.019283203124999974 0.03609548611111109
0 0.025609375000000007 0.4521203703703704 0.0187412109375 0.06017766203703708
0 0.19189062499999998 0.4525462962962963 0.015620442708333234 0.03333912037037028
0 0.15609895833333334 0.45760185185185187 0.01614355468750001 0.04258275462962973
0 0.046875 0.46072222222222226 0.029164713541666682 0.05741087962962971
0 0.21661979166666664 0.47961111111111115 0.03281184895833332 0.027718749999999976
0 0.10977604166666666 0.49023148148148155 0.031761067708333354 0.05185069444444442
0 0.05715104166666667 0.5160277777777778 0.02446256510416666 0.032417245370370266
0 0.021265624999999993 0.5198703703703704 0.021350911458333337 0.06760995370370367
0 0.036239583333333325 0.5332592592592592 0.01302441406249996 0.06855381944444426
0 0.18489583333333334 0.5425462962962964 0.019729166666666725 0.06106018518518513
0 0.23894791666666665 0.5439351851851852 0.039059895833333275 0.026839699074074123
0 0.07538020833333334 0.5490648148148148 0.03645247395833332 0.044436921296296235
0 0.20111979166666666 0.5548888888888889 0.015096679687500014 0.045364583333333416
0 0.14696875000000004 0.5649537037037037 0.02811067708333336 0.06020601851851834
0 0.11430729166666669 0.5679629629629629 0.0171875 0.03788888888888874
0 0.202 0.5766851851851852 0.028146809895833395 0.05556192129629612
0 0.080953125 0.581462962962963 0.03488020833333329 0.05368750000000007
0 0.31536458333333334 0.5824074074074074 0.0078125 0.07407407407407407
0 0.17815104166666665 0.5911944444444445 0.01664388020833331 0.02503125000000005
0 0.22766666666666666 0.5950092592592593 0.029184244791666578 0.049136574074073965
0 0.251609375 0.5991851851851852 0.02603841145833326 0.05558912037037026
0 0.13051041666666666 0.6128518518518519 0.026577148437499965 0.03796469907407422
0 0.26974479166666665 0.6185555555555555 0.034896484375000016 0.018552083333333434
0 0.20972395833333332 0.6424351851851853 0.017709635416666578 0.0758877314814815
0 0.73203125 0.010648148148148148 0.018229166666666668 0.021296296296296296
0 0.7174583333333333 0.20579629629629628 0.029665364583333322 0.03795196759259256
0 0.592265625 0.2192222222222222 0.024986002604166776 0.0499890046296296
0 0.7348229166666668 0.22539814814814815 0.022395182291666652 0.037902777777777834
0 0.667359375 0.28602777777777777 0.021876953125000043 0.025954861111111113
0 0.6511302083333333 0.29914814814814816 0.02809960937499992 0.02397800925925927
0 0.65703125 0.3378796296296296 0.029664062499999963 0.033361111111111084
0 0.75453125 0.3503796296296296 0.010916015625000004 0.028646990740740765
0 0.4979791666666667 0.36133333333333334 0.023990234374999985 0.03983101851851845
0 0.6896770833333332 0.36334259259259255 0.017684244791666616 0.0619803240740741
0 0.7626041666666666 0.38169444444444445 0.01771940104166679 0.050933449074074134
0 0.57246875 0.4427962962962963 0.018764648437500024 0.043525462962962905
0 0.6127552083333333 0.44419444444444445 0.024454752604166668 0.029622106481481423
0 0.6287291666666666 0.46039814814814817 0.016639973958333224 0.03609722222222234
0 0.3717447916666667 0.4613240740740741 0.018244791666666652 0.02313425925925938
0 0.606328125 0.4739722222222222 0.013527994791666605 0.057380787037036876
0 0.6410572916666666 0.4739722222222222 0.015106445312500109 0.05002546296296289
0 0.26979166666666665 0.9916666666666667 0.03229166666666667 0.014814814814814815
0 0.6980885416666667 0.9139722222222222 0.0229121093749999 0.047204861111111045