0 0.9404296875 0.12630208333333334 0.04150390625 0.051432291666666664
0 0.86279296875 0.19921875 0.03369140625 0.039713541666666664
0 0.8974609375 0.23567708333333334 0.02001953125 0.048177083333333336
0 0.6982421875 0.3509114583333333 0.02099609375 0.026692708333333332
0 0.677734375 0.365234375 0.01416015625 0.032552083333333336
0 0.927734375 0.365234375 0.03173828125 0.028645833333333332
0 0.993896484375 0.3837890625 0.01123046875 0.034505208333333336
0 0.883056640625 0.5042317708333334 0.05126953125 0.029296875
2 0.11328125 0.806640625 0.02734375 0.029296875
0 0.08447265625 0.8255208333333334 0.02734375 0.027994791666666668
0 0.8779296875 0.5852864583333334 0.0751953125 0.123046875
1 0.763916015625 0.591796875 0.06005859375 0.14453125
1 0.6806640625 0.642578125 0.12353515625 0.0703125
0 0.82421875 0.6529947916666666 0.0458984375 0.13932291666666666
0 0.87255859375 0.671875 0.0595703125 0.10872395833333333
0 0.976806640625 0.6861979166666666 0.04541015625 0.14713541666666666
0 0.767578125 0.7135416666666666 0.11083984375 0.064453125
0 0.9228515625 0.7454427083333334 0.10791015625 0.07291666666666667
0 0.6025390625 0.7662760416666666 0.0439453125 0.1484375
0 0.7275390625 0.7708333333333334 0.10107421875 0.049479166666666664
0 0.6533203125 0.7923177083333334 0.06494140625 0.14778645833333334
0 0.82470703125 0.8098958333333334 0.06982421875 0.09895833333333333
0 0.89697265625 0.8515625 0.0625 0.16080729166666666
0 0.74755859375 0.8723958333333334 0.068359375 0.09700520833333333
3 0.9560546875 0.8909505208333334 0.0615234375 0.216796875
0 0.67626953125 0.9407552083333334 0.10693359375 0.08463541666666667
0 0.849853515625 0.955078125 0.09033203125 0.08854166666666667
1 0.7099609375 0.9658203125 0.10546875 0.06705729166666667
0 0.8125 0.96875 0.0732421875 0.061197916666666664
0 0.695068359375 0.5393880208333334 0.06298828125 0.039713541666666664
0 0.62060546875 0.5478515625 0.08203125 0.056640625
0 0.98046875 0.5631510416666666 0.0380859375 0.08723958333333333
0 0.94677734375 0.5638020833333334 0.087890625 0.08854166666666667