2 0.86474609375 0.3177083333333333 0.1474609375 0.119140625
0 0.006591796875 0.8167317708333334 0.01318359375 0.027994791666666668
0 0.82763671875 0.5657552083333334 0.115234375 0.1640625
0 0.937744140625 0.5856119791666666 0.12353515625 0.18815104166666666
0 0.53564453125 0.59765625 0.0712890625 0.16276041666666666
0 0.982177734375 0.6178385416666666 0.03466796875 0.17317708333333334
0 0.56591796875 0.6705729166666666 0.09033203125 0.17447916666666666
0 0.7470703125 0.7018229166666666 0.08251953125 0.203125
0 0.833984375 0.7096354166666666 0.06982421875 0.1875
0 0.91650390625 0.7662760416666666 0.1162109375 0.21614583333333334
0 0.53564453125 0.7711588541666666 0.0712890625 0.142578125
0 0.66552734375 0.7890625 0.13330078125 0.140625
0 0.974365234375 0.8203125 0.05029296875 0.18229166666666666
0 0.62646484375 0.8587239583333334 0.154296875 0.16341145833333334
0 0.540283203125 0.904296875 0.08056640625 0.09765625
0 0.721923828125 0.4684244791666667 0.08837890625 0.037109375
3 0.84765625 0.9342447916666666 0.2412109375 0.11783854166666667
0 0.671630859375 0.9860026041666666 0.19970703125 0.026692708333333332
0 0.622314453125 0.48046875 0.09912109375 0.061197916666666664
0 0.7802734375 0.4860026041666667 0.0810546875 0.072265625
0 0.558349609375 0.4866536458333333 0.11669921875 0.07356770833333333