0 0.19036458333333334 0.011574074074074073 0.1078125 0.023148148148148147
0 0.09895833333333333 0.049074074074074076 0.08645833333333333 0.09814814814814815
0 0.06276041666666667 0.05648148148148148 0.08697916666666666 0.11296296296296296
0 0.38567708333333334 0.09212962962962963 0.027604166666666666 0.18425925925925926
0 0.2506197916666667 0.1180462962962963 0.057274088541666636 0.19531134259259256
0 0.179421875 0.12043518518518517 0.0755374348958334 0.15373611111111107
0 0.07278645833333333 0.1583240740740741 0.10832356770833336 0.0963148148148148
0 0.30572916666666666 0.15925925925925927 0.042708333333333334 0.15925925925925927
0 0.35104166666666664 0.16527777777777777 0.05 0.14722222222222223
0 0.027604166666666666 0.1912037037037037 0.05520833333333333 0.09537037037037037
0 0.22005208333333334 0.2175925925925926 0.1078125 0.04259259259259259
0 0.05755208333333333 0.21296296296296297 0.0421875 0.05185185185185185
0 0.3572916666666667 0.02638888888888889 0.05 0.05277777777777778
0 0.5380208333333333 0.09560185185185185 0.016642578125000067 0.028693865740740843
0 0.1438125 0.3584351851851852 0.02501595052083337 0.04721585648148146
0 0.20675520833333336 0.4274074074074074 0.02088411458333326 0.04998495370370369
0 0.03780729166666665 0.45966666666666667 0.021372070312500036 0.04348726851851857
0 0.08625000000000001 0.5465277777777777 0.022429687500000028 0.05094560185185186
0 0.28870833333333334 0.5891203703703703 0.02550748697916667 0.024084490740740757
2 0.165953125 0.6238333333333334 0.016115885416666604 0.04816550925925922
0 0.28702083333333334 0.6597407407407407 0.0187376302083333 0.025090277777777642
0 0.31449479166666666 0.6632499999999999 0.008344726562500071 0.03054398148148144
0 0.32280729166666666 0.6693240740740741 0.009897786458333257 0.03241319444444457
0 0.3351354166666667 0.6777129629629629 0.012995117187499971 0.050017939814814893
0 0.2431979166666667 0.6808981481481482 0.02603190104166669 0.024966435185185296
0 0.27602604166666667 0.6816574074074074 0.022899088541666637 0.02040046296296299
0 0.29589583333333336 0.684037037037037 0.012514973958333423 0.04164988425925921
0 0.2644375 0.7030648148148148 0.02446940104166669 0.021305555555555546
0 0.2478229166666667 0.7520648148148148 0.022390625000000004 0.034244212962962844
0 0.18279687500000003 0.8060648148148147 0.024948567708333275 0.032496527777777826
0 0.32109375 0.9671296296296297 0.028645833333333332 0.06388888888888888
0 0.5265572916666666 0.6412777777777778 0.029142578125000065 0.0287511574074076