0 0.629638671875 0.3938802083333333 0.02001953125 0.022135416666666668
0 0.654296875 0.40234375 0.0234375 0.016276041666666668
2 0.259765625 0.8404947916666666 0.02001953125 0.031901041666666664
0 0.857177734375 0.6416015625 0.03662109375 0.024088541666666668
0 0.648193359375 0.6520182291666666 0.01611328125 0.044921875
0 0.76708984375 0.6484375 0.037109375 0.032552083333333336
0 0.814453125 0.6490885416666666 0.0322265625 0.034505208333333336
0 0.69970703125 0.65625 0.03125 0.046875
0 0.6767578125 0.6575520833333334 0.0146484375 0.052083333333333336
0 0.8046875 0.6673177083333334 0.029296875 0.035807291666666664
0 0.728515625 0.6705729166666666 0.033203125 0.031901041666666664
0 0.755859375 0.6705729166666666 0.03076171875 0.037109375
0 0.94140625 0.6927083333333334 0.0302734375 0.046875
0 0.7646484375 0.74609375 0.02783203125 0.057942708333333336
0 0.81689453125 0.9010416666666666 0.02392578125 0.048177083333333336
0 0.963623046875 0.9899088541666666 0.03759765625 0.018880208333333332