0 0.64697265625 0.0205078125 0.0732421875 0.041015625
0 0.565673828125 0.0458984375 0.05224609375 0.091796875
2 0.828125 0.09505208333333333 0.12548828125 0.1484375
2 0.732666015625 0.2591145833333333 0.12744140625 0.07942708333333333
2 0.35498046875 0.6432291666666666 0.0205078125 0.0390625
2 0.41259765625 0.67578125 0.01318359375 0.01953125
2 0.3330078125 0.6875 0.0185546875 0.032552083333333336
0 0.47216796875 0.701171875 0.029296875 0.025390625
2 0.451171875 0.73828125 0.03076171875 0.0234375
0 0.162109375 0.7838541666666666 0.0244140625 0.042317708333333336
0 0.86279296875 0.6901041666666666 0.01953125 0.038411458333333336
0 0.818359375 0.7161458333333334 0.02685546875 0.018880208333333332
0 0.8505859375 0.734375 0.02392578125 0.035807291666666664
2 0.81787109375 0.7493489583333334 0.01611328125 0.039713541666666664