0 0.177001953125 0.03125 0.06689453125 0.0625
0 0.033447265625 0.033935546875 0.06689453125 0.06787109375
1 0.23388671875 0.03271484375 0.10162353515625 0.046875
1 0.05224609375 0.05126953125 0.1044921875 0.083984375
0 0.10546875 0.05126953125 0.0517578125 0.035186767578125
0 0.332763671875 0.080322265625 0.03271484375 0.03955078125
0 0.095703125 0.08447265625 0.076171875 0.0439453125
1 0.25927734375 0.1064453125 0.0966796875 0.07318115234375
0 0.012939453125 0.113037109375 0.02587890625 0.03564453125
0 0.07421875 0.11572265625 0.07318115234375 0.041015625
0 0.0302734375 0.1396484375 0.05078125 0.055633544921875
0 0.0791015625 0.150390625 0.0498046875 0.033203125
0 0.16162109375 0.1669921875 0.05279541015625 0.10052490234375
0 0.24853515625 0.17724609375 0.0751953125 0.080047607421875
0 0.04443359375 0.1904296875 0.0888671875 0.0546875
0 0.315185546875 0.195068359375 0.03564453125 0.06884765625
0 0.111083984375 0.204345703125 0.08251953125 0.05029296875
0 0.040283203125 0.218505859375 0.07568359375 0.02197265625
0 0.028076171875 0.0185546875 0.05615234375 0.037109375
0 0.1279296875 0.013916015625 0.041015625 0.02783203125
0 0.792724609375 0.020263671875 0.03466796875 0.04052734375
0 0.84228515625 0.0654296875 0.024444580078125 0.0576171875
0 0.955078125 0.07470703125 0.06243896484375 0.03515625
0 0.78076171875 0.07568359375 0.02838134765625 0.04193115234375
0 0.80908203125 0.07568359375 0.020477294921875 0.057586669921875
0 0.7783203125 0.1005859375 0.046875 0.02532958984375
0 0.85546875 0.1064453125 0.033203125 0.04290771484375
0 0.71923828125 0.10791015625 0.038116455078125 0.038055419921875
0 0.82763671875 0.1142578125 0.03802490234375 0.0185546875
0 0.7890625 0.12255859375 0.0419921875 0.020538330078125
0 0.7548828125 0.1376953125 0.0322265625 0.01556396484375
0 0.83544921875 0.13916015625 0.02825927734375 0.03607177734375
0 0.78857421875 0.142578125 0.029296875 0.0185546875
0 0.8994140625 0.146484375 0.01953125 0.05267333984375
0 0.8193359375 0.1689453125 0.01953125 0.03912353515625
0 0.77978515625 0.17041015625 0.03033447265625 0.025390625
0 0.85546875 0.17041015625 0.019561767578125 0.0380859375
0 0.88330078125 0.19580078125 0.026336669921875 0.0439453125
0 0.14208984375 0.640380859375 0.006591796875 0.021484375
0 0.1103515625 0.681884765625 0.0087890625 0.018798828125
0 0.259033203125 0.721923828125 0.007568359375 0.025390625
0 0.59912109375 0.626953125 0.020263671875 0.025390625