0 0.200927734375 0.025146484375 0.06689453125 0.05029296875
0 0.04638671875 0.02783203125 0.0888671875 0.0556640625
1 0.2578125 0.022216796875 0.1025390625 0.04443359375
1 0.068359375 0.04052734375 0.1201171875 0.0810546875
0 0.12939453125 0.0390625 0.0517578125 0.03521728515625
0 0.384765625 0.06787109375 0.087921142578125 0.0390625
0 0.11962890625 0.072265625 0.076171875 0.0439453125
1 0.283203125 0.09423828125 0.0966796875 0.073211669921875
0 0.02490234375 0.100830078125 0.0498046875 0.03564453125
0 0.09814453125 0.103515625 0.073211669921875 0.041015625
0 0.05419921875 0.12744140625 0.05078125 0.055633544921875
0 0.10302734375 0.13818359375 0.0498046875 0.033203125
0 0.185546875 0.15478515625 0.05279541015625 0.10052490234375
0 0.2724609375 0.1650390625 0.0751953125 0.08001708984375
0 0.52783203125 0.16796875 0.073211669921875 0.0546875
0 0.05908203125 0.17822265625 0.106475830078125 0.053741455078125
0 0.3388671875 0.1962890625 0.03515625 0.095703125
0 0.134765625 0.197265625 0.08203125 0.060516357421875
0 0.02685546875 0.23193359375 0.0537109375 0.0537109375
0 0.4228515625 0.2333984375 0.080047607421875 0.060546875
0 0.06396484375 0.23828125 0.0751953125 0.0859375
0 0.12158203125 0.244140625 0.081024169921875 0.039093017578125
0 0.56201171875 0.2451171875 0.037109375 0.0859375
0 0.00927734375 0.259033203125 0.0185546875 0.04736328125
0 0.0234375 0.274169921875 0.046875 0.03857421875
1 0.10791015625 0.28515625 0.118194580078125 0.050811767578125
0 0.043701171875 0.31298828125 0.08740234375 0.0556640625
1 0.16845703125 0.33154296875 0.088897705078125 0.096649169921875
0 0.5439453125 0.3349609375 0.0986328125 0.035186767578125
0 0.04833984375 0.36376953125 0.0966796875 0.0458984375
0 0.515625 0.3828125 0.044921875 0.0732421875
0 0.02587890625 0.40673828125 0.03515625 0.0546875
0 0.1220703125 0.419921875 0.0673828125 0.04498291015625
0 0.17529296875 0.42041015625 0.04595947265625 0.10247802734375
0 0.0595703125 0.42529296875 0.0458984375 0.07525634765625
0 0.4345703125 0.44091796875 0.0712890625 0.0888671875
0 0.0234375 0.45458984375 0.0302734375 0.0556640625
0 0.11669921875 0.4580078125 0.072265625 0.033233642578125
0 0.28076171875 0.458984375 0.07720947265625 0.08001708984375
0 0.599365234375 0.47509765625 0.03955078125 0.0537109375
0 0.50830078125 0.4814453125 0.06640625 0.0859375
0 0.04638671875 0.491455078125 0.0927734375 0.04052734375
1 0.15087890625 0.49462890625 0.112335205078125 0.0439453125
0 0.017333984375 0.503662109375 0.03466796875 0.05126953125
0 0.27685546875 0.51171875 0.0390625 0.03515625
0 0.06689453125 0.51953125 0.068359375 0.01953125
0 0.142333984375 0.5224609375 0.03076171875 0.013671875
0 0.123779296875 0.521240234375 0.05126953125 0.01611328125
1 0.409423828125 0.0126953125 0.08251953125 0.025390625
0 0.560546875 0.014404296875 0.041015625 0.02880859375
0 0.0400390625 0.012451171875 0.080078125 0.02490234375
0 0.15185546875 0.0078125 0.041015625 0.015625
0 0.16650390625 0.783203125 0.03125 0.0126953125
0 0.979736328125 0.88134765625 0.03955078125 0.0771484375
0 0.8095703125 0.917724609375 0.142578125 0.16357421875
0 0.64794921875 0.93017578125 0.056640625 0.125
0 0.647705078125 0.981689453125 0.05615234375 0.03564453125