0 0.038802083333333334 0.038425925925925926 0.0421875 0.07685185185185185
0 0.41822916666666665 0.012962962962962963 0.041666666666666664 0.025925925925925925
0 0.18619791666666666 0.07361111111111111 0.08802083333333334 0.14722222222222223
3 0.08645833333333333 0.10138888888888889 0.07708333333333334 0.20277777777777778
0 0.4005208333333333 0.07222222222222222 0.07708333333333334 0.08333333333333333
0 0.2987239583333333 0.08908333333333332 0.05887695312500003 0.1657534722222222
0 0.34449479166666663 0.09245370370370372 0.036949218749999936 0.12587731481481482
0 0.15404166666666666 0.125 0.0833372395833333 0.08898032407407412
0 0.4234375 0.2199074074074074 0.03125 0.20277777777777778
0 0.2534895833333334 0.2316111111111111 0.04739257812500005 0.13795601851851858
0 0.14403125 0.24283333333333332 0.08283463541666662 0.1323964120370369
0 0.061000000000000006 0.25152777777777774 0.10101432291666666 0.12038078703703685
0 0.35870833333333335 0.2602222222222222 0.09377734375 0.15463541666666658
0 0.22879687499999998 0.33765740740740735 0.0953245442708333 0.08705497685185193
0 0.04379166666666666 0.3498611111111111 0.04167382812499999 0.11299074074074071
0 0.3751197916666667 0.3721666666666667 0.04737760416666674 0.08890277777777766
0 0.12507291666666667 0.3954444444444445 0.06872656249999996 0.17224537037037024
0 0.00703125 0.3958333333333333 0.0140625 0.18425925925925926
0 0.044270833333333336 0.4625 0.08854166666666667 0.10277777777777777
0 0.5606770833333333 0.5314814814814814 0.0328125 0.014814814814814815
2 0.8963177083333334 0.8520740740740741 0.0198476562499998 0.050944444444444424
0 0.5860312499999999 0.890962962962963 0.013517578124999948 0.030537037037037053
0 0.5448802083333334 0.8937407407407407 0.0124873046874999 0.03610185185185186
0 0.5655416666666667 0.8959074074074075 0.011977539062500023 0.03606365740740721
0 0.5071979166666667 0.9124074074074073 0.023440429687500004 0.028730902777777633