0 0.025146484375 0.0517578125 0.05029296875 0.080078125
0 0.267578125 0.0546875 0.07318115234375 0.0546875
0 0.07861328125 0.0830078125 0.03515625 0.095703125
0 0.16259765625 0.1201171875 0.080047607421875 0.060546875
0 0.3017578125 0.1318359375 0.037109375 0.0859375
0 0.28369140625 0.2216796875 0.0986328125 0.03521728515625
0 0.25537109375 0.26953125 0.044921875 0.0732421875
0 0.174560546875 0.316162109375 0.07177734375 0.06591796875
0 0.02978515625 0.327392578125 0.0595703125 0.04345703125
0 0.354248046875 0.342041015625 0.06982421875 0.01416015625
0 0.248291015625 0.337158203125 0.06689453125 0.02392578125
0 0.926025390625 0.155029296875 0.14697265625 0.31005859375
0 0.143310546875 0.673095703125 0.010986328125 0.020263671875
0 0.426025390625 0.710693359375 0.07275390625 0.31201171875