2 0.681640625 0.3346354166666667 0.01904296875 0.035807291666666664
0 0.775390625 0.6100260416666666 0.03076171875 0.020833333333333332
0 0.876953125 0.6666666666666666 0.02587890625 0.022135416666666668
0 0.84423828125 0.6725260416666666 0.0283203125 0.014322916666666666
0 0.98583984375 0.673828125 0.025390625 0.024739583333333332
0 0.9755859375 0.6907552083333334 0.02587890625 0.013671875
0 0.985595703125 0.7027994791666666 0.02783203125 0.017578125
0 0.861328125 0.7057291666666666 0.02685546875 0.020833333333333332
2 0.9453125 0.73828125 0.02783203125 0.025390625
0 0.8974609375 0.744140625 0.0126953125 0.032552083333333336
0 0.9140625 0.751953125 0.0107421875 0.033203125
0 0.9287109375 0.7662760416666666 0.01220703125 0.032552083333333336
2 0.888671875 0.7747395833333334 0.02490234375 0.024088541666666668
0 0.94873046875 0.8014322916666666 0.0263671875 0.020833333333333332
0 0.70849609375 0.8092447916666666 0.0244140625 0.013671875
0 0.931640625 0.8125 0.01806640625 0.017578125
0 0.90869140625 0.814453125 0.0224609375 0.015625
0 0.98095703125 0.818359375 0.0234375 0.014973958333333334
0 0.888671875 0.8203125 0.02294921875 0.017578125
0 0.94970703125 0.8203125 0.02392578125 0.01171875
0 0.99169921875 0.8258463541666666 0.015625 0.016276041666666668
0 0.627197265625 0.8365885416666666 0.01513671875 0.032552083333333336
0 0.82275390625 0.83984375 0.0322265625 0.013671875
0 0.865234375 0.8424479166666666 0.029296875 0.011067708333333334
0 0.8974609375 0.84375 0.01806640625 0.028645833333333332
0 0.90869140625 0.853515625 0.0126953125 0.02734375
0 0.8037109375 0.85546875 0.01806640625 0.03125
0 0.947265625 0.859375 0.03076171875 0.014322916666666666
0 0.8837890625 0.8606770833333334 0.01708984375 0.018880208333333332
0 0.84228515625 0.86328125 0.0146484375 0.029296875
0 0.8642578125 0.8723958333333334 0.01806640625 0.027994791666666668
0 0.90087890625 0.8756510416666666 0.02978515625 0.014973958333333334
0 0.85400390625 0.8776041666666666 0.01416015625 0.022786458333333332
0 0.92431640625 0.8795572916666666 0.015625 0.024088541666666668
0 0.983642578125 0.8844401041666666 0.03173828125 0.017578125
0 0.79638671875 0.8841145833333334 0.03076171875 0.022135416666666668
0 0.88037109375 0.8854166666666666 0.021484375 0.017578125
0 0.8544921875 0.9036458333333334 0.017578125 0.032552083333333336
0 0.74560546875 0.90625 0.0146484375 0.031901041666666664
0 0.87158203125 0.9088541666666666 0.025390625 0.029947916666666668
0 0.6513671875 0.9140625 0.021484375 0.039713541666666664
0 0.7783203125 0.916015625 0.0244140625 0.013671875
0 0.916015625 0.958984375 0.0185546875 0.026041666666666668
0 0.994873046875 0.9853515625 0.00927734375 0.027994791666666668