0 0.125 0.04736328125 0.06640625 0.0947265625
1 0.18212890625 0.0654296875 0.10162353515625 0.046875
1 0.0263671875 0.083984375 0.052734375 0.083984375
0 0.0537109375 0.083984375 0.0517578125 0.03521728515625
0 0.30908203125 0.11279296875 0.08795166015625 0.0390625
0 0.0439453125 0.1171875 0.076171875 0.0439453125
1 0.20751953125 0.13916015625 0.0966796875 0.073211669921875
0 0.029541015625 0.148681640625 0.05908203125 0.04150390625
0 0.02734375 0.18310546875 0.0498046875 0.033203125
0 0.10986328125 0.19970703125 0.052764892578125 0.100555419921875
0 0.19677734375 0.2099609375 0.0751953125 0.080047607421875
0 0.4521484375 0.212890625 0.073211669921875 0.0546875
0 0.0185546875 0.22314453125 0.037109375 0.0546875
0 0.596923828125 0.23046875 0.02490234375 0.064453125
0 0.263427734375 0.231201171875 0.03564453125 0.07568359375
0 0.059326171875 0.240478515625 0.08251953125 0.05712890625
0 0.34716796875 0.258544921875 0.080078125 0.02099609375
0 0.486572265625 0.258056640625 0.03759765625 0.02197265625
1 0.521484375 0.01220703125 0.076171875 0.0244140625
0 0.113525390625 0.0068359375 0.05517578125 0.013671875
0 0.26171875 0.0224609375 0.0546875 0.044921875
1 0.333740234375 0.03515625 0.08251953125 0.0703125
0 0.48486328125 0.036865234375 0.041015625 0.07373046875
0 0.076171875 0.03173828125 0.04010009765625 0.05755615234375
0 0.702392578125 0.003662109375 0.02587890625 0.00732421875
0 0.731201171875 0.009033203125 0.01708984375 0.01806640625
0 0.7216796875 0.0166015625 0.008819580078125 0.014617919921875
0 0.734375 0.0185546875 0.01953125 0.01171875
0 0.7099609375 0.0205078125 0.009765625 0.02825927734375
0 0.93701171875 0.04248046875 0.027374267578125 0.023406982421875
2 0.87255859375 0.0576171875 0.02923583984375 0.02044677734375
2 0.7626953125 0.0615234375 0.02734375 0.01953125
0 0.95458984375 0.0634765625 0.027374267578125 0.0126953125
0 0.6494140625 0.07373046875 0.026336669921875 0.011749267578125
0 0.8466796875 0.07763671875 0.015625 0.0146484375
0 0.91650390625 0.07763671875 0.0263671875 0.017547607421875
0 0.79150390625 0.083984375 0.0244140625 0.0146484375
2 0.8994140625 0.08544921875 0.0185546875 0.021514892578125
0 0.8359375 0.09912109375 0.015625 0.023468017578125
0 0.616943359375 0.119873046875 0.01416015625 0.03271484375
0 0.703125 0.13818359375 0.02044677734375 0.02728271484375
0 0.231689453125 0.644287109375 0.01611328125 0.029052734375
0 0.75390625 0.634765625 0.0107421875 0.024169921875