2 0.60986328125 0.3014322916666667 0.1201171875 0.18489583333333334
0 0.375 0.8098958333333334 0.03173828125 0.020833333333333332
0 0.40087890625 0.810546875 0.02294921875 0.0390625
0 0.408203125 0.9095052083333334 0.017578125 0.020182291666666668
0 0.43603515625 0.9108072916666666 0.01171875 0.020182291666666668
2 0.423828125 0.9140625 0.01513671875 0.03515625
2 0.46875 0.91796875 0.0166015625 0.039713541666666664
0 0.44580078125 0.9186197916666666 0.02001953125 0.040364583333333336
2 0.40771484375 0.9283854166666666 0.01611328125 0.038411458333333336
2 0.384765625 0.9830729166666666 0.01953125 0.032552083333333336
0 0.7802734375 0.7662760416666666 0.01708984375 0.031901041666666664
0 0.70361328125 0.8502604166666666 0.02490234375 0.020182291666666668