0 0.04505208333333333 0.009259259259259259 0.0296875 0.018518518518518517
0 0.05115104166666667 0.016592592592592607 0.01980696614583334 0.025883680555555566
0 0.03371354166666666 0.02932407407407406 0.02965625 0.028754629629629637
0 0.06691666666666667 0.04398148148148148 0.018183593749999984 0.04908680555555557
0 0.09759374999999999 0.23916666666666667 0.020828125000000006 0.05739699074074083
0 0.04659375 0.25087037037037035 0.015113932291666672 0.06300694444444446
0 0.07401041666666666 0.26552777777777775 0.02759960937499999 0.04634490740740742
0 0.22478125000000002 0.2922777777777778 0.03384667968750001 0.02315567129629625
0 0.2964791666666667 0.32146296296296295 0.035409830729166696 0.03706076388888899
0 0.07024479166666667 0.3280185185185185 0.037484700520833324 0.026836805555555544
0 0.21639583333333334 0.3305462962962963 0.04429752604166666 0.018560763888888863
0 0.32802604166666666 0.3308425925925926 0.02446777343750005 0.04445486111111102
0 0.2511302083333333 0.33687962962962964 0.030171875000000032 0.03703587962962971
0 0.2794583333333333 0.3442777777777778 0.023960937500000057 0.05741319444444447
0 0.0067708333333333336 0.34814814814814815 0.013541666666666667 0.03888888888888889
0 0.222 0.3507314814814815 0.02603678385416662 0.06298495370370366
0 0.20707812499999997 0.3641759259259259 0.019283203124999974 0.03609548611111109
0 0.10165104166666668 0.3687870370370371 0.01873242187500003 0.06017013888888888
0 0.26793229166666666 0.36921296296296297 0.015620442708333234 0.03333912037037028
0 0.23214062500000002 0.37426851851851856 0.016141276041666687 0.04257291666666666
0 0.12291666666666666 0.37738888888888894 0.0291627604166667 0.05741435185185179
0 0.2926614583333333 0.3962777777777778 0.03281217447916672 0.02774826388888877
0 0.18581770833333333 0.4068981481481482 0.03175130208333332 0.051849537037036986
0 0.012802083333333332 0.4131481481481482 0.018243815104166675 0.047206018518518585
0 0.13319270833333335 0.4326944444444444 0.02446256510416666 0.032417245370370266
0 0.09730729166666666 0.43653703703703706 0.021352539062500023 0.06760127314814823
0 0.11228124999999999 0.4499259259259259 0.01302441406249996 0.06855381944444426
0 0.2609375 0.459212962962963 0.019760416666666693 0.061085648148148014
0 0.3149895833333333 0.4606018518518519 0.039057291666666674 0.026827546296296398
0 0.151421875 0.46573148148148147 0.03645247395833332 0.044436921296296235
0 0.27716145833333333 0.4715555555555555 0.015089192708333244 0.04535879629629625
0 0.2230104166666667 0.48162037037037037 0.028110677083333376 0.06020601851851834
0 0.19034895833333335 0.48462962962962963 0.0171875 0.03792592592592575
0 0.2780416666666667 0.4933518518518519 0.028168619791666672 0.055568287037036895
0 0.15699479166666666 0.49812962962962964 0.03488020833333329 0.05368750000000007
0 0.40023958333333337 0.4988981481481481 0.02451171875 0.07313078703703708
0 0.2541927083333333 0.5078611111111111 0.01665527343750005 0.025015625000000024
0 0.30370833333333336 0.5116759259259259 0.02917545572916668 0.04910532407407391
0 0.3276510416666667 0.5158518518518519 0.02603841145833326 0.05558912037037026
0 0.20655208333333333 0.5295185185185185 0.026577148437499965 0.03796469907407422
0 0.3457864583333333 0.5352222222222222 0.03489713541666658 0.01858564814814814
0 0.28567708333333336 0.5393518518518519 0.018229166666666668 0.03796296296296296
2 0.49248958333333337 0.9047592592592593 0.01979752604166656 0.04535069444444444
2 0.478703125 0.9222777777777778 0.022906249999999892 0.03515682870370382
2 0.5182291666666666 0.9293148148148148 0.016692057291666628 0.04715046296296287
2 0.52940625 0.9484629629629631 0.012031901041666633 0.020391203703703526
2 0.49262500000000004 0.9500925925925925 0.0151123046875 0.02962557870370351
0 0.46989583333333335 0.9569537037037037 0.013524414062500038 0.0379346064814816
0 0.44581770833333334 0.9667685185185186 0.015101562499999943 0.03708217592592607
0 0.5926406249999999 0.9755277777777779 0.018228841145833268 0.03976793981481474