0 0.01842708333333333 0.1113888888888889 0.020822916666666677 0.057386574074074145
0 0.004427083333333333 0.1375 0.008854166666666666 0.04722222222222222
0 0.14561458333333335 0.16450000000000004 0.03383919270833335 0.02316319444444446
0 0.2173125 0.19368518518518518 0.035402994791666725 0.03708449074074083
0 0.0049479166666666664 0.2 0.009895833333333333 0.027777777777777776
0 0.13722916666666668 0.20276851851851851 0.04429752604166666 0.018560763888888863
0 0.24885937499999997 0.2030648148148148 0.02446777343750005 0.04445486111111102
0 0.17196354166666664 0.20910185185185184 0.030190104166666624 0.03703645833333332
0 0.20029166666666665 0.2165 0.023959635416666694 0.057410300925925986
0 0.14283333333333334 0.2229537037037037 0.026036783854166634 0.06298495370370366
0 0.1279114583333333 0.2363981481481481 0.019283203124999974 0.03609548611111109
0 0.022484375000000008 0.24100925925925928 0.018732421875000016 0.06017013888888888
0 0.18876562499999996 0.2414351851851852 0.015620442708333234 0.03333912037037031
0 0.15297395833333335 0.2464907407407408 0.01614355468750001 0.0425827546296297
0 0.04375 0.24961111111111114 0.0291627604166667 0.05741435185185182
0 0.21349479166666666 0.2685 0.03281217447916672 0.02774826388888877
0 0.10665104166666665 0.2791203703703704 0.03175130208333332 0.051849537037036986
0 0.05402604166666668 0.3049166666666666 0.024445963541666654 0.03242708333333334
0 0.01814062499999999 0.3087592592592593 0.021350911458333337 0.06760995370370367
0 0.03311458333333332 0.32214814814814813 0.013027994791666645 0.06858912037037022
0 0.18177083333333333 0.3314351851851852 0.019760416666666693 0.061085648148148014
0 0.23582291666666666 0.3328240740740741 0.039057291666666674 0.026827546296296398
0 0.07225520833333335 0.3379537037037037 0.036446614583333314 0.04442939814814803
0 0.19799479166666664 0.34377777777777774 0.015089192708333244 0.04535879629629625
0 0.14401041666666667 0.3509259259259259 0.028645833333333332 0.05555555555555555
0 0.11118229166666668 0.3568518518518518 0.0171875 0.03792592592592575
0 0.19869791666666667 0.3578703703703704 0.028645833333333332 0.041666666666666664
0 0.07760416666666667 0.36064814814814816 0.035416666666666666 0.03611111111111111
0 0.32083333333333336 0.35648148148148145 0.025 0.044444444444444446
0 0.17526041666666667 0.3726851851851852 0.0171875 0.012037037037037037
0 0.22473958333333333 0.36898148148148147 0.0296875 0.019444444444444445
0 0.24869791666666666 0.36944444444444446 0.0265625 0.018518518518518517
0 0.74296875 0.014351851851851852 0.0140625 0.028703703703703703
0 0.7921875 0.016666666666666666 0.03333333333333333 0.03333333333333333
0 0.7603177083333333 0.04821296296296296 0.031263020833333384 0.031569444444444365
0 0.7406406249999999 0.06291666666666666 0.033349609375 0.03522453703703695
0 0.8274635416666667 0.06301851851851852 0.03751953124999995 0.03154629629629634
0 0.6782447916666666 0.07762037037037035 0.01717610677083338 0.046302662037036965
0 0.7723541666666667 0.08894444444444445 0.03229101562499999 0.027732638888888852
0 0.7475885416666667 0.10334259259259261 0.02347526041666666 0.04544675925925924
0 0.75134375 0.1294722222222222 0.029166015624999986 0.016678240740740678
0 0.7953958333333333 0.137287037037037 0.03332226562499999 0.035144675925925885
0 0.7837604166666667 0.15683333333333332 0.030202799479166605 0.026864004629629578
0 0.45865104166666665 0.2808888888888889 0.010950846354166661 0.03332407407407408
0 0.7188802083333333 0.3303703703703703 0.010926757812499943 0.0370393518518519
0 0.20689062500000002 0.44375 0.06769010416666674 0.12131597222222223