0 0.24401041666666667 0.027777777777777776 0.1078125 0.05555555555555555
0 0.15260416666666668 0.06527777777777778 0.08645833333333333 0.13055555555555556
0 0.11626562499999998 0.07765740740740741 0.08645800781249999 0.13518402777777774
0 0.03177083333333333 0.09583333333333334 0.06354166666666666 0.1175925925925926
0 0.30426562500000004 0.1504537037037037 0.057274088541666636 0.19531134259259256
0 0.23306770833333335 0.15284259259259259 0.07555403645833335 0.15376851851851855
0 0.12643229166666667 0.1907314814814815 0.10831380208333333 0.0963333333333333
0 0.3591979166666667 0.20880555555555555 0.04216536458333344 0.19354976851851857
0 0.39453125 0.2162037037037037 0.0296875 0.18425925925925926
0 0.06440104166666667 0.23224999999999998 0.08805664062499999 0.11112152777777769
0 0.012760416666666666 0.23703703703703705 0.025520833333333333 0.07777777777777778
0 0.27388541666666666 0.27516666666666667 0.1072845052083333 0.09258506944444449
0 0.11144270833333333 0.3039351851851852 0.041654296874999996 0.16847453703703702
0 0.25880729166666666 0.3792407407407407 0.08749283854166669 0.1592534722222222
3 0.15885416666666666 0.3800925925925926 0.07708333333333334 0.2564814814814815
0 0.35520833333333335 0.011574074074074073 0.06458333333333334 0.023148148148148147
0 0.37111979166666664 0.40112037037037035 0.05887695312500003 0.1657534722222222
0 0.4036458333333333 0.4041666666666667 0.011458333333333333 0.12685185185185185
0 0.22643749999999999 0.43703703703703706 0.08333528645833325 0.08893460648148153
0 0.03411458333333333 0.48009259259259257 0.06822916666666666 0.05648148148148148
0 0.3260416666666667 0.4912037037037037 0.04791666666666667 0.03425925925925926
0 0.39765625 0.04259259259259259 0.0234375 0.08518518518518518
0 0.58515625 0.02638888888888889 0.016145833333333335 0.05277777777777778
2 0.8942395833333333 0.11720370370370374 0.02390299479166676 0.05102083333333351
0 0.6747604166666666 0.16519444444444442 0.02862467447916662 0.024972222222222246
0 0.819140625 0.21039814814814817 0.0369720052083333 0.023155671296296355
0 0.24053645833333334 0.744361111111111 0.021351888020833223 0.027748842592592592
0 0.7796822916666667 0.9141203703703704 0.023934244791666733 0.026861111111111103