0 0.27682291666666664 0.024537037037037038 0.0578125 0.049074074074074076
0 0.20546875 0.01574074074074074 0.0765625 0.03148148148148148
0 0.09869791666666666 0.020370370370370372 0.10885416666666667 0.040740740740740744
0 0.33177083333333335 0.053703703703703705 0.042708333333333334 0.10740740740740741
0 0.3770833333333333 0.05462962962962963 0.05 0.10925925925925926
0 0.040625 0.044444444444444446 0.08125 0.08888888888888889
0 0.4544270833333333 0.03796296296296296 0.06927083333333334 0.06851851851851852
0 0.24628125 0.0760925925925926 0.1072845052083333 0.09258506944444449
0 0.08383854166666667 0.10486111111111111 0.04166048177083335 0.1684965277777777
0 0.465625 0.10740740740740741 0.046875 0.06296296296296296
0 0.231203125 0.18016666666666664 0.08749283854166669 0.1592534722222222
3 0.13111458333333334 0.18437037037037038 0.0765745442708333 0.2620277777777778
0 0.4479166666666667 0.18518518518518517 0.08229166666666667 0.08333333333333333
0 0.343515625 0.20204629629629622 0.05889973958333338 0.16576620370370365
0 0.3892864583333333 0.2054166666666667 0.036964192708333246 0.12590162037037028
0 0.19883333333333333 0.23796296296296296 0.08333528645833325 0.08893460648148153
0 0.0203125 0.2949074074074074 0.040625 0.08425925925925926
0 0.4708333333333333 0.33287037037037037 0.036458333333333336 0.20277777777777778
0 0.29828125 0.3445740740740741 0.04739257812500005 0.13795601851851858
0 0.18882291666666667 0.3557962962962963 0.08283463541666662 0.1323964120370369
0 0.10579166666666667 0.3644907407407407 0.10101432291666666 0.12038078703703685
0 0.4035 0.3731851851851852 0.09377734375 0.15463541666666658
0 0.01953125 0.41435185185185186 0.0390625 0.1287037037037037
0 0.2734375 0.4425925925925926 0.09583333333333334 0.07222222222222222
0 0.08880208333333334 0.44212962962962965 0.0421875 0.07314814814814814
0 0.4197916666666667 0.45925925925925926 0.04791666666666667 0.03888888888888889
0 0.17005208333333333 0.45046296296296295 0.06927083333333334 0.05648148148148148
0 0.029427083333333333 0.4476851851851852 0.058854166666666666 0.062037037037037036
0 0.133078125 0.8116574074074073 0.01610026041666662 0.05553819444444438
2 0.44215625000000003 0.9042407407407408 0.023930664062500048 0.05097337962962983
0 0.2226770833333333 0.9522314814814814 0.028603515624999905 0.024944444444444283
0 0.3671875 0.9921296296296296 0.0375 0.013888888888888888
0 0.7397083333333333 0.6653611111111111 0.033349609375 0.06479745370370364
0 0.79440625 0.7152037037037038 0.0447988281249998 0.043547453703703706
0 0.7355416666666666 0.7246203703703704 0.04376627604166667 0.03890740740740739
0 0.59359375 0.7511574074074074 0.028667317708333268 0.04353703703703702
0 0.6557604166666666 0.7860277777777778 0.02081347656249998 0.06854629629629627
0 0.49713541666666666 0.8268518518518518 0.015104166666666667 0.03148148148148148
0 0.5680729166666667 0.8443611111111111 0.020301757812499942 0.06663888888888891
0 0.6332760416666667 0.8568611111111111 0.04114908854166662 0.06938888888888872
0 0.9701302083333334 0.9198055555555555 0.033840494791666724 0.028677662037036995
2 0.7671458333333334 0.92675 0.029159830729166693 0.04632175925925918