0 0.01953125 0.162353515625 0.0390625 0.09521484375
1 0.0625 0.18017578125 0.10162353515625 0.046875
0 0.189453125 0.2275390625 0.087921142578125 0.0390625
1 0.087890625 0.25390625 0.0966796875 0.07318115234375
0 0.008544921875 0.314453125 0.01708984375 0.1005859375
0 0.0771484375 0.32470703125 0.0751953125 0.080047607421875
0 0.1435546875 0.35595703125 0.03515625 0.095703125
0 0.2275390625 0.39306640625 0.080047607421875 0.060546875
0 0.05078125 0.01025390625 0.0703125 0.0205078125
0 0.245361328125 0.026123046875 0.05419921875 0.05224609375
0 0.205322265625 0.02197265625 0.06982421875 0.0439453125
0 0.2978515625 0.02392578125 0.0224609375 0.0478515625
1 0.105712890625 0.03369140625 0.04443359375 0.0673828125
0 0.176025390625 0.039306640625 0.07763671875 0.07861328125
0 0.01220703125 0.061279296875 0.0244140625 0.06201171875
0 0.056640625 0.076171875 0.060516357421875 0.110382080078125
0 0.020263671875 0.08837890625 0.04052734375 0.0341796875
0 0.0107421875 0.108154296875 0.021484375 0.04052734375
0 0.14208984375 0.11474609375 0.053741455078125 0.0888671875
1 0.2138671875 0.1376953125 0.08203125 0.09466552734375
0 0.01953125 0.736328125 0.02740478515625 0.0107421875
0 0.0263671875 0.75634765625 0.025360107421875 0.0185546875
0 0.00244140625 0.762939453125 0.0048828125 0.02294921875
0 0.01611328125 0.77880859375 0.018524169921875 0.0244140625
0 0.92529296875 0.66748046875 0.028289794921875 0.038055419921875
0 0.330322265625 0.77197265625 0.04150390625 0.046875
0 0.90771484375 0.828125 0.0419921875 0.052764892578125
0 0.87548828125 0.8515625 0.024383544921875 0.064483642578125
0 0.89990234375 0.90576171875 0.052734375 0.030242919921875
0 0.76611328125 0.9189453125 0.04400634765625 0.03509521484375
0 0.61328125 0.92041015625 0.0478515625 0.030242919921875
0 0.8994140625 0.923828125 0.042999267578125 0.0205078125
0 0.83056640625 0.9345703125 0.049774169921875 0.027374267578125
0 0.49072265625 0.993408203125 0.0615234375 0.01220703125
0 0.329345703125 0.509521484375 0.03955078125 0.04150390625
0 0.81201171875 0.55419921875 0.0439453125 0.04296875