0 0.35107421875 0.009765625 0.0888671875 0.01953125
0 0.086181640625 0.01318359375 0.07666015625 0.0263671875
1 0.249755859375 0.03125 0.09716796875 0.0625
0 0.064453125 0.03515625 0.073211669921875 0.041015625
0 0.023193359375 0.05908203125 0.04638671875 0.0556640625
0 0.0693359375 0.06982421875 0.0498046875 0.033203125
0 0.15185546875 0.08642578125 0.05279541015625 0.10052490234375
0 0.23876953125 0.0966796875 0.0751953125 0.08001708984375
0 0.494140625 0.099609375 0.07318115234375 0.0546875
0 0.03955078125 0.10986328125 0.0791015625 0.0546875
0 0.6328125 0.1171875 0.0126953125 0.064453125
0 0.30517578125 0.1279296875 0.03515625 0.095703125
0 0.10107421875 0.12890625 0.08203125 0.06048583984375
0 0.010009765625 0.16357421875 0.02001953125 0.0537109375
0 0.38916015625 0.1650390625 0.08001708984375 0.060546875
0 0.0341796875 0.170166015625 0.068359375 0.08642578125
0 0.087890625 0.17578125 0.081024169921875 0.039093017578125
0 0.5283203125 0.1767578125 0.037109375 0.0859375
0 0.006591796875 0.205810546875 0.01318359375 0.03857421875
1 0.07421875 0.216796875 0.11822509765625 0.05084228515625
0 0.02685546875 0.24462890625 0.0537109375 0.0556640625
0 0.633544921875 0.250732421875 0.01123046875 0.07275390625
1 0.134765625 0.26318359375 0.088897705078125 0.096649169921875
0 0.51025390625 0.2666015625 0.0986328125 0.03521728515625
0 0.031494140625 0.29541015625 0.06298828125 0.0458984375
0 0.48193359375 0.314453125 0.044921875 0.0732421875
0 0.005126953125 0.338623046875 0.01025390625 0.05517578125
0 0.08837890625 0.3515625 0.0673828125 0.044952392578125
0 0.1416015625 0.35205078125 0.04595947265625 0.10247802734375
0 0.02587890625 0.35693359375 0.0458984375 0.075225830078125
0 0.40087890625 0.37255859375 0.0712890625 0.0888671875
0 0.0830078125 0.3896484375 0.072265625 0.03326416015625
0 0.2470703125 0.390625 0.077178955078125 0.080047607421875
0 0.5810546875 0.40673828125 0.0703125 0.05364990234375
0 0.474609375 0.4130859375 0.06640625 0.0859375
0 0.029541015625 0.423095703125 0.05908203125 0.04052734375
1 0.1171875 0.42626953125 0.11236572265625 0.0439453125
0 0.2431640625 0.442626953125 0.0390625 0.03369140625
0 0.03369140625 0.450439453125 0.0673828125 0.01806640625
0 0.108642578125 0.453369140625 0.03076171875 0.01220703125
0 0.090087890625 0.4521484375 0.05126953125 0.0146484375
0 0.70263671875 0.275390625 0.02740478515625 0.02337646484375
2 0.646240234375 0.29052734375 0.01318359375 0.0205078125
0 0.72021484375 0.29638671875 0.027374267578125 0.0126953125
0 0.68212890625 0.310546875 0.0263671875 0.017547607421875
2 0.6650390625 0.318359375 0.0185546875 0.02154541015625
0 0.81298828125 0.330078125 0.03900146484375 0.037109375
1 0.7578125 0.81396484375 0.091796875 0.082977294921875