0 0.25364583333333335 0.03657407407407407 0.11119791666666666 0.025
0 0.509375 0.044444444444444446 0.059375 0.07407407407407407
0 0.15859375 0.04583333333333333 0.0890625 0.06481481481481481
0 0.12109375 0.05787037037037037 0.08958333333333333 0.052314814814814814
0 0.03307291666666667 0.06481481481481481 0.06588541666666667 0.04537037037037037
0 0.46380208333333334 0.07222222222222222 0.044270833333333336 0.07916666666666666
0 0.31588541666666664 0.08611111111111111 0.059375 0.07592592592592592
0 0.24192708333333332 0.08703703703703704 0.07838541666666667 0.059722222222222225
0 0.13151041666666666 0.10185185185185185 0.11223958333333334 0.0375
0 0.37265625 0.1087962962962963 0.04375 0.075
0 0.24583333333333332 0.011111111111111112 0.09869791666666666 0.022222222222222223
0 0.41953125 0.11157407407407408 0.05130208333333333 0.0712962962962963
0 0.0671875 0.1175925925925926 0.09114583333333333 0.043055555555555555
0 0.5015625 0.11944444444444445 0.075 0.02638888888888889
0 0.01328125 0.11944444444444445 0.0265625 0.02962962962962963
0 0.284375 0.13425925925925927 0.11119791666666666 0.03611111111111111
0 0.11588541666666667 0.14537037037037037 0.043229166666666666 0.06527777777777778
0 0.5135416666666667 0.14675925925925926 0.05182291666666667 0.024074074074074074
0 0.26875 0.175 0.090625 0.06157407407407407
3 0.16484375 0.1763888888888889 0.07942708333333333 0.10185185185185185
0 0.4947916666666667 0.1763888888888889 0.08854166666666667 0.03194444444444444
0 0.36822916666666666 0.018055555555555554 0.06640625 0.03611111111111111
0 0.3848958333333333 0.18333333333333332 0.0609375 0.06435185185185185
0 0.43255208333333334 0.18472222222222223 0.03828125 0.04861111111111111
0 0.23515625 0.19722222222222222 0.08645833333333333 0.034722222222222224
0 0.035416666666666666 0.21898148148148147 0.07057291666666667 0.032407407407407406
0 0.5190104166666667 0.2337962962962963 0.04088541666666667 0.07824074074074074
0 0.33828125 0.23842592592592593 0.04921875 0.053703703703703705
0 0.22473958333333333 0.24305555555555555 0.0859375 0.05138888888888889
0 0.13880208333333333 0.2462962962962963 0.1046875 0.04675925925925926
0 0.4471354166666667 0.24953703703703703 0.09713541666666667 0.06018518518518518
0 0.03463541666666667 0.2689814814814815 0.06901041666666667 0.05694444444444444
0 0.3125 0.2796296296296296 0.09869791666666666 0.033796296296296297
0 0.12083333333333333 0.28425925925925927 0.043229166666666666 0.04398148148148148
0 0.4640625 0.29305555555555557 0.04895833333333333 0.034722222222222224
0 0.42604166666666665 0.03009259259259259 0.05130208333333333 0.06018518518518518
0 0.20520833333333333 0.3023148148148148 0.07109375 0.06666666666666667
0 0.054947916666666666 0.3023148148148148 0.06953125 0.0712962962962963
0 0.11875 0.3282407407407407 0.09609375 0.03935185185185185
0 0.43181770833333327 0.7329537037037036 0.06668457031249986 0.06665798611111114
0 0.46854166666666663 0.7774074074074074 0.07970475260416662 0.055563657407407374