0 0.0078125 0.024074074074074074 0.015625 0.04814814814814815
0 0.03717708333333333 0.21787037037037038 0.020822916666666677 0.057386574074074145
0 0.013802083333333333 0.2439814814814815 0.027604166666666666 0.04722222222222222
0 0.16436458333333334 0.2709814814814815 0.03383919270833336 0.02316319444444446
0 0.2360625 0.3001666666666667 0.035402994791666725 0.03708449074074083
0 0.014322916666666666 0.30648148148148147 0.028645833333333332 0.027777777777777776
0 0.15597916666666667 0.30925 0.044324218749999984 0.018603009259259208
0 0.267609375 0.3095462962962963 0.02446777343750005 0.04445486111111102
0 0.19071354166666665 0.3155833333333333 0.030190104166666624 0.03703645833333332
0 0.21904166666666663 0.3229814814814815 0.023959635416666694 0.057410300925925986
0 0.16158333333333333 0.3294351851851852 0.02603190104166669 0.06300694444444446
0 0.14666145833333333 0.3428796296296296 0.019283203124999974 0.03609548611111109
0 0.04123437500000001 0.34749074074074077 0.018732421875000016 0.06017013888888888
0 0.20751562499999998 0.34791666666666665 0.015622721354166558 0.03333622685185181
0 0.17172395833333334 0.35297222222222224 0.016141276041666687 0.04257291666666666
0 0.0625 0.3560925925925926 0.0291627604166667 0.05741435185185179
0 0.23224479166666664 0.37498148148148147 0.03281217447916672 0.02774826388888877
0 0.12540104166666666 0.3856018518518519 0.031761067708333354 0.05185069444444442
0 0.46927083333333336 0.39675925925925926 0.019791666666666666 0.041666666666666664
0 0.07277604166666668 0.4113981481481481 0.02446256510416666 0.032417245370370266
0 0.03689062499999999 0.4152407407407408 0.021350911458333337 0.06760995370370367
0 0.051864583333333325 0.4286296296296296 0.01302441406249996 0.06855381944444426
0 0.20052083333333334 0.43791666666666673 0.019760416666666693 0.061085648148148014
0 0.25457291666666665 0.4393055555555556 0.039059895833333275 0.026839699074074123
0 0.09100520833333334 0.4444351851851852 0.03645247395833332 0.044436921296296235
0 0.21674479166666666 0.45025925925925925 0.015089192708333244 0.04535879629629625
0 0.46145833333333336 0.45046296296296295 0.035416666666666666 0.04537037037037037
0 0.16259375 0.46032407407407405 0.028117838541666686 0.06019560185185166
0 0.12993229166666667 0.4633333333333333 0.0171875 0.03788888888888874
0 0.217625 0.4720555555555556 0.028146809895833395 0.05556192129629612
0 0.096578125 0.47683333333333333 0.03488020833333329 0.05368750000000007
0 0.3398229166666667 0.4776018518518518 0.024495442708333332 0.0731394675925925
0 0.19377604166666665 0.48656481481481484 0.01665527343750005 0.025015625000000024
0 0.24329166666666666 0.49037962962962967 0.029184244791666578 0.049136574074073965
0 0.267234375 0.4945555555555556 0.026040039062500023 0.055572337962962806
0 0.3890885416666666 0.49480555555555555 0.016651041666666682 0.025947916666666727
0 0.14613541666666666 0.5082222222222222 0.026577148437499965 0.03796469907407422
0 0.28536979166666665 0.5139259259259259 0.03489713541666658 0.01858564814814814
0 0.40653124999999996 0.5241666666666667 0.03125 0.03056249999999994
0 0.22534895833333332 0.5378055555555556 0.017709635416666578 0.0758877314814815
0 0.4023802083333334 0.5610833333333334 0.015096679687500014 0.04448032407407401
0 0.36782291666666667 0.5782037037037038 0.02187565104166668 0.034274305555555676
0 0.5554583333333334 0.43063888888888885 0.02137272135416666 0.04075115740740732
2 0.6594687499999999 0.5161296296296296 0.014559244791666615 0.041608796296296297
2 0.628125 0.5242962962962963 0.01775585937499997 0.0546469907407407
2 0.6849947916666667 0.5398796296296297 0.026030273437500046 0.03523206018518526
0 0.6560833333333332 0.560712962962963 0.019246744791666614 0.026945601851851794
0 0.6365468750000001 0.590037037037037 0.016654296874999967 0.039806712962962995
2 0.6513958333333333 0.5918796296296297 0.016133789062500032 0.03797048611111117
2 0.6631145833333333 0.6144074074074074 0.023970703125000034 0.04171238425925931