0 0.2630208333333333 0.05648148148148148 0.11536458333333334 0.03796296296296296
0 0.5286458333333334 0.06805555555555555 0.06145833333333333 0.11342592592592593
0 0.16458333333333333 0.0699074074074074 0.09244791666666667 0.09907407407407408
0 0.12552083333333333 0.08842592592592592 0.09296875 0.08009259259259259
0 0.034375 0.09907407407407408 0.06875 0.07037037037037037
0 0.48125 0.11018518518518519 0.04583333333333333 0.12083333333333333
0 0.32760416666666664 0.13194444444444445 0.06145833333333333 0.1162037037037037
0 0.25104166666666666 0.13333333333333333 0.08125 0.0912037037037037
0 0.13645833333333332 0.15555555555555556 0.11640625 0.05740740740740741
0 0.38671875 0.16620370370370371 0.0453125 0.11481481481481481
0 0.2552083333333333 0.01712962962962963 0.10234375 0.03425925925925926
0 0.4354166666666667 0.17083333333333334 0.053125 0.1087962962962963
0 0.06979166666666667 0.18009259259259258 0.09453125 0.06620370370370371
0 0.5203125 0.18287037037037038 0.07786458333333333 0.04027777777777778
0 0.013802083333333333 0.18287037037037038 0.02734375 0.04583333333333333
0 0.2950520833333333 0.20601851851851852 0.11536458333333334 0.055092592592592596
0 0.1203125 0.22268518518518518 0.04479166666666667 0.1
0 0.5328125 0.22453703703703703 0.053125 0.03796296296296296
0 0.27890625 0.2675925925925926 0.09401041666666667 0.09444444444444444
3 0.17109375 0.26990740740740743 0.08229166666666667 0.15555555555555556
0 0.5135416666666667 0.27037037037037037 0.09192708333333334 0.049074074074074076
0 0.38203125 0.027777777777777776 0.06875 0.05555555555555555
0 0.39947916666666666 0.28055555555555556 0.06328125 0.09861111111111111
0 0.44869791666666664 0.2824074074074074 0.03984375 0.075
0 0.24401041666666667 0.30185185185185187 0.08958333333333333 0.05277777777777778
0 0.03671875 0.33564814814814814 0.0734375 0.04953703703703704
0 0.5385416666666667 0.35833333333333334 0.04244791666666667 0.11990740740740741
0 0.35078125 0.36527777777777776 0.051041666666666666 0.08194444444444444
0 0.23333333333333334 0.37175925925925923 0.0890625 0.0787037037037037
0 0.14401041666666667 0.3773148148148148 0.10859375 0.0712962962962963
0 0.4640625 0.3824074074074074 0.10078125 0.09166666666666666
0 0.0359375 0.41203703703703703 0.07161458333333333 0.08703703703703704
0 0.32421875 0.42824074074074076 0.10260416666666666 0.05185185185185185
0 0.12552083333333333 0.4356481481481482 0.04479166666666667 0.06712962962962964
0 0.48151041666666666 0.4486111111111111 0.051041666666666666 0.05277777777777778
0 0.44192708333333336 0.046296296296296294 0.053125 0.09259259259259259
0 0.21276041666666667 0.4625 0.07395833333333333 0.10231481481481482
0 0.05677083333333333 0.46296296296296297 0.07213541666666666 0.1087962962962963
0 0.12317708333333334 0.5023148148148148 0.09973958333333334 0.060648148148148145
0 0.3707760416666667 0.9466666666666667 0.02760677083333315 0.03616435185185196
0 0.8026041666666667 0.5833333333333334 0.03958333333333333 0.06666666666666667