0 0.013739583333333331 0.23083333333333333 0.020822916666666677 0.057386574074074145
0 0.14092708333333334 0.28394444444444444 0.03384667968750001 0.02315567129629625
0 0.212625 0.31312962962962965 0.035409830729166696 0.03706076388888899
0 0.13254166666666667 0.322212962962963 0.044324218749999984 0.018603009259259208
0 0.24417187499999998 0.3225092592592593 0.02446777343750005 0.04445486111111102
0 0.16727604166666665 0.3285462962962963 0.030171875000000032 0.03703587962962971
0 0.19560416666666663 0.33594444444444443 0.023960937500000057 0.05741319444444447
0 0.13814583333333333 0.3423981481481482 0.02603190104166669 0.06300694444444446
0 0.12322395833333331 0.35584259259259254 0.019283203124999974 0.03609548611111109
0 0.017796875000000007 0.3604537037037037 0.0187412109375 0.06017766203703708
0 0.18407812499999998 0.3608796296296296 0.015620442708333234 0.03333912037037028
0 0.14828645833333334 0.3659351851851852 0.01614355468750001 0.04258275462962973
0 0.0390625 0.3690555555555556 0.0291627604166667 0.05741435185185179
0 0.20880729166666664 0.3879444444444445 0.03281217447916672 0.02774826388888877
0 0.10196354166666666 0.39856481481481487 0.03175130208333332 0.051849537037036986
0 0.04933854166666667 0.4243611111111111 0.024445963541666654 0.03242708333333334
0 0.013453124999999991 0.42820370370370375 0.02135253906250001 0.06760127314814823
0 0.028427083333333325 0.44159259259259254 0.013027994791666645 0.06858912037037022
0 0.17708333333333334 0.4508796296296297 0.019729166666666725 0.06106018518518513
0 0.23113541666666665 0.45226851851851857 0.039059895833333275 0.026839699074074123
0 0.06756770833333334 0.45739814814814816 0.03645247395833332 0.044436921296296235
0 0.19330729166666666 0.4632222222222222 0.015089192708333244 0.04535879629629625
0 0.13915625000000004 0.473287037037037 0.02811067708333336 0.06020601851851834
0 0.10649479166666669 0.4762962962962963 0.0171875 0.03788888888888874
0 0.1941875 0.48501851851851857 0.028168619791666672 0.055568287037036895
0 0.073140625 0.48979629629629634 0.03488020833333329 0.05368750000000007
0 0.3163854166666667 0.4905648148148148 0.02451171875 0.07313078703703708
0 0.17033854166666665 0.4995277777777778 0.01665527343750005 0.025015625000000024
0 0.21985416666666666 0.5033425925925926 0.029184244791666578 0.049136574074073965
0 0.24379687500000002 0.5075185185185185 0.026040039062500023 0.055572337962962806
0 0.3656510416666666 0.5077685185185185 0.016658854166666733 0.025936921296296222
0 0.12269791666666666 0.5211851851851852 0.026591796874999987 0.03796643518518526
0 0.26193229166666665 0.5268888888888889 0.034896484375000016 0.018552083333333434
0 0.378125 0.5370370370370371 0.021875 0.03148148148148148
0 0.20191145833333332 0.5507685185185186 0.017709635416666578 0.0758877314814815
0 0.3789427083333334 0.5740462962962963 0.015089192708333244 0.044516203703703586
0 0.34438541666666667 0.5911666666666667 0.02187565104166668 0.034274305555555676
2 0.46934375 0.3511574074074074 0.1312200520833333 0.1342789351851852