0 0.013020833333333334 0.06111111111111111 0.026041666666666668 0.02962962962962963
0 0.017296875000000003 0.07400000000000001 0.01980696614583334 0.02588368055555558
0 0.007552083333333333 0.08703703703703704 0.015104166666666667 0.02962962962962963
0 0.033062499999999995 0.10138888888888889 0.018206380208333338 0.04908043981481485
0 0.06373958333333334 0.2965740740740741 0.020822916666666677 0.057386574074074145
0 0.012739583333333337 0.30827777777777776 0.015113932291666672 0.06300694444444446
0 0.04015625 0.32293518518518516 0.027601888020833312 0.046320601851851856
0 0.19092708333333336 0.3496851851851852 0.03383919270833336 0.02316319444444446
0 0.26276041666666666 0.37453703703703706 0.0359375 0.028703703703703703
0 0.03619791666666667 0.3800925925925926 0.03802083333333333 0.017592592592592594
0 0.18255208333333334 0.38333333333333336 0.0453125 0.011111111111111112
0 0.2942708333333333 0.3773148148148148 0.025 0.023148148148148147
0 0.21744791666666666 0.3819444444444444 0.030729166666666665 0.013888888888888888
0 0.24557291666666667 0.38055555555555554 0.024479166666666666 0.016666666666666666
0 0.18828125 0.3824074074074074 0.0265625 0.012962962962962963
0 0.10668229166666669 0.8977592592592593 0.03176627604166657 0.03065046296296314
0 0.4315104166666667 0.5953703703703703 0.0234375 0.053703703703703705
0 0.5547812499999999 0.6486944444444444 0.028149088541666718 0.022239583333333396
0 0.5479583333333333 0.6854259259259259 0.0187376302083333 0.03609548611111109
0 0.5731354166666667 0.6914537037037037 0.029639973958333243 0.020314814814814865
0 0.4681354166666667 0.6999166666666666 0.020315104166666605 0.03521354166666676
0 0.53025 0.7347407407407407 0.02396386718750006 0.019471643518518586
0 0.5693958333333333 0.7428611111111111 0.0135494791666666 0.027798611111111145
0 0.5094270833333333 0.7479259259259259 0.01664257812499995 0.03612615740740752
0 0.49586979166666667 0.7484351851851851 0.010935546874999957 0.02871469907407421
0 0.446328125 0.753212962962963 0.02192447916666668 0.01944212962962958
0 0.6304895833333333 0.7576296296296297 0.021312500000000036 0.023130787037037078
0 0.5711770833333333 0.7656851851851852 0.0161497395833333 0.02223495370370377
0 0.6079166666666667 0.7670462962962963 0.028114583333333342 0.039787037037037065
0 0.4789895833333333 0.7724166666666668 0.027078450520833405 0.02128356481481475
2 0.5172916666666667 0.7733148148148148 0.0213619791666666 0.04080324074074063
0 0.45387500000000003 0.7745277777777778 0.02449869791666662 0.03805208333333338
0 0.5540208333333333 0.7759814814814814 0.02705729166666669 0.02404976851851862
0 0.6125208333333333 0.7838611111111111 0.023937174479166618 0.049027199074074
0 0.4841875 0.8045277777777777 0.015104166666666667 0.03697685185185201
0 0.5652916666666667 0.8279907407407407 0.027083007812500053 0.03425173611111105
0 0.43640104166666666 0.8506666666666667 0.02399674479166656 0.0360960648148147
0 0.45280729166666667 0.8535092592592592 0.030716145833333406 0.028720486111111162
0 0.46223437500000003 0.8761666666666666 0.016124348958333336 0.04631597222222223
0 0.5886458333333333 0.931212962962963 0.03331184895833334 0.03704745370370372