0 0.4908854166666667 0.020833333333333332 0.05677083333333333 0.041666666666666664
0 0.11640625 0.02361111111111111 0.08697916666666666 0.04722222222222222
0 0.03203125 0.028703703703703703 0.0640625 0.05740740740740741
0 0.4471354166666667 0.05925925925925926 0.043229166666666666 0.11851851851851852
0 0.30442708333333335 0.075 0.0578125 0.15
0 0.23307291666666666 0.06620370370370371 0.0765625 0.13240740740740742
0 0.12643229166666667 0.09258333333333334 0.10831380208333333 0.0963333333333333
0 0.3591979166666667 0.1106574074074074 0.04216536458333344 0.19354976851851857
0 0.4045052083333333 0.11809259259259261 0.04946712239583337 0.1833362268518519
0 0.06440104166666667 0.13410185185185183 0.08803873697916667 0.11111631944444435
0 0.48333333333333334 0.1388888888888889 0.071875 0.06851851851851852
0 0.012760416666666666 0.1388888888888889 0.025520833333333333 0.07777777777777778
0 0.27388541666666666 0.17701851851851852 0.10727734375000005 0.09257754629629629
0 0.11144270833333333 0.20578703703703705 0.04166048177083335 0.1684965277777777
0 0.49453125 0.20925925925925926 0.049479166666666664 0.06296296296296296
0 0.25880729166666666 0.28109259259259256 0.08749641927083338 0.15925636574074067
3 0.15871875 0.2852962962962963 0.0765745442708333 0.2620277777777778
0 0.47682291666666665 0.2861111111111111 0.08489583333333334 0.08333333333333333
0 0.37111979166666664 0.3029722222222222 0.05887695312500003 0.1657534722222222
0 0.41689062499999996 0.3063425925925926 0.036949218749999936 0.12587731481481482
0 0.22643749999999999 0.3388888888888889 0.08333528645833325 0.08893460648148153
0 0.03411458333333333 0.3958333333333333 0.06822916666666666 0.08425925925925926
0 0.49973958333333335 0.425462962962963 0.0390625 0.18611111111111112
0 0.3258854166666667 0.4455 0.04738932291666664 0.13794907407407397
0 0.21640625 0.45416666666666666 0.08385416666666666 0.1287037037037037
0 0.13359375 0.4615740740740741 0.1015625 0.11388888888888889
0 0.4309895833333333 0.45740740740740743 0.09427083333333333 0.12222222222222222
0 0.03333333333333333 0.4847222222222222 0.06666666666666667 0.06759259259259259
0 0.7839427083333333 0.3076481481481481 0.12917871093749997 0.1361076388888889
0 0.19140625 0.8337962962962963 0.14114583333333333 0.33055555555555555
0 0.7790729166666668 0.9458981481481482 0.013023763020833337 0.036157986111111186
0 0.785671875 0.974601851851852 0.016194661458333332 0.04546296296296309
0 0.8283854166666667 0.9921296296296296 0.027604166666666666 0.013888888888888888