0 0.07763671875 0.2197265625 0.087921142578125 0.0390625
1 0.012451171875 0.24609375 0.02490234375 0.0732421875
0 0.220703125 0.31982421875 0.07318115234375 0.0546875
0 0.03173828125 0.34814453125 0.03515625 0.095703125
0 0.11572265625 0.38525390625 0.08001708984375 0.060546875
0 0.2548828125 0.39697265625 0.037109375 0.0859375
0 0.23681640625 0.48681640625 0.0986328125 0.03521728515625
0 0.20849609375 0.53466796875 0.044921875 0.0732421875
0 0.127685546875 0.5888671875 0.07177734375 0.0810546875
0 0.307861328125 0.61474609375 0.07080078125 0.029296875
0 0.201416015625 0.60986328125 0.06689453125 0.0390625
0 0.133544921875 0.022216796875 0.05419921875 0.04443359375
0 0.093505859375 0.01806640625 0.06982421875 0.0361328125
0 0.299560546875 0.02001953125 0.03857421875 0.0400390625
0 0.2041015625 0.02001953125 0.05859375 0.0400390625
0 0.064208984375 0.035400390625 0.07763671875 0.07080078125
0 0.337890625 0.04541015625 0.0361328125 0.08795166015625
1 0.2900390625 0.08056640625 0.07525634765625 0.1005859375
0 0.0302734375 0.10693359375 0.053741455078125 0.0888671875
1 0.10205078125 0.1298828125 0.08203125 0.09466552734375
0 0.25341796875 0.130859375 0.04095458984375 0.09869384765625
0 0.5859375 0.275634765625 0.013671875 0.026123046875
2 0.65234375 0.32958984375 0.0087890625 0.025146484375
2 0.63232421875 0.334716796875 0.01123046875 0.034912109375
2 0.6689453125 0.344482421875 0.016357421875 0.02197265625
0 0.650146484375 0.357666015625 0.011962890625 0.017333984375
0 0.6376953125 0.376220703125 0.010498046875 0.024169921875
2 0.6474609375 0.377197265625 0.010009765625 0.02392578125
2 0.655029296875 0.3916015625 0.01513671875 0.0263671875
2 0.77734375 0.439697265625 0.02001953125 0.025146484375
0 0.755615234375 0.44677734375 0.017578125 0.030517578125
0 0.5546875 0.7470703125 0.0234375 0.0126953125
0 0.48193359375 0.75390625 0.029266357421875 0.017608642578125
0 0.486328125 0.83154296875 0.025390625 0.02044677734375
0 0.51513671875 0.8427734375 0.0166015625 0.01947021484375
0 0.505859375 0.85107421875 0.008819580078125 0.014617919921875
0 0.5185546875 0.85302734375 0.01953125 0.01171875
0 0.494140625 0.85498046875 0.009765625 0.028289794921875
0 0.72119140625 0.876953125 0.02740478515625 0.02337646484375
2 0.65673828125 0.89208984375 0.029266357421875 0.020477294921875
2 0.546875 0.89599609375 0.02734375 0.01953125
0 0.73876953125 0.89794921875 0.027374267578125 0.0126953125
0 0.43359375 0.908203125 0.02630615234375 0.01177978515625
0 0.630859375 0.912109375 0.015625 0.0146484375
0 0.70068359375 0.912109375 0.0263671875 0.017547607421875
0 0.57568359375 0.91845703125 0.0244140625 0.0146484375
2 0.68359375 0.919921875 0.0185546875 0.02154541015625
0 0.83154296875 0.931640625 0.039031982421875 0.037109375
0 0.6201171875 0.93359375 0.015625 0.023468017578125
0 0.39794921875 0.9541015625 0.01953125 0.0322265625
0 0.4873046875 0.97265625 0.02044677734375 0.02728271484375