2 0.8552083333333333 0.325 0.10520833333333333 0.08703703703703704
0 0.1316822916666667 0.7040833333333333 0.02860416666666666 0.03286111111111112
0 0.27753125 0.7067037037037037 0.011979166666666667 0.039953703703703686
0 0.18697916666666667 0.7141203703703703 0.02017187500000001 0.03040740740740744
0 0.227609375 0.7287685185185185 0.022244791666666687 0.0488981481481481
0 0.16110937500000003 0.7320185185185185 0.015588541666666641 0.046462962962962914
0 0.14600520833333336 0.7371111111111112 0.014541666666666645 0.03812962962962958
2 0.11699999999999999 0.8495833333333332 0.028874999999999998 0.051648148148148124
0 0.7028697916666666 0.5823425925925927 0.02619791666666667 0.024574074074074092
0 0.7009583333333335 0.6064259259259259 0.010963541666666672 0.0457962962962963
0 0.7420208333333332 0.6959166666666666 0.029875000000000006 0.026064814814814794
0 0.7111145833333334 0.7374166666666666 0.012520833333333344 0.04026851851851853
0 0.71303125 0.7745185185185185 0.016838541666666658 0.02660185185185187
0 0.6830885416666667 0.7808888888888889 0.020942708333333324 0.031212962962962998
0 0.6707395833333334 0.7926018518518518 0.013625000000000014 0.04244444444444447
0 0.7111666666666667 0.7972037037037037 0.02087499999999999 0.017527777777777732
0 0.6676197916666666 0.8163611111111111 0.010119791666666671 0.04690740740740738
2 0.7030104166666666 0.8317314814814815 0.016463541666666675 0.045953703703703754
2 0.681484375 0.8519166666666668 0.017744791666666662 0.0603055555555555
0 0.6228177083333333 0.894962962962963 0.025572916666666664 0.03868518518518516
2 0.8635729166666667 0.9393981481481481 0.017390625000000024 0.06088888888888888
0 0.5953125 0.9430555555555555 0.011458333333333333 0.05648148148148148