0 0.8870416666666666 0.5800185185185185 0.04962499999999999 0.0643611111111111
0 0.714921875 0.6423240740740741 0.05173958333333335 0.04775925925925927
0 0.6452343749999999 0.6913888888888889 0.03203645833333333 0.037601851851851865
0 0.9666979166666666 0.6983518518518519 0.04226562500000005 0.06837962962962965
0 0.681796875 0.7326851851851851 0.023838541666666657 0.05276851851851853
0 0.6021666666666667 0.7673055555555556 0.052791666666666674 0.056981481481481445
0 0.6814687500000001 0.7881759259259259 0.025307291666666683 0.0433888888888889
0 0.6874947916666667 0.8192222222222222 0.03319270833333334 0.03274074074074075
0 0.6347135416666667 0.8365462962962963 0.05398437499999999 0.05426851851851853
0 0.6860520833333333 0.8419444444444444 0.035671875000000006 0.05349074074074072
0 0.569390625 0.8512037037037037 0.05234895833333333 0.04423148148148146