0 0.7120624999999999 0.40470370370370373 0.03207812499999996 0.026685185185185232
0 0.44114583333333335 0.49953703703703706 0.026041666666666668 0.019444444444444445
0 0.5513020833333333 0.5115740740740741 0.019270833333333334 0.04351851851851852
0 0.520921875 0.545287037037037 0.01583333333333332 0.05599999999999999
0 0.5589947916666667 0.5541574074074074 0.01512499999999998 0.035259259259259254
0 0.64128125 0.5551666666666667 0.021421875000000055 0.03291666666666667
0 0.35182291666666665 0.5592592592592592 0.0036458333333333334 0.02962962962962963
2 0.6232760416666667 0.5691944444444444 0.029979166666666637 0.03151851851851851
0 0.5390625 0.579462962962963 0.034609375000000026 0.01471296296296295
0 0.5463177083333333 0.6007685185185185 0.01335416666666666 0.03516666666666667
0 0.5268958333333333 0.608462962962963 0.01573437500000002 0.05473148148148149
0 0.6180729166666666 0.6089537037037037 0.024276041666666644 0.02551851851851852
0 0.58325 0.6520185185185184 0.02720312500000001 0.04270370370370371
0 0.6402135416666667 0.785074074074074 0.03317187500000003 0.028166666666666628
0 0.45545833333333335 0.8870648148148148 0.01758854166666666 0.05251851851851854