0 0.9416666666666667 0.14722222222222223 0.00625 0.059722222222222225
0 0.978125 0.17777777777777778 0.012760416666666666 0.05555555555555555
0 0.96171875 0.2449074074074074 0.0125 0.038425925925925926
0 0.9497395833333333 0.25601851851851853 0.015104166666666667 0.0412037037037037
0 0.990625 0.26342592592592595 0.0078125 0.03611111111111111
0 0.8572916666666667 0.3458333333333333 0.01328125 0.058333333333333334
0 0.8473958333333333 0.4324074074074074 0.014583333333333334 0.05092592592592592
0 0.9606770833333333 0.45231481481481484 0.012239583333333333 0.053703703703703705
0 0.20077604166666668 0.7784722222222222 0.023052083333333327 0.03904629629629631
0 0.190359375 0.8227592592592593 0.018880208333333332 0.0442777777777778
0 0.2359375 0.8533148148148149 0.013161458333333324 0.03535185185185183
0 0.17464062499999997 0.9057685185185186 0.026098958333333342 0.036231481481481476
0 0.21883333333333332 0.9188888888888889 0.011671874999999983 0.031972222222222194
0 0.1393072916666667 0.9258333333333333 0.029057291666666662 0.03190740740740744