0 0.47595312500000003 0.10084259259259257 0.022359375000000004 0.027314814814814816
0 0.6341145833333334 0.5814814814814815 0.02890625 0.030555555555555555
0 0.9924479166666667 0.5833333333333334 0.0140625 0.03333333333333333
0 0.76640625 0.5944444444444444 0.026822916666666665 0.020370370370370372
0 0.6763020833333333 0.6222222222222222 0.014583333333333334 0.03981481481481482
0 0.9921875 0.6291666666666667 0.015364583333333333 0.05324074074074074
0 0.6135416666666667 0.6370370370370371 0.01640625 0.03148148148148148
0 0.49244791666666665 0.6717592592592593 0.019010416666666665 0.03657407407407407
0 0.7677083333333333 0.6949074074074074 0.025 0.03194444444444444
0 0.4942708333333333 0.7134259259259259 0.022395833333333334 0.04953703703703704
0 0.8822916666666667 0.7291666666666666 0.01875 0.03981481481481482
0 0.6276041666666666 0.7962962962962963 0.017447916666666667 0.04259259259259259
0 0.8716145833333333 0.799537037037037 0.027083333333333334 0.03888888888888889
0 0.6739583333333333 0.8037037037037037 0.022916666666666665 0.027777777777777776
0 0.8325520833333333 0.8208333333333333 0.026822916666666665 0.0412037037037037
0 0.6606770833333333 0.8393518518518519 0.02109375 0.03287037037037037
0 0.7958333333333333 0.8467592592592592 0.022135416666666668 0.03796296296296296
0 0.7583333333333333 0.8574074074074074 0.027864583333333335 0.032407407407407406
0 0.6440104166666667 0.8657407407407407 0.016927083333333332 0.050462962962962966
0 0.8541666666666666 0.874537037037037 0.020572916666666666 0.04814814814814815
0 0.6057291666666667 0.8930555555555556 0.01796875 0.04351851851851852
0 0.5346354166666667 0.8962962962962963 0.01328125 0.07037037037037037
0 0.7994791666666666 0.9444444444444444 0.025260416666666667 0.03981481481481482
0 0.6619791666666667 0.35 0.016145833333333335 0.020370370370370372
0 0.9947916666666666 0.3509259259259259 0.009375 0.022222222222222223
0 0.97578125 0.35324074074074074 0.018229166666666668 0.026851851851851852
2 0.5223958333333333 0.4759259259259259 0.029427083333333333 0.03935185185185185
2 0.53671875 0.49074074074074076 0.023177083333333334 0.037037037037037035
0 0.62421875 0.512962962962963 0.02421875 0.031018518518518518
0 0.56796875 0.5282407407407408 0.028645833333333332 0.044444444444444446