0 0.9635416666666666 0.2324074074074074 0.011458333333333333 0.03981481481481482
0 0.715625 0.3421296296296296 0.02421875 0.049074074074074076
0 0.95625 0.4009259259259259 0.0171875 0.05648148148148148
0 0.94296875 0.425462962962963 0.009895833333333333 0.06851851851851852
0 0.6390625 0.4287037037037037 0.0203125 0.04259259259259259
0 0.6651041666666667 0.45231481481481484 0.017708333333333333 0.03611111111111111
0 0.7005208333333334 0.475462962962963 0.028125 0.05694444444444444
0 0.953125 0.4828703703703704 0.021614583333333333 0.03148148148148148
0 0.8979166666666667 0.49583333333333335 0.018229166666666668 0.03657407407407407
0 0.8354166666666667 0.4981481481481482 0.019791666666666666 0.03148148148148148
0 0.9526041666666667 0.5013888888888889 0.01796875 0.02175925925925926
0 0.9244791666666666 0.512962962962963 0.0203125 0.029166666666666667
0 0.7848958333333333 0.5935185185185186 0.025260416666666667 0.05138888888888889
0 0.7130208333333333 0.06620370370370371 0.027604166666666666 0.04351851851851852
0 0.9169270833333333 0.11342592592592593 0.018229166666666668 0.04537037037037037
0 0.17041145833333335 0.9743333333333333 0.027260416666666683 0.0492777777777778