0 0.6198437499999999 0.10751851851851853 0.013265625 0.04344444444444446
0 0.5896302083333332 0.3189166666666667 0.024244791666666668 0.043999999999999984
0 0.9198020833333334 0.3394351851851852 0.014229166666666633 0.05726851851851854
0 0.8986197916666666 0.34730555555555553 0.021895833333333316 0.041527777777777795
0 0.8252604166666667 0.4218333333333334 0.030348958333333325 0.02947222222222226
0 0.8627604166666667 0.4401944444444444 0.02173437500000001 0.038416666666666675
0 0.5910208333333333 0.4681203703703704 0.021468749999999998 0.05537962962962958
2 0.8287291666666666 0.4756944444444444 0.03146875000000001 0.03503703703703701
0 0.890890625 0.47954629629629625 0.02797395833333335 0.03007407407407409
0 0.8683229166666666 0.48293518518518525 0.018552083333333278 0.029453703703703652
0 0.6076875 0.5082407407407408 0.019380208333333336 0.046731481481481506
0 0.8274270833333333 0.5327777777777778 0.02052604166666668 0.02728703703703706
0 0.8065104166666667 0.5412037037037037 0.0203125 0.01574074074074074
0 0.3112864583333333 0.7386203703703704 0.09990104166666663 0.17085185185185184
0 0.7965833333333333 0.6237777777777779 0.055161458333333316 0.07765740740740741
0 0.7443385416666667 0.9011574074074075 0.067125 0.05507407407407409
0 0.9776041666666667 0.5986111111111111 0.04375 0.06574074074074074