0 0.20260416666666667 0.5740740740740741 0.014583333333333334 0.02962962962962963
0 0.32803125000000005 0.6295462962962962 0.020354166666666628 0.0356388888888889
0 0.3062239583333334 0.6828425925925926 0.02227083333333333 0.01942592592592593
0 0.33203125 0.7018518518518518 0.0140625 0.022222222222222223
0 0.3137708333333334 0.7041574074074074 0.024635416666666642 0.03867592592592591
0 0.296296875 0.7802962962962964 0.024265624999999957 0.03599074074074075
0 0.31270312499999997 0.7831388888888888 0.030520833333333285 0.028972222222222215
0 0.26917708333333334 0.7900925925925926 0.028156249999999973 0.027527777777777793
0 0.32213020833333333 0.8057962962962962 0.01580208333333329 0.04661111111111114
0 0.15665104166666666 0.8235 0.017281249999999974 0.04392592592592598
0 0.06341145833333334 0.8745740740740741 0.020437500000000004 0.04791666666666667
0 0.5678750000000001 0.7403518518518519 0.031203124999999984 0.023916666666666652