0 0.846671875 0.045907407407407445 0.029421875000000004 0.03132407407407407
0 0.4723072916666667 0.0727592592592593 0.021395833333333326 0.04427777777777777
0 0.5180625 0.07923148148148153 0.02116145833333333 0.04242592592592592
0 0.5693750000000001 0.09821296296296302 0.03107291666666665 0.022972222222222224
0 0.5067708333333333 0.10639814814814812 0.013916666666666681 0.04028703703703703
0 0.7009895833333334 0.24248148148148146 0.015140624999999967 0.05410185185185183
2 0.440359375 0.27843518518518523 0.018880208333333332 0.06860185185185189
0 0.6082447916666667 0.5897500000000001 0.026526041666666642 0.041222222222222216
0 0.49042708333333335 0.597 0.020567708333333337 0.05016666666666667
0 0.5558854166666667 0.5997777777777777 0.02297916666666667 0.029796296296296303
0 0.7039114583333334 0.6392777777777778 0.021718750000000023 0.034731481481481474
0 0.5521562499999999 0.6690555555555556 0.02315625000000002 0.02947222222222221
0 0.5901875 0.6735277777777777 0.02790625000000002 0.03657407407407407
0 0.8188645833333333 0.6746111111111112 0.014432291666666685 0.055398148148148134
0 0.6658020833333335 0.681861111111111 0.023989583333333304 0.038416666666666675
0 0.5788958333333334 0.7037777777777778 0.02408333333333334 0.04150000000000002
0 0.6233489583333333 0.7062407407407407 0.019234374999999974 0.04273148148148146
0 0.7670364583333333 0.7131851851851851 0.028484375000000027 0.03624999999999998
0 0.6434895833333333 0.7298518518518519 0.011598958333333324 0.03411111111111114
0 0.7185885416666667 0.7310833333333334 0.02117187500000005 0.06093518518518516
0 0.6660625000000001 0.7318611111111111 0.015083333333333353 0.03195370370370369
0 0.6554739583333333 0.7585555555555555 0.014729166666666653 0.04179629629629628
0 0.6283802083333333 0.7653425925925926 0.022786458333333332 0.04919444444444444
0 0.6209166666666666 0.8289166666666666 0.023135416666666644 0.045481481481481484