0 0.03271484375 0.23111979166666666 0.0654296875 0.14973958333333334
0 0.35693359375 0.4602864583333333 0.073211669921875 0.0806884765625
2 0.25537109375 0.06770833333333333 0.12591552734375 0.12630208333333334
2 0.424560546875 0.5944010416666666 0.32958984375 0.14973958333333334
0 0.87109375 0.9134114583333334 0.0166015625 0.03125
2 0.89990234375 0.9264322916666666 0.0234375 0.019612630208333332
2 0.876953125 0.9361979166666666 0.0185546875 0.020833333333333332
0 0.79150390625 0.9459635416666666 0.013671875 0.024739583333333332
0 0.9033203125 0.951171875 0.017547607421875 0.029947916666666668
0 0.87939453125 0.951171875 0.022430419921875 0.014322916666666666
0 0.88720703125 0.9635416666666666 0.0126953125 0.033772786458333336
0 0.853515625 0.966796875 0.0205078125 0.0325927734375
0 0.8583984375 0.9713541666666666 0.0107421875 0.033854166666666664
0 0.81494140625 0.9778645833333334 0.030303955078125 0.015625