0 0.18697916666666667 0.22268518518518518 0.011979166666666667 0.020370370370370372
0 0.13671875 0.22916666666666666 0.023697916666666666 0.03981481481481482
0 0.18645833333333334 0.25972222222222224 0.0109375 0.017592592592592594
0 0.0703125 0.2916666666666667 0.01328125 0.025925925925925925
0 0.15833333333333333 0.3472222222222222 0.015364583333333333 0.025925925925925925
0 0.27057291666666666 0.34953703703703703 0.013802083333333333 0.05185185185185185
2 0.10807291666666667 0.34953703703703703 0.02265625 0.038425925925925926
0 0.23125 0.36157407407407405 0.0109375 0.0125
0 0.23046875 0.38842592592592595 0.016927083333333332 0.020370370370370372
0 0.20260416666666667 0.3888888888888889 0.011979166666666667 0.015277777777777777
0 0.24140625 0.39861111111111114 0.013802083333333333 0.023148148148148147
0 0.25286458333333334 0.4064814814814815 0.013802083333333333 0.014814814814814815
0 0.16770833333333332 0.4101851851851852 0.022135416666666668 0.037037037037037035
0 0.14088541666666668 0.45555555555555555 0.024739583333333332 0.020833333333333332
0 0.2825520833333333 0.46944444444444444 0.014322916666666666 0.028703703703703703
0 0.12239583333333333 0.47175925925925927 0.03307291666666667 0.024537037037037038
0 0.24010416666666667 0.4736111111111111 0.02421875 0.03425925925925926
0 0.17473958333333334 0.4773148148148148 0.028645833333333332 0.03425925925925926
0 0.2908854166666667 0.4777777777777778 0.015885416666666666 0.037037037037037035
0 0.27890625 0.5175925925925926 0.01640625 0.03981481481481482
2 0.5966145833333333 0.13148148148148148 0.06588541666666667 0.05416666666666667
2 0.55546875 0.18009259259259258 0.06328125 0.03796296296296296
0 0.42213541666666665 0.19490740740740742 0.01796875 0.025925925925925925
0 0.45208333333333334 0.2 0.015364583333333333 0.025925925925925925
0 0.5721354166666667 0.22824074074074074 0.023697916666666666 0.04351851851851852
0 0.7338541666666667 0.25972222222222224 0.03177083333333333 0.037037037037037035
0 0.5059895833333333 0.2726851851851852 0.029166666666666667 0.03148148148148148
2 0.6838541666666667 0.287962962962963 0.052083333333333336 0.049074074074074076
0 0.8174479166666667 0.31712962962962965 0.023697916666666666 0.029166666666666667
0 0.5677083333333334 0.32731481481481484 0.013020833333333334 0.02175925925925926
0 0.5125 0.33055555555555555 0.03411458333333333 0.037037037037037035
0 0.8481770833333333 0.3851851851851852 0.01875 0.037037037037037035
0 0.91796875 0.425 0.02421875 0.075
0 0.91015625 0.44166666666666665 0.025260416666666667 0.07175925925925926
0 0.9041666666666667 0.48194444444444445 0.01796875 0.06111111111111111
0 0.95859375 0.49675925925925923 0.03567708333333333 0.07268518518518519
0 0.4953125 0.05324074074074074 0.011458333333333333 0.025925925925925925
0 0.9703125 0.5550925925925926 0.054427083333333334 0.04675925925925926
0 0.23021354166666666 0.8851481481481481 0.020826171874999962 0.09259953703703708
0 0.15814583333333332 0.9315555555555555 0.06405143229166667 0.03333738425925935
0 0.2852760416666667 0.9761944444444444 0.027059244791666732 0.0314710648148149
0 0.25729166666666664 0.9888888888888889 0.05 0.020370370370370372
0 0.20859375 0.9949074074074075 0.0578125 0.008333333333333333
0 0.06946875 0.6194259259259259 0.039049804687500016 0.03144097222222222