0 0.23489583333333333 0.1763888888888889 0.015104166666666667 0.016203703703703703
0 0.17161458333333332 0.18194444444444444 0.0296875 0.03148148148148148
0 0.23411458333333332 0.20601851851851852 0.013802083333333333 0.013888888888888888
0 0.08854166666666667 0.2310185185185185 0.016666666666666666 0.020370370370370372
0 0.19869791666666667 0.275 0.019270833333333334 0.020833333333333332
0 0.33984375 0.27685185185185185 0.0171875 0.0412037037037037
2 0.13567708333333334 0.27685185185185185 0.028385416666666666 0.030555555555555555
0 0.2903645833333333 0.2865740740740741 0.013802083333333333 0.009722222222222222
0 0.28932291666666665 0.30787037037037035 0.021354166666666667 0.016203703703703703
0 0.25442708333333336 0.30833333333333335 0.015104166666666667 0.012037037037037037
0 0.3033854166666667 0.31574074074074077 0.0171875 0.018518518518518517
0 0.3177083333333333 0.32222222222222224 0.0171875 0.012037037037037037
0 0.21041666666666667 0.325 0.027604166666666666 0.029166666666666667
0 0.17708333333333334 0.3611111111111111 0.030989583333333334 0.016203703703703703
0 0.35494791666666664 0.37175925925925923 0.01796875 0.022685185185185187
0 0.15364583333333334 0.3736111111111111 0.04140625 0.019444444444444445
0 0.30182291666666666 0.37546296296296294 0.03046875 0.026851851851851852
0 0.21953125 0.37824074074074077 0.0359375 0.027314814814814816
0 0.3651041666666667 0.3787037037037037 0.020052083333333335 0.029166666666666667
0 0.3502604166666667 0.4101851851851852 0.020833333333333332 0.03148148148148148
0 0.7151875 0.3943611111111111 0.031236979166666737 0.027806134259259353
0 0.22204687500000003 0.9141203703703704 0.028122395833333393 0.032416666666666656
0 0.5519947916666667 0.7181296296296297 0.03385188802083323 0.025047453703703898