0 0.25625 0.2263888888888889 0.016666666666666666 0.020833333333333332
0 0.18723958333333332 0.23333333333333334 0.03229166666666667 0.04027777777777778
0 0.25546875 0.26435185185185184 0.015104166666666667 0.018055555555555554
0 0.09635416666666667 0.2967592592592593 0.01796875 0.02638888888888889
0 0.21692708333333333 0.35324074074074074 0.02109375 0.02638888888888889
0 0.37083333333333335 0.35555555555555557 0.01875 0.05277777777777778
2 0.14791666666666667 0.35555555555555557 0.030989583333333334 0.03888888888888889
0 0.31692708333333336 0.3675925925925926 0.015104166666666667 0.0125
0 0.31588541666666664 0.39537037037037037 0.0234375 0.020833333333333332
0 0.27786458333333336 0.3958333333333333 0.016666666666666666 0.015277777777777777
0 0.33098958333333334 0.40555555555555556 0.01875 0.02361111111111111
0 0.34661458333333334 0.41388888888888886 0.01875 0.015277777777777777
0 0.2296875 0.41759259259259257 0.030208333333333334 0.0375
0 0.19322916666666667 0.4634259259259259 0.033854166666666664 0.020833333333333332
0 0.38723958333333336 0.4777777777777778 0.01953125 0.02962962962962963
0 0.16770833333333332 0.48009259259259257 0.0453125 0.025
0 0.32916666666666666 0.48194444444444445 0.03307291666666667 0.034722222222222224
0 0.23932291666666666 0.48564814814814816 0.0390625 0.034722222222222224
0 0.3984375 0.4861111111111111 0.021875 0.0375
0 0.38229166666666664 0.5268518518518519 0.02265625 0.04027777777777778
0 0.5193541666666667 0.2985277777777777 0.032278320312500004 0.030583912037037128
0 0.380984375 0.6625648148148149 0.024503580729166665 0.03430613425925934
0 0.4044270833333333 0.6634907407407408 0.016122395833333296 0.0472690972222223
0 0.4014739583333334 0.7022222222222222 0.0255253906250001 0.034313657407407334