0 0.20286458333333332 0.19212962962962962 0.013020833333333334 0.017592592592592594
0 0.14817708333333332 0.19768518518518519 0.025520833333333333 0.03425925925925926
0 0.20234375 0.22407407407407406 0.011979166666666667 0.015277777777777777
0 0.07630208333333334 0.2513888888888889 0.014322916666666666 0.022222222222222223
0 0.17161458333333332 0.29953703703703705 0.016666666666666666 0.022685185185185187
0 0.29348958333333336 0.3013888888888889 0.01484375 0.04490740740740741
2 0.1171875 0.3013888888888889 0.024479166666666666 0.03287037037037037
0 0.25078125 0.31157407407407406 0.011979166666666667 0.010648148148148148
0 0.25 0.3351851851851852 0.018489583333333334 0.017592592592592594
0 0.21979166666666666 0.33564814814814814 0.013020833333333334 0.012962962962962963
0 0.26197916666666665 0.3435185185185185 0.01484375 0.01990740740740741
0 0.27421875 0.3509259259259259 0.01484375 0.012962962962962963
0 0.18177083333333333 0.3537037037037037 0.023958333333333335 0.03194444444444444
0 0.15286458333333333 0.39305555555555555 0.026822916666666665 0.017592592592592594
0 0.3065104166666667 0.4050925925925926 0.015364583333333333 0.025
0 0.1328125 0.40694444444444444 0.03567708333333333 0.021296296296296296
0 0.26067708333333334 0.40879629629629627 0.026302083333333334 0.02962962962962963
0 0.18958333333333333 0.4115740740740741 0.030989583333333334 0.02962962962962963
0 0.31536458333333334 0.41203703703703703 0.0171875 0.03194444444444444
0 0.3026041666666667 0.4462962962962963 0.01796875 0.03425925925925926
0 0.5724791666666665 0.38633333333333336 0.025013020833333264 0.032416087962963046
0 0.6002604166666666 0.3958981481481482 0.01929427083333337 0.025046875000000076
0 0.5453072916666667 0.42398148148148146 0.013517578125000066 0.04076793981481467
0 0.3200572916666667 0.8181203703703704 0.025497721354166693 0.03801041666666686
0 0.29921875 0.8708981481481481 0.018190104166666644 0.030571759259259403
0 0.2714375 0.8844722222222222 0.023972005208333393 0.034266782407407465
2 0.2828072916666667 0.9181111111111111 0.020857421874999935 0.05282349537037042
0 0.7132760416666667 0.5897314814814815 0.030705078125000066 0.03336168981481491