0 0.32057291666666665 0.12638888888888888 0.020572916666666666 0.011574074074074073
0 0.23411458333333332 0.13055555555555556 0.040625 0.022685185185185187
0 0.31953125 0.1476851851851852 0.01875 0.010185185185185186
0 0.12057291666666667 0.16574074074074074 0.02265625 0.014814814814814815
0 0.27109375 0.19768518518518519 0.026302083333333334 0.014814814814814815
0 0.46380208333333334 0.1986111111111111 0.0234375 0.02962962962962963
2 0.18515625 0.1986111111111111 0.038802083333333334 0.02175925925925926
0 0.3963541666666667 0.20555555555555555 0.01875 0.006944444444444444
0 0.39505208333333336 0.22083333333333333 0.029166666666666667 0.011574074074074073
0 0.34739583333333335 0.2212962962962963 0.020833333333333332 0.008796296296296297
0 0.4140625 0.2263888888888889 0.0234375 0.013425925925925926
0 0.43359375 0.2310185185185185 0.0234375 0.008333333333333333
0 0.2872395833333333 0.23333333333333334 0.037760416666666664 0.020833333333333332
0 0.24166666666666667 0.25925925925925924 0.04244791666666667 0.011574074074074073
0 0.484375 0.2671296296296296 0.024479166666666666 0.016203703703703703
0 0.20989583333333334 0.26805555555555555 0.05651041666666667 0.013888888888888888
0 0.41171875 0.26944444444444443 0.04140625 0.019444444444444445
0 0.2994791666666667 0.2712962962962963 0.04895833333333333 0.019444444444444445
0 0.4984375 0.27175925925925926 0.02734375 0.020833333333333332
0 0.478125 0.29444444444444445 0.028385416666666666 0.022685185185185187
0 0.6718177083333334 0.09973148148148152 0.019268880208333172 0.06482060185185176
0 0.07655729166666667 0.8224537037037037 0.023934244791666733 0.026861111111111103
0 0.6126614583333333 0.3948611111111111 0.015621744791666715 0.05466203703703704
0 0.7491979166666667 0.7021481481481482 0.030707031249999992 0.024930555555555515
2 0.67125 0.7074259259259259 0.019825520833333363 0.02400115740740729
2 0.6896927083333334 0.7090462962962962 0.016142578125000046 0.02965219907407404
0 0.7319843749999999 0.7090462962962962 0.022444010416666653 0.02967476851851845
0 0.7082447916666667 0.7132499999999999 0.013524739583333318 0.028699652777777796
0 0.7957656249999999 0.714574074074074 0.030729492187499947 0.016675347222222307
0 0.7138489583333334 0.7286203703703703 0.02450585937500011 0.019444444444444445
2 0.6474375 0.7353888888888889 0.022943359375000107 0.04909143518518514
0 0.684125 0.7412129629629629 0.02863281249999995 0.028690972222222156
0 0.6605885416666666 0.754962962962963 0.021375325520833263 0.03058101851851844
0 0.6874791666666666 0.7572592592592593 0.021819010416666628 0.04351967592592595
0 0.7144583333333333 0.7599074074074075 0.013528320312500005 0.04445659722222217