0 0.5558613098514034 0.1493875765529309 0.13208585580627408 0.2751531058617673
3 0.7739405613648872 0.2690288713910761 0.2911392405063291 0.24540682414698162
0 0.5429279031370391 0.3858267716535433 0.10621904237754541 0.223753280839895
0 0.6132361034672538 0.4914698162729659 0.11089708310401761 0.19553805774278216
0 0.7688497523390203 0.51334208223972 0.1369014859658778 0.15244969378827647
0 0.5235277930654926 0.5454943132108486 0.06741882223445239 0.08748906386701662
0 0.9014859658778206 0.11351706036745407 0.1964777105118327 0.22703412073490814
0 0.4206411667583929 0.8920472440944882 0.012165657677490378 0.057160979877515346
0 0.0788249862410567 0.8924584426946632 0.01694826637314255 0.056321084864391954
0 0.3957319757842597 0.8933989501312336 0.020555861309851355 0.043477690288713955
0 0.32119702806824435 0.8939720034995625 0.03458172812328015 0.020529308836395477
0 0.3737754540451293 0.8973315835520561 0.016959273527793094 0.05905511811023622
0 0.03280957622454596 0.9018503937007875 0.02812603192074848 0.04872703412073495
0 0.4730902586681343 0.9056211723534558 0.03208310401761149 0.03129483814523183
0 0.28976334617501376 0.905774278215223 0.016769400110071563 0.05088363954505684
0 0.30772702256466705 0.9396631671041119 0.027831590533846966 0.03962817147856514
0 0.1094276279581728 0.9480446194225722 0.027853604843148055 0.04903324584426943
0 0.23630159603742434 0.9564610673665793 0.028492019812878362 0.027917760279964978
0 0.06012107870115575 0.9667497812773402 0.018048981838194835 0.050944881889763795
0 0.3633874518436984 0.9695406824146982 0.03200880572372047 0.0415485564304462
0 0.03334067143643369 0.9707436570428696 0.030561364887176666 0.038797025371828546
0 0.4270776004402862 0.9772528433945756 0.015410016510731976 0.04461942257217848
0 0.45129334067143645 0.9759405074365705 0.017611447440836543 0.047244094488188976
0 0.31425426527242706 0.9879702537182852 0.025866813428728673 0.023184601924759404
0 0.27242707760044027 0.9888451443569554 0.03026967528893781 0.021434820647419073
0 0.228673637864612 0.5960192475940508 0.017611447440836543 0.01268591426071741
0 0.01802421574023115 0.5931758530183727 0.03494771601541002 0.00699912510936133
0 0.1751513483764447 0.5931758530183727 0.012933406714364337 0.00699912510936133
0 0.4232250963126032 0.5951443569553806 0.011557512383048982 0.010936132983377077
0 0.410842047330765 0.597331583552056 0.011557512383048982 0.01531058617672791
0 0.20982388552559164 0.605424321959755 0.017336268574573474 0.031496062992125984
0 0.07140891579526693 0.5986439195100612 0.02779306549257017 0.017935258092738406
0 0.4508805723720418 0.6034558180227472 0.03494771601541002 0.027559055118110236
0 0.36407264722069343 0.6010542432195976 0.015745734727572867 0.022668416447944005
0 0.39942212438084757 0.6038932633420823 0.012383048981838195 0.0284339457567804
0 0.18712162905888827 0.6067366579177603 0.01651073197578426 0.03412073490813648
0 0.1984039625756742 0.6084864391951006 0.01100715465052284 0.03762029746281715
0 0.4876169510181618 0.6067366579177603 0.003852504127682994 0.03412073490813648
0 0.21737479361585033 0.611010498687664 0.010952118877270213 0.040345581802274724
0 0.3870115575123831 0.6132633420822398 0.029931205283434226 0.0310236220472441
0 0.23185195376995046 0.6208092738407699 0.017999449642267497 0.03713910761154856
0 0.09071821684094661 0.6239938757655293 0.024840396257567413 0.0455161854768154
0 0.4195789763346175 0.6322878390201225 0.011862960924601026 0.03786964129483814
0 0.45014859658778206 0.6326246719160106 0.018048981838194866 0.04766841644794401
0 0.38787286736378646 0.6346237970253719 0.01302421574023113 0.027817147856517944
0 0.4669262520638415 0.6452668416447944 0.012278481012658198 0.059488188976377955
0 0.42349752339020363 0.6664698162729659 0.03334067143643364 0.02382327209098862
0 0.0117914144193726 0.6810717410323709 0.011898734177215192 0.018665791776028003
0 0.3830737479361585 0.6816010498687664 0.027674738580077095 0.04300524934383201
0 0.007616951018161807 0.7093613298337708 0.015016510731975782 0.030166229221347336
0 0.1967831590533847 0.71 0.027526141992294983 0.04679352580927385
0 0.480737479361585 0.7198162729658792 0.017611447440836543 0.048556430446194225
0 0.38405613648871767 0.7218416447944007 0.03372041827187671 0.03747594050743655
0 0.09643093010456795 0.723267716535433 0.018260869565217396 0.05414260717410323
0 0.48417721518987344 0.7821522309711286 0.01073197578425977 0.028871391076115485
0 0.34557787561915243 0.8161417322834645 0.012099614749587177 0.05281277340332459
0 0.37968904788112273 0.8442475940507437 0.023329664281783215 0.04541994750656165
0 0.6973940561364887 0.814265091863517 0.013192074848651638 0.015520559930008757
0 0.724642267473858 0.8222834645669291 0.009345074298293902 0.017432195975503047
2 0.712391304347826 0.8263648293963255 0.013500275178866247 0.018727034120734884
0 0.691706108970831 0.8293569553805774 0.005115575123830467 0.018162729658792644
0 0.6975316455696202 0.8311067366579177 0.006898734177215172 0.02341207349081364
0 0.6811089708310402 0.8376640419947506 0.015528343423225115 0.010704286964129495
0 0.6284067143643368 0.870761154855643 0.011703357182168401 0.017401574803149595
0 0.5187314254265272 0.950437445319335 0.009741331865712714 0.024234470691163645
2 0.6647330764997248 0.9535695538057744 0.011406164006604306 0.025542432195975545