0 0.8668125 0.0683425925925926 0.026614583333333285 0.04123148148148148
0 0.6374270833333334 0.08046296296296297 0.02929166666666667 0.025148148148148145
0 0.9409322916666667 0.09331481481481482 0.01469791666666668 0.05299074074074074
0 0.814828125 0.10962037037037035 0.02681250000000001 0.028879629629629627
0 0.6185364583333333 0.1130462962962963 0.029552083333333336 0.02681481481481481
0 0.7226979166666666 0.11343518518518518 0.03559895833333335 0.021574074074074086
0 0.9200416666666666 0.11347222222222224 0.013932291666666667 0.05511111111111111
0 0.9774999999999999 0.12331481481481482 0.024140624999999954 0.04237962962962963
0 0.7607604166666667 0.1304722222222222 0.031510416666666666 0.022240740740740724
0 0.6633125 0.13414814814814816 0.011953125000000024 0.0576574074074074
0 0.9966145833333333 0.14074074074074075 0.005729166666666666 0.022222222222222223
0 0.7168958333333334 0.15130555555555555 0.030520833333333344 0.03500925925925926
0 0.6026145833333333 0.16132407407407406 0.028614583333333332 0.02913888888888886
0 0.7698489583333334 0.16233333333333333 0.023109375 0.048518518518518496
0 0.92915625 0.1670925925925926 0.017317708333333334 0.05587037037037035
0 0.6877552083333334 0.1724074074074074 0.011354166666666643 0.05865740740740743
0 0.7405520833333334 0.17285185185185187 0.016661458333333337 0.047518518518518515
0 0.790625 0.17703703703703702 0.02329166666666668 0.04504629629629627
0 0.98984375 0.18009259259259258 0.019270833333333334 0.03981481481481482
0 0.6284375 0.1810462962962963 0.032614583333333336 0.01964814814814812
0 0.71015625 0.18338888888888888 0.019557291666666643 0.05239814814814818
0 0.9632864583333334 0.20557407407407405 0.0320677083333333 0.023416666666666686
0 0.60078125 0.006944444444444444 0.0234375 0.013888888888888888
0 0.9254114583333333 0.212712962962963 0.028067708333333385 0.0415462962962963
0 0.6144322916666667 0.21646296296296294 0.024723958333333348 0.049842592592592605
0 0.9142864583333332 0.221962962962963 0.014505208333333287 0.05334259259259261
0 0.77896875 0.22509259259259262 0.02479687499999998 0.049064814814814825
0 0.6822708333333334 0.22815740740740742 0.030697916666666696 0.029120370370370387
0 0.9837968749999999 0.24356481481481482 0.013192708333333296 0.05024999999999998
0 0.5798958333333334 0.26013888888888886 0.02780208333333333 0.04325925925925928
0 0.645578125 0.26269444444444445 0.028369791666666682 0.035379629629629664
0 0.5611302083333333 0.26793518518518517 0.02076041666666667 0.053861111111111075
0 0.8168333333333334 0.26893518518518517 0.02670312499999999 0.051212962962963016
0 0.6136770833333334 0.2733888888888889 0.028671875000000006 0.023342592592592627
0 0.8934010416666667 0.28224074074074074 0.027708333333333356 0.04311111111111116
0 0.633109375 0.2941111111111111 0.016208333333333335 0.05551851851851855
0 0.7114114583333334 0.2989537037037037 0.020552083333333353 0.042490740740740725
0 0.9396302083333334 0.29960185185185184 0.025114583333333346 0.040787037037037
0 0.60403125 0.31182407407407403 0.02421875 0.04014814814814816
0 0.525 0.3226851851851852 0.010416666666666666 0.023148148148148147
0 0.6900104166666666 0.3402777777777778 0.03015104166666666 0.024111111111111076
0 0.7377031249999999 0.36312962962962964 0.02990104166666665 0.029712962962962993
0 0.5276041666666667 0.3680555555555556 0.015625 0.030555555555555555
0 0.8700677083333334 0.3723148148148148 0.02791666666666662 0.04269444444444446
0 0.9033802083333333 0.3779166666666666 0.02163020833333332 0.045638888888888854
0 0.8161458333333333 0.010185185185185186 0.030208333333333334 0.020370370370370372
0 0.7017291666666666 0.38646296296296295 0.019609374999999988 0.05431481481481479
0 0.761453125 0.3929814814814815 0.02486458333333334 0.04529629629629626
0 0.5377083333333333 0.39419444444444446 0.028348958333333337 0.04105555555555559
0 0.7872708333333333 0.4100740740740741 0.029619791666666638 0.028027777777777763
0 0.5491145833333333 0.42226851851851854 0.011765625000000002 0.05652777777777773
0 0.8356250000000001 0.42383333333333334 0.013322916666666629 0.05954629629629624
0 0.5700520833333333 0.43425925925925923 0.0140625 0.04814814814814815
0 0.7841406249999999 0.44020370370370365 0.03029166666666668 0.019444444444444445
0 0.5328125 0.43703703703703706 0.016666666666666666 0.04259259259259259
0 0.8763020833333334 0.44212962962962965 0.030729166666666665 0.032407407407407406
0 0.9690104166666667 0.4449074074074074 0.0296875 0.026851851851851852
0 0.75234375 0.44305555555555554 0.0265625 0.030555555555555555
0 0.64140625 0.45231481481481484 0.03177083333333333 0.012037037037037037
0 0.7328125 0.4476851851851852 0.014583333333333334 0.021296296296296296
0 0.90625 0.023148148148148147 0.016666666666666666 0.046296296296296294
0 0.8884010416666667 0.030629629629629628 0.017442708333333338 0.04568518518518519
0 0.7486302083333333 0.031111111111111107 0.01810937499999999 0.05706481481481481
0 0.9554739583333334 0.03439814814814816 0.029463541666666634 0.024268518518518523
0 0.9861979166666667 0.034722222222222224 0.0265625 0.025
0 0.6462708333333332 0.039259259259259265 0.03275520833333333 0.02160185185185185
0 0.8090781249999999 0.05696296296296296 0.025729166666666713 0.02774074074074075
0 0.27708333333333335 0.6226851851851852 0.011197916666666667 0.022685185185185187
0 0.2989583333333333 0.6291666666666667 0.018229166666666668 0.008796296296296297
0 0.4080729166666667 0.6319444444444444 0.0067708333333333336 0.027777777777777776
0 0.44375 0.6328703703703704 0.016927083333333332 0.015277777777777777
0 0.31145833333333334 0.6388888888888888 0.013020833333333334 0.024074074074074074
0 0.3614583333333333 0.6393518518518518 0.011197916666666667 0.022222222222222223
0 0.12447916666666667 0.6430555555555556 0.0171875 0.0125
0 0.2520833333333333 0.6439814814814815 0.009114583333333334 0.022685185185185187
0 0.06015625 0.649537037037037 0.013541666666666667 0.012962962962962963
0 0.45260416666666664 0.6523148148148148 0.010416666666666666 0.024074074074074074
0 0.14479166666666668 0.6541666666666667 0.015885416666666666 0.012962962962962963
0 0.5091145833333334 0.663425925925926 0.01953125 0.03009259259259259
0 0.26614583333333336 0.674074074074074 0.011458333333333333 0.02638888888888889
0 0.18255208333333334 0.48194444444444445 0.015625 0.02361111111111111
0 0.128125 0.6768518518518518 0.009114583333333334 0.03518518518518519
0 0.36822916666666666 0.6787037037037037 0.010677083333333334 0.016203703703703703
0 0.3567708333333333 0.6907407407407408 0.011197916666666667 0.016203703703703703
0 0.39895833333333336 0.6935185185185185 0.016927083333333332 0.008796296296296297
0 0.27265625 0.7041666666666667 0.00859375 0.016203703703703703
0 0.48151041666666666 0.7069444444444445 0.0234375 0.01712962962962963
0 0.09635416666666667 0.7069444444444445 0.0140625 0.016203703703703703
0 0.19609375 0.7074074074074074 0.008072916666666667 0.01574074074074074
0 0.32838541666666665 0.711574074074074 0.01796875 0.016203703703703703
0 0.40963541666666664 0.7129629629629629 0.01484375 0.01990740740740741
0 0.06901041666666667 0.7152777777777778 0.01484375 0.016666666666666666
0 0.48098958333333336 0.7189814814814814 0.0140625 0.018518518518518517
0 0.3143229166666667 0.7203703703703703 0.016927083333333332 0.016203703703703703
0 0.34036458333333336 0.48657407407407405 0.009635416666666667 0.012962962962962963
0 0.3848958333333333 0.7273148148148149 0.0125 0.018518518518518517
0 0.33125 0.4875 0.009895833333333333 0.03287037037037037
0 0.41875 0.7398148148148148 0.014583333333333334 0.023148148148148147
0 0.22734375 0.7449074074074075 0.01640625 0.01990740740740741
0 0.115625 0.7467592592592592 0.018229166666666668 0.017592592592592594
0 0.17552083333333332 0.7481481481481481 0.006510416666666667 0.020833333333333332
0 0.050520833333333334 0.7509259259259259 0.009114583333333334 0.031018518518518518
0 0.026041666666666668 0.7513888888888889 0.015104166666666667 0.01990740740740741
0 0.26067708333333334 0.7518518518518519 0.008854166666666666 0.025925925925925925
0 0.3893229166666667 0.7550925925925925 0.015104166666666667 0.01898148148148148
0 0.12083333333333333 0.7625 0.015104166666666667 0.014814814814814815
0 0.15859375 0.763425925925926 0.017447916666666667 0.015277777777777777
0 0.18489583333333334 0.7671296296296296 0.01328125 0.0125
0 0.2559895833333333 0.49074074074074076 0.00625 0.010185185185185186
0 0.22708333333333333 0.7703703703703704 0.009895833333333333 0.016203703703703703
0 0.35182291666666665 0.7717592592592593 0.0049479166666666664 0.018518518518518517
0 0.3997395833333333 0.7717592592592593 0.01640625 0.02361111111111111
0 0.3380208333333333 0.7805555555555556 0.005989583333333334 0.02175925925925926
0 0.07838541666666667 0.7851851851851852 0.010677083333333334 0.027777777777777776
0 0.17916666666666667 0.7875 0.005989583333333334 0.016666666666666666
0 0.46588541666666666 0.788425925925926 0.01796875 0.016203703703703703
0 0.3494791666666667 0.7925925925925926 0.0140625 0.020833333333333332
0 0.058854166666666666 0.7930555555555555 0.01484375 0.019444444444444445
0 0.115625 0.7981481481481482 0.0171875 0.020833333333333332
0 0.38125 0.8023148148148148 0.009895833333333333 0.027314814814814816
0 0.0890625 0.8097222222222222 0.007552083333333333 0.012037037037037037
0 0.43854166666666666 0.8097222222222222 0.0203125 0.020833333333333332
0 0.20338541666666668 0.8101851851851852 0.006510416666666667 0.03935185185185185
0 0.3125 0.812037037037037 0.015104166666666667 0.02546296296296296
0 0.025260416666666667 0.8143518518518519 0.013020833333333334 0.019444444444444445
0 0.28125 0.8148148148148148 0.01953125 0.018055555555555554
0 0.002864583333333333 0.8157407407407408 0.005729166666666666 0.015277777777777777
0 0.29375 0.8194444444444444 0.01796875 0.01898148148148148
0 0.34817708333333336 0.8245370370370371 0.013802083333333333 0.016666666666666666
0 0.41640625 0.825925925925926 0.02109375 0.017592592592592594
0 0.16875 0.8268518518518518 0.01484375 0.01574074074074074
0 0.2518229166666667 0.8319444444444445 0.0078125 0.02824074074074074
0 0.05755208333333333 0.8393518518518519 0.0171875 0.013425925925925926
0 0.4869791666666667 0.8407407407407408 0.00859375 0.0125
0 0.28880208333333335 0.8527777777777777 0.008333333333333333 0.01712962962962963
0 0.3294270833333333 0.8564814814814815 0.019010416666666665 0.015277777777777777
0 0.44088541666666664 0.861574074074074 0.0140625 0.015277777777777777
0 0.27239583333333334 0.8629629629629629 0.014322916666666666 0.015277777777777777
0 0.17838541666666666 0.5013888888888889 0.01484375 0.016666666666666666
0 0.15052083333333333 0.8763888888888889 0.016666666666666666 0.017592592592592594
0 0.24635416666666668 0.8768518518518519 0.017447916666666667 0.019444444444444445
0 0.14036458333333332 0.8777777777777778 0.01328125 0.015277777777777777
0 0.08229166666666667 0.8833333333333333 0.016145833333333335 0.03009259259259259
0 0.3921875 0.8842592592592593 0.0109375 0.016203703703703703
0 0.34010416666666665 0.8861111111111111 0.019270833333333334 0.015277777777777777
0 0.43984375 0.8861111111111111 0.015885416666666666 0.024074074074074074
0 0.4557291666666667 0.8870370370370371 0.014322916666666666 0.01712962962962963
0 0.36796875 0.8870370370370371 0.013541666666666667 0.015277777777777777
0 0.11666666666666667 0.888425925925926 0.012239583333333333 0.03148148148148148
0 0.31927083333333334 0.8893518518518518 0.015885416666666666 0.016666666666666666
0 0.47760416666666666 0.8921296296296296 0.02265625 0.013888888888888888
0 0.45208333333333334 0.8925925925925926 0.01015625 0.02638888888888889
0 0.10651041666666666 0.8953703703703704 0.010677083333333334 0.027777777777777776
0 0.43203125 0.8962962962962963 0.011197916666666667 0.022222222222222223
0 0.26901041666666664 0.8986111111111111 0.011197916666666667 0.020833333333333332
0 0.2830729166666667 0.899537037037037 0.013541666666666667 0.010648148148148148
0 0.47369791666666666 0.9 0.010416666666666666 0.018518518518518517
0 0.028385416666666666 0.9069444444444444 0.01015625 0.012962962962962963
0 0.36666666666666664 0.912962962962963 0.015364583333333333 0.02824074074074074
0 0.4778645833333333 0.9208333333333333 0.00859375 0.0125
0 0.309375 0.9212962962962963 0.005989583333333334 0.014814814814814815
0 0.23020833333333332 0.924074074074074 0.01796875 0.010648148148148148
0 0.425 0.925 0.016927083333333332 0.0125
0 0.08307291666666666 0.9259259259259259 0.019270833333333334 0.01574074074074074
0 0.246875 0.9310185185185185 0.0078125 0.020833333333333332
0 0.30182291666666666 0.9324074074074075 0.00625 0.018518518518518517
0 0.34921875 0.9324074074074075 0.015885416666666666 0.023148148148148147
0 0.2265625 0.9337962962962963 0.010416666666666666 0.01574074074074074
0 0.10572916666666667 0.9356481481481481 0.008333333333333333 0.023148148148148147
0 0.13046875 0.9402777777777778 0.01640625 0.016203703703703703
0 0.27786458333333336 0.9439814814814815 0.016666666666666666 0.014351851851851852
0 0.42942708333333335 0.9439814814814815 0.0067708333333333336 0.0125
0 0.14401041666666667 0.9523148148148148 0.013541666666666667 0.015277777777777777
0 0.11145833333333334 0.5097222222222222 0.0078125 0.020833333333333332
0 0.08203125 0.961574074074074 0.01328125 0.026851851851851852
0 0.18333333333333332 0.9662037037037037 0.008854166666666666 0.015277777777777777
0 0.15260416666666668 0.9689814814814814 0.01640625 0.013888888888888888
0 0.3807291666666667 0.9699074074074074 0.00859375 0.016666666666666666
0 0.22526041666666666 0.9736111111111111 0.00859375 0.010648148148148148
0 0.31484375 0.9791666666666666 0.014583333333333334 0.013888888888888888
0 0.10885416666666667 0.9824074074074074 0.010416666666666666 0.010648148148148148
0 0.36328125 0.5125 0.009375 0.012037037037037037
0 0.28151041666666665 0.512962962962963 0.017447916666666667 0.012037037037037037
0 0.21354166666666666 0.9930555555555556 0.01171875 0.009259259259259259
0 0.12239583333333333 0.9930555555555556 0.011458333333333333 0.012037037037037037
0 0.10130208333333333 0.9949074074074075 0.008854166666666666 0.009722222222222222
0 0.49166666666666664 0.46574074074074073 0.01875 0.012962962962962963
0 0.3234375 0.4666666666666667 0.014583333333333334 0.014814814814814815
0 0.5080729166666667 0.5263888888888889 0.0171875 0.018518518518518517
0 0.21770833333333334 0.5268518518518519 0.01796875 0.012962962962962963
0 0.39348958333333334 0.5282407407407408 0.007552083333333333 0.016666666666666666
0 0.05286458333333333 0.5300925925925926 0.015104166666666667 0.011111111111111112
0 0.49375 0.5314814814814814 0.017447916666666667 0.013888888888888888
0 0.17369791666666667 0.5319444444444444 0.013802083333333333 0.024074074074074074
0 0.23932291666666666 0.5328703703703703 0.0203125 0.01574074074074074
0 0.4203125 0.5347222222222222 0.014583333333333334 0.019444444444444445
0 0.3458333333333333 0.46805555555555556 0.015625 0.017592592592592594
0 0.027604166666666666 0.5398148148148149 0.018489583333333334 0.018055555555555554
0 0.2546875 0.5412037037037037 0.0140625 0.016203703703703703
0 0.26614583333333336 0.5472222222222223 0.012760416666666666 0.016203703703703703
0 0.5114583333333333 0.5546296296296296 0.013802083333333333 0.02361111111111111
0 0.3182291666666667 0.5601851851851852 0.006510416666666667 0.014351851851851852
0 0.030729166666666665 0.5703703703703704 0.009375 0.021296296296296296
0 0.005208333333333333 0.5736111111111111 0.009895833333333333 0.012962962962962963
0 0.2908854166666667 0.5763888888888888 0.0067708333333333336 0.014351851851851852
0 0.37161458333333336 0.5828703703703704 0.011197916666666667 0.02546296296296296
0 0.3015625 0.5847222222222223 0.00859375 0.018055555555555554
0 0.4765625 0.5944444444444444 0.01875 0.014814814814814815
0 0.13984375 0.5962962962962963 0.007291666666666667 0.016666666666666666
0 0.36614583333333334 0.5967592592592592 0.011458333333333333 0.012037037037037037
0 0.3494791666666667 0.5986111111111111 0.0078125 0.014814814814814815
0 0.24479166666666666 0.6018518518518519 0.00859375 0.01898148148148148
0 0.26015625 0.6041666666666666 0.009114583333333334 0.02175925925925926