0 0.57861328125 0.10915750915750916 0.02685546875 0.041758241758241756
0 0.658203125 0.15384615384615385 0.01708984375 0.04322344322344322
2 0.60302734375 0.17509157509157508 0.0205078125 0.046153846153846156
0 0.74169921875 0.22490842490842491 0.01318359375 0.034432234432234435
0 0.744140625 0.2608058608058608 0.0146484375 0.041758241758241756
0 0.84765625 0.2695970695970696 0.017578125 0.04542124542124542
0 0.6923828125 0.29084249084249086 0.01220703125 0.041025641025641026
2 0.74853515625 0.3516483516483517 0.02392578125 0.02564102564102564
0 0.7607421875 0.35384615384615387 0.0146484375 0.024175824175824177
0 0.7138671875 0.35384615384615387 0.0185546875 0.0336996336996337
2 0.72509765625 0.3677655677655678 0.0244140625 0.02783882783882784
2 0.6875 0.3772893772893773 0.02587890625 0.02271062271062271
0 0.82373046875 0.39194139194139194 0.02099609375 0.030036630036630037
0 0.77783203125 0.3941391941391941 0.017578125 0.03882783882783883
0 0.65087890625 0.4249084249084249 0.025390625 0.023443223443223443
0 0.740234375 0.4249084249084249 0.02001953125 0.024175824175824177
0 0.68310546875 0.5223443223443224 0.0146484375 0.047619047619047616
0 0.13037109375 0.6505494505494506 0.02783203125 0.034432234432234435
2 0.06591796875 0.6732600732600733 0.02880859375 0.030036630036630037
0 0.14794921875 0.6820512820512821 0.02783203125 0.01904761904761905
0 0.0400390625 0.7032967032967034 0.015625 0.02197802197802198
0 0.10986328125 0.7032967032967034 0.0263671875 0.02564102564102564
2 0.0927734375 0.715018315018315 0.0185546875 0.03296703296703297
0 0.24072265625 0.7326007326007326 0.03857421875 0.05567765567765568
0 0.029296875 0.7355311355311356 0.015625 0.035897435897435895
0 0.679443359375 0.9058608058608059 0.16552734375 0.18681318681318682
3 0.76416015625 0.7794871794871795 0.328125 0.43956043956043955