0 0.73828125 0.3342013888888889 0.02490234375 0.03993055555555555
0 0.19287109375 0.4149305555555556 0.0224609375 0.09027777777777778
0 0.16650390625 0.4296875 0.02734375 0.09722222222222222
0 0.10302734375 0.4401041666666667 0.025390625 0.06510416666666667
0 0.20263671875 0.4973958333333333 0.041015625 0.046875
0 0.3173828125 0.5208333333333334 0.05029296875 0.0842013888888889
0 0.24853515625 0.5260416666666666 0.029296875 0.09375
0 0.423583984375 0.5460069444444444 0.05126953125 0.046875
0 0.25830078125 0.5833333333333334 0.048828125 0.027777777777777776
0 0.3046875 0.6354166666666666 0.0322265625 0.09809027777777778
0 0.18603515625 0.6380208333333334 0.03759765625 0.04079861111111111
0 0.23046875 0.640625 0.04345703125 0.06684027777777778
0 0.19482421875 0.6909722222222222 0.0234375 0.06336805555555555
0 0.22412109375 0.6970486111111112 0.02294921875 0.0642361111111111
0 0.2607421875 0.7378472222222222 0.05126953125 0.03298611111111111
0 0.23828125 0.7960069444444444 0.03125 0.0390625
0 0.28955078125 0.8515625 0.04833984375 0.06944444444444445
0 0.39208984375 0.9418402777777778 0.025390625 0.0876736111111111
0 0.50341796875 0.7873263888888888 0.0126953125 0.05295138888888889
0 0.56396484375 0.8098958333333334 0.01708984375 0.021701388888888888
0 0.50048828125 0.8133680555555556 0.02685546875 0.028645833333333332
0 0.54150390625 0.8289930555555556 0.0166015625 0.041666666666666664
0 0.466796875 0.8298611111111112 0.01416015625 0.04861111111111111
0 0.4990234375 0.8394097222222222 0.01318359375 0.04513888888888889
0 0.68212890625 0.9548611111111112 0.01953125 0.052083333333333336