0 0.5565208333333334 0.1169074074074074 0.02933333333333333 0.03778703703703704
0 0.5738854166666667 0.13650925925925927 0.022390625000000004 0.037481481481481484
0 0.506421875 0.19713888888888886 0.021906250000000002 0.02638888888888889
0 0.49019270833333334 0.21025925925925928 0.027921875000000002 0.02330555555555557
0 0.49609375 0.2489907407407407 0.029312500000000002 0.033777777777777795
0 0.59359375 0.2614907407407407 0.010765624999999994 0.02824999999999999
0 0.5287395833333333 0.2744537037037037 0.017515624999999996 0.06158333333333332
0 0.6016666666666667 0.2928055555555556 0.017885416666666685 0.05104629629629629
0 0.46796875 0.3712962962962963 0.016145833333333335 0.037037037037037035
0 0.48020833333333335 0.3837962962962963 0.015625 0.049074074074074076
0 0.8104166666666667 0.477712962962963 0.02329687500000001 0.03285185185185184
0 0.774734375 0.5496111111111112 0.033203125 0.01990740740740741
0 0.7799479166666666 0.5755370370370371 0.014723958333333323 0.03720370370370371
0 0.7439114583333333 0.5884907407407408 0.018802083333333285 0.05413888888888892
0 0.8867291666666667 0.6014537037037038 0.027958333333333366 0.04056481481481482
0 0.9278854166666667 0.7767407407407407 0.029354166666666615 0.028166666666666628