0 0.4319553072625698 0.10348525469168901 0.04223463687150838 0.0324396782841823
0 0.22167597765363128 0.17587131367292225 0.03966480446927374 0.03833780160857909
0 0.2818994413407821 0.22359249329758712 0.042569832402234636 0.03458445040214477
2 0.39687150837988827 0.23646112600536193 0.016871508379888267 0.04504021447721179
0 0.13463687150837989 0.2589812332439678 0.0311731843575419 0.034048257372654156
0 0.4145251396648045 0.2849865951742627 0.01798882681564246 0.048525469168900805
0 0.3264804469273743 0.33056300268096517 0.04 0.03351206434316354
3 0.7854748603351955 0.12332439678284182 0.42860335195530724 0.24664879356568364
0 0.1463687150837989 0.6664879356568365 0.01106145251396648 0.0386058981233244
2 0.2154189944134078 0.6911528150134049 0.011731843575418994 0.026005361930294905
0 0.20134078212290502 0.7083109919571046 0.012960893854748603 0.01903485254691689
2 0.7112849162011173 0.6991957104557641 0.015977653631284915 0.02198391420911528
2 0.7713966480446928 0.7101876675603217 0.011620111731843576 0.03806970509383378
0 0.7092737430167598 0.7278820375335121 0.007709497206703911 0.015549597855227882
0 0.6909497206703911 0.735656836461126 0.015977653631284915 0.016621983914209115
0 0.684804469273743 0.7571045576407507 0.013854748603351955 0.024396782841823058
0 0.6084916201117319 0.7731903485254692 0.015195530726256984 0.0160857908847185