0 0.7238756613756614 0.13268849206349206 0.007109788359788359 0.019593253968253968
0 0.8029100529100529 0.1875 0.008101851851851851 0.014632936507936508
0 0.748015873015873 0.1966765873015873 0.006944444444444444 0.020957341269841268
0 0.8189484126984127 0.20473710317460317 0.012896825396825396 0.008928571428571428
0 0.7711640211640212 0.21391369047619047 0.005456349206349206 0.01277281746031746
0 0.8149801587301587 0.21688988095238096 0.00496031746031746 0.016865079365079364
0 0.7958002645502645 0.22259424603174602 0.009424603174603174 0.009176587301587302
0 0.8328373015873016 0.22780257936507936 0.010912698412698412 0.013392857142857142
2 0.8063822751322751 0.2282986111111111 0.004133597883597883 0.009300595238095238
0 0.765707671957672 0.22904265873015872 0.00744047619047619 0.009672619047619048
0 0.7898478835978836 0.2316468253968254 0.0038029100529100527 0.015500992063492064
0 0.8220899470899471 0.23189484126984128 0.007936507936507936 0.009300595238095238
0 0.7944775132275133 0.23499503968253968 0.006117724867724867 0.013268849206349206
0 0.7718253968253969 0.23921130952380953 0.009755291005291005 0.01029265873015873
2 0.7827380952380952 0.23921130952380953 0.00958994708994709 0.013020833333333334
0 0.8186177248677249 0.24057539682539683 0.009424603174603174 0.009052579365079366
0 0.8095238095238095 0.2456597222222222 0.010747354497354497 0.010168650793650794
0 0.830191798941799 0.2465277777777778 0.005952380952380952 0.015873015873015872
2 0.7924933862433863 0.24739583333333334 0.01025132275132275 0.014384920634920634
0 0.7784391534391535 0.25223214285714285 0.00958994708994709 0.011160714285714286
0 0.8245701058201058 0.26165674603174605 0.007109788359788359 0.018601190476190476
0 0.7771164021164021 0.2628968253968254 0.010747354497354497 0.010540674603174604
0 0.7779431216931217 0.27306547619047616 0.008928571428571428 0.01314484126984127
0 0.8194444444444444 0.2734375 0.007109788359788359 0.011160714285714286
0 0.7863756613756614 0.2779017857142857 0.01025132275132275 0.010788690476190476
0 0.6765873015873016 0.29365079365079366 0.004298941798941799 0.018849206349206348
0 0.7483465608465608 0.3787202380952381 0.013062169312169311 0.020337301587301588
0 0.15740079365079365 0.5455853174603175 0.08900132275132273 0.09519593253968252
1 0.2336706349206349 0.5636681547619048 0.13628968253968252 0.0470386904761905
1 0.03042328042328042 0.582093253968254 0.06084656084656084 0.08432539682539683
0 0.06249669312169313 0.5822197420634921 0.06965608465608465 0.03587301587301584
0 0.40307870370370374 0.6106547619047619 0.1179629629629629 0.039218750000000024
0 0.05009920634920635 0.615203373015873 0.1001984126984127 0.04439484126984127
1 0.2674768518518518 0.6370982142857142 0.12894841269841273 0.07319444444444442
0 0.03455687830687831 0.6467013888888888 0.06911375661375661 0.041914682539682536
0 0.03042328042328042 0.6814236111111112 0.06084656084656084 0.0339781746031746
0 0.13738425925925926 0.6978199404761904 0.07158399470899472 0.10039186507936504
0 0.25314484126984127 0.708187003968254 0.10028108465608465 0.07978918650793651
0 0.5920965608465608 0.7110615079365079 0.09490740740740741 0.05505952380952381
0 0.02017195767195767 0.7212301587301587 0.04034391534391534 0.05505952380952381
0 0.3413359788359788 0.7393204365079366 0.04738756613756616 0.09576140873015876
0 0.06940806878306878 0.7401463293650794 0.109375 0.06031746031746027
0 0.4536078042328042 0.7765203373015874 0.10658730158730165 0.06103422619047623
0 0.01273148148148148 0.78125 0.02546296296296296 0.08630952380952381
0 0.05291005291005291 0.7874503968253969 0.10582010582010581 0.04017857142857143
0 0.626818783068783 0.7881944444444444 0.02546296296296296 0.08630952380952381
1 0.05638227513227513 0.8282490079365079 0.11276455026455026 0.051835317460317464
1 0.11405092592592592 0.8746230158730158 0.11971560846560846 0.09659970238095232
0 0.5942460317460317 0.8778521825396826 0.09060846560846561 0.035962301587301584
0 0.5774371693121694 0.9259027777777777 0.06021494708994714 0.07340277777777779
0 0.05279761904761904 0.9631448412698413 0.09044973544973545 0.04574404761904752
0 0.12384259259259259 0.9558531746031746 0.0625 0.08779761904761904
0 0.46875 0.9694940476190477 0.09556878306878307 0.060515873015873016
0 0.046957671957671955 0.9918154761904762 0.09391534391534391 0.015873015873015872
0 0.263723544973545 0.9807787698412699 0.10416666666666667 0.03794642857142857
0 0.5674603174603174 0.9905753968253969 0.08928571428571429 0.018353174603174604
0 0.47685185185185186 0.4226190476190476 0.07208994708994709 0.025297619047619048
0 0.5715939153439153 0.42063492063492064 0.07837301587301587 0.02132936507936508
1 0.2908399470899471 0.4303075396825397 0.05919312169312169 0.040674603174603176
0 0.384755291005291 0.4357638888888889 0.103505291005291 0.051587301587301584
0 0.03091931216931217 0.43278769841269843 0.06183862433862434 0.04563492063492063
0 0.07449735449735449 0.4417633928571429 0.10655753968253968 0.05776289682539682
0 0.14753968253968253 0.4444444444444444 0.06962962962962961 0.0617609126984127
0 0.22552910052910052 0.4625496031746032 0.08068783068783068 0.10515873015873016
0 0.13747354497354497 0.4718055555555556 0.13280423280423279 0.033891369047619045
0 0.14186507936507936 0.4911582341269841 0.07333002645502645 0.04006200396825396
0 0.33968584656084655 0.4979637896825397 0.072744708994709 0.08933531746031748
1 0.4352314814814815 0.5212326388888889 0.10952050264550266 0.09443948412698412
0 0.6245039682539683 0.5220734126984127 0.03009259259259259 0.09970238095238096
0 0.09208002645502647 0.5297346230158729 0.054589947089947105 0.057557043650793636
2 0.7706679894179894 0.7890625 0.03422619047619048 0.16889880952380953