0 0.7193124999999999 0.14905555555555555 0.024088541666666668 0.04175925925925928
0 0.9706614583333334 0.20538888888888887 0.04613020833333336 0.0525648148148148
0 0.7703385416666666 0.21302777777777776 0.0206666666666667 0.06321296296296294
0 0.843375 0.22312037037037039 0.02596354166666662 0.05563888888888892
0 0.7972083333333333 0.23749074074074075 0.027151041666666723 0.03112037037037038
0 0.6875572916666667 0.26721296296296293 0.018583333333333337 0.0326944444444445
0 0.7764583333333334 0.32128703703703704 0.028281249999999977 0.029740740740740745
0 0.8274843749999999 0.34659259259259256 0.03561458333333339 0.031740740740740715
0 0.6838541666666667 0.35 0.015625 0.037037037037037035
2 0.1818645833333333 0.7276944444444444 0.017515624999999996 0.043046296296296305
2 0.26286458333333335 0.7472870370370371 0.017359374999999993 0.05445370370370365
2 0.16336979166666665 0.7491388888888889 0.014906250000000003 0.05074999999999995
0 0.14791666666666667 0.7627222222222222 0.011838541666666676 0.040592592592592625
0 0.221625 0.7715185185185185 0.017875000000000026 0.03226851851851854
0 0.18177604166666667 0.7906574074074074 0.014953125000000018 0.016222222222222204
0 0.11249479166666668 0.7946666666666666 0.025656249999999995 0.03412037037037039
0 0.22396875 0.7974351851851852 0.02431770833333336 0.03808333333333333
2 0.12855729166666668 0.8139444444444444 0.017151041666666655 0.05073148148148145
0 0.1941875 0.8205833333333333 0.026583333333333313 0.036231481481481476
2 0.16892708333333334 0.8557592592592593 0.015656249999999972 0.058444444444444396
0 0.3669635416666666 0.8992777777777778 0.018265624999999966 0.04916666666666658