0 0.4109375 0.475 0.016666666666666666 0.03148148148148148
0 0.36641145833333333 0.6286018518518518 0.030630208333333304 0.09231481481481481
0 0.323703125 0.6425833333333334 0.02418750000000003 0.10755555555555553
0 0.034265624999999994 0.6519444444444444 0.049671875000000004 0.06724074074074074
0 0.13205729166666666 0.6802037037037038 0.04694791666666666 0.08555555555555554
0 0.07583333333333334 0.6949537037037037 0.06289583333333333 0.058351851851851835
0 0.011197916666666667 0.6958333333333333 0.022395833333333334 0.08425925925925926
0 0.3691770833333334 0.7236944444444444 0.03160937500000003 0.0996203703703704
0 0.39947916666666666 0.8907407407407407 0.03958333333333333 0.06851851851851852
0 0.4083333333333333 0.975925925925926 0.020833333333333332 0.046296296296296294
0 0.08229166666666667 0.9805555555555555 0.059375 0.037037037037037035
0 0.33564583333333337 0.5417129629629629 0.051781250000000036 0.05164814814814815
0 0.05749479166666666 0.5433703703703704 0.034468750000000006 0.09899074074074073
0 0.5416666666666666 0.46435185185185185 0.019791666666666666 0.010185185185185186
0 0.7879791666666667 0.5847407407407407 0.022208333333333385 0.031009259259259268
0 0.69346875 0.5973981481481482 0.021401041666666655 0.05013888888888888
0 0.7305104166666666 0.6100462962962964 0.024656249999999956 0.024833333333333325
0 0.7940572916666667 0.6202314814814816 0.028807291666666637 0.04396296296296298
0 0.7467135416666667 0.6342222222222222 0.01793750000000003 0.0694722222222222
0 0.8791354166666667 0.6473888888888889 0.044755208333333366 0.02174074074074076
0 0.6980937500000001 0.651712962962963 0.01399479166666661 0.0525925925925926
0 0.7724114583333334 0.6609722222222223 0.02765624999999995 0.02763888888888891
0 0.5077864583333334 0.6634351851851852 0.03607291666666666 0.0785185185185185
0 0.7166197916666666 0.7007777777777777 0.02048437499999996 0.050731481481481475
0 0.794171875 0.7653796296296297 0.018848958333333363 0.0441296296296296
0 0.8180208333333333 0.7928425925925926 0.014958333333333348 0.04268518518518521
0 0.8089375 0.8169166666666666 0.015531249999999967 0.04473148148148143
0 0.5216770833333333 0.9311944444444445 0.034677083333333324 0.07700925925925928
0 0.7570208333333334 0.5188055555555555 0.02628125000000002 0.04358333333333333