0 0.4002604166666667 0.18425925925925926 0.0578125 0.06111111111111111
0 0.10295312499999998 0.3186666666666667 0.05624414062500011 0.07128298611111103
0 0.18849999999999997 0.40703703703703703 0.06037239583333343 0.0638854166666667
2 0.3516041666666666 0.4305833333333333 0.02396907552083339 0.08328587962962965
0 0.37660937499999997 0.5207037037037037 0.02552018229166677 0.08982349537037024
2 0.756671875 0.5261296296296296 0.02239941406250002 0.056487847222222255
2 0.10442708333333334 0.5972222222222222 0.021354166666666667 0.03518518518518519
2 0.1614739583333333 0.6317037037037038 0.01351985677083339 0.026843171296296212
2 0.08194791666666669 0.6468240740740742 0.018753906249999966 0.04361111111111124
0 0.22111979166666665 0.6651851851851852 0.029666992187500085 0.03428645833333319
2 0.200109375 0.7147129629629629 0.03123990885416674 0.03150752314814819
0 0.3038541666666667 0.7549907407407407 0.024997721354166676 0.05095138888888881
0 0.624734375 0.8246203703703703 0.019246093749999933 0.051843171296296314
0 0.7238541666666667 0.9555462962962963 0.030202473958333323 0.024082175925925892
0 0.6932552083333333 0.9707962962962964 0.028098958333333358 0.021297453703703728
0 0.6794270833333333 0.9833333333333333 0.0203125 0.03148148148148148
0 0.70234375 0.9898148148148148 0.0140625 0.018518518518518517