0 0.6416614583333333 0.503212962962963 0.08880208333333334 0.09572222222222226
0 0.89375 0.6907407407407408 0.0234375 0.027777777777777776
0 0.93671875 0.7282407407407407 0.032552083333333336 0.02962962962962963
0 0.9143229166666667 0.7287037037037037 0.0234375 0.02824074074074074
0 0.9888020833333333 0.7296296296296296 0.021354166666666667 0.022222222222222223
0 0.7658854166666667 0.736574074074074 0.035416666666666666 0.037037037037037035
0 0.9239583333333333 0.7449074074074075 0.023958333333333335 0.03518518518518519
0 0.96953125 0.7481481481481481 0.036458333333333336 0.024537037037037038
0 0.9921875 0.7541666666666667 0.015364583333333333 0.023148148148148147
0 0.49453125 0.7625 0.051041666666666666 0.03518518518518519
0 0.7216145833333333 0.7712962962962963 0.033854166666666664 0.027777777777777776
0 0.91640625 0.775 0.024739583333333332 0.04722222222222222
0 0.9572916666666667 0.8032407407407407 0.018489583333333334 0.03564814814814815
0 0.6651041666666667 0.8083333333333333 0.04635416666666667 0.024074074074074074
0 0.9893229166666667 0.8134259259259259 0.0203125 0.06018518518518518
0 0.9671875 0.8231481481481482 0.0125 0.03564814814814815
0 0.84140625 0.8236111111111111 0.04921875 0.03009259259259259
0 0.6510416666666666 0.825 0.048177083333333336 0.022685185185185187
0 0.5572916666666666 0.8435185185185186 0.04791666666666667 0.027777777777777776
0 0.8666666666666667 0.8453703703703703 0.04140625 0.032407407407407406
0 0.5786458333333333 0.899074074074074 0.051041666666666666 0.03611111111111111
0 0.98203125 0.9236111111111112 0.022135416666666668 0.047685185185185185
0 0.9911458333333333 0.9296296296296296 0.016666666666666666 0.040740740740740744
0 0.63125 0.9393518518518519 0.04505208333333333 0.027314814814814816
0 0.8078125 0.9416666666666667 0.047135416666666666 0.04583333333333333
0 0.8588541666666667 0.6532407407407408 0.04635416666666667 0.03888888888888889
0 0.52265625 0.9671296296296297 0.050520833333333334 0.03194444444444444
0 0.75078125 0.9805555555555555 0.03958333333333333 0.03564814814814815
0 0.99296875 0.6648148148148149 0.013020833333333334 0.027777777777777776
0 0.7466145833333333 0.6768518518518518 0.024479166666666666 0.038425925925925926