0 0.8961666666666666 0.2881645021645021 0.08582812499999998 0.1276450216450216
2 0.68984375 0.4225108225108225 0.1609375 0.11255411255411256
0 0.8606770833333334 0.44891774891774894 0.0640625 0.05974025974025974
0 0.2950520833333333 0.5056277056277056 0.033854166666666664 0.05194805194805195
0 0.1078125 0.5082251082251082 0.03854166666666667 0.05714285714285714
0 0.015364583333333333 0.5722943722943723 0.030729166666666665 0.1038961038961039
0 0.23807812499999995 0.5762510822510822 0.05617708333333334 0.10534199134199136
0 0.042442708333333336 0.5868311688311688 0.024911458333333327 0.11880519480519483
0 0.37852604166666665 0.628995670995671 0.04950520833333331 0.10885714285714287
0 0.13408333333333336 0.6320432900432901 0.052281249999999994 0.08993939393939393
0 0.28929166666666667 0.6815844155844156 0.07634895833333331 0.06780086580086578
0 0.15356770833333336 0.6833506493506494 0.07813020833333333 0.046025974025974
0 0.39088541666666665 0.6865800865800866 0.03697916666666667 0.03463203463203463
0 0.017708333333333333 0.6904761904761905 0.035416666666666666 0.08571428571428572
0 0.1809635416666667 0.7165281385281386 0.06963020833333336 0.049194805194805215
0 0.037421875000000014 0.7269610389610389 0.05578645833333334 0.0473160173160173
0 0.09086458333333335 0.7431515151515152 0.041489583333333316 0.08996536796536794
0 0.15472395833333336 0.7732900432900432 0.07118229166666665 0.07971428571428565
0 0.020572916666666666 0.8220779220779221 0.04114583333333333 0.05974025974025974
0 0.49760937499999996 0.8994632034632035 0.03234375000000001 0.05058874458874459
0 0.656921875 0.9176450216450217 0.02908854166666668 0.0453939393939394
0 0.92059375 0.9225541125541125 0.04080729166666662 0.03788744588744588
0 0.6281822916666667 0.9456450216450216 0.039854166666666656 0.06831168831168834