1 0.6481770833333333 0.37824074074074077 0.07552083333333333 0.12407407407407407
0 0.02211458333333335 0.867824074074074 0.0209375 0.049240740740740724
2 0.15594270833333332 0.9619907407407408 0.016427083333333314 0.0375185185185185
0 0.18665625 0.9763796296296297 0.024385416666666694 0.02199074074074074
0 0.17000520833333332 0.9803425925925926 0.013843750000000021 0.037620370370370367
2 0.1484375 0.9879629629629629 0.016666666666666666 0.022222222222222223
0 0.00625 0.9828703703703704 0.0125 0.032407407407407406
0 0.6635416666666667 0.6564814814814814 0.017708333333333333 0.012962962962962963
0 0.5997395833333333 0.6597222222222222 0.027604166666666666 0.019444444444444445
0 0.640625 0.6708333333333333 0.017708333333333333 0.041666666666666664
0 0.5661458333333333 0.6726851851851852 0.014583333333333334 0.04537037037037037
0 0.47446354166666665 0.6787685185185186 0.024369791666666647 0.04518518518518518
0 0.5981822916666667 0.6807777777777778 0.013390625000000019 0.04523148148148148
0 0.507890625 0.6962037037037037 0.016895833333333363 0.05968518518518517
0 0.5151822916666666 0.7005277777777779 0.025223958333333366 0.0312962962962963
0 0.781546875 0.7961851851851852 0.02000000000000005 0.052250000000000005