2 0.8056640625 0.19973958333333333 0.101953125 0.08359375
2 0.07359765624999999 0.749453125 0.012320312500000008 0.021104166666666656
0 0.22208984375 0.7555052083333335 0.019382812499999957 0.012406249999999968
0 0.0966328125 0.757546875 0.01828906250000001 0.012369791666666666
0 0.08414453124999999 0.7597760416666667 0.010382812499999994 0.02116145833333339
2 0.06795312500000002 0.7670052083333334 0.012410156249999993 0.017854166666666654
0 0.19800000000000004 0.7711302083333335 0.02069140625000001 0.01865104166666664
2 0.09324609375000001 0.78096875 0.01259765625 0.02387499999999996
0 0.06551171875000002 0.78103125 0.018484374999999997 0.011473958333333319
0 0.11361328125 0.7883177083333334 0.022281249999999985 0.02385416666666664
0 0.05991015625 0.79571875 0.02047265624999999 0.014609374999999977
0 0.023625000000000007 0.814703125 0.022570312500000002 0.020374999999999942
0 0.13301953125 0.8433437500000001 0.01028125000000002 0.02557291666666662
0 0.5973828125 0.7154218750000001 0.14168750000000002 0.14913541666666663
0 0.50234375 0.7276041666666667 0.025 0.084375
0 0.9602812499999999 0.9448541666666667 0.07321093750000003 0.08021874999999999
0 0.5404296875 0.9666666666666667 0.075390625 0.065625
2 0.85892578125 0.5523958333333333 0.12570703125 0.12690104166666666