0 0.7407187499999999 0.4023241590214067 0.01334895833333339 0.032996941896024486
2 0.7897708333333334 0.4270412844036698 0.024994791666666672 0.03043577981651372
2 0.7048645833333335 0.43239296636085633 0.016984374999999947 0.02584862385321097
2 0.63071875 0.44870030581039755 0.01811458333333332 0.04011467889908259
0 0.736984375 0.451888379204893 0.011088541666666648 0.04189602446483177
0 0.8707708333333334 0.46730122324159024 0.03071354166666668 0.022270642201834945
0 0.9038541666666667 0.47494648318042815 0.026072916666666637 0.034503058103975616
0 0.938921875 0.5478211009174312 0.032260416666666694 0.02633027522935784
0 0.6951406250000001 0.6640137614678899 0.014895833333333285 0.04872324159021408
0 0.14350520833333333 0.8294571865443424 0.17534375000000005 0.14282874617737001
0 0.6640625 0.7477064220183486 0.014583333333333334 0.016819571865443424
0 0.7385416666666667 0.746177370030581 0.028125 0.013761467889908258
0 0.4739583333333333 0.7576452599388379 0.036458333333333336 0.03669724770642202
0 0.6827656249999999 0.7743425076452599 0.02048437499999996 0.04188837920489296
0 0.7603177083333333 0.8276834862385322 0.018848958333333363 0.036437308868501515
0 0.7841666666666666 0.8503593272171254 0.014958333333333348 0.03524464831804282
0 0.7750833333333332 0.8702370030581039 0.015531249999999967 0.03693425076452599
0 0.48782291666666666 0.9645948012232416 0.03467708333333334 0.06358562691131497