0 0.8808072916666667 0.1390648148148148 0.014682291666666696 0.06742592592592592
0 0.8633281250000001 0.15336111111111111 0.018416666666666644 0.06515740740740741
0 0.8209010416666668 0.15994444444444444 0.017135416666666656 0.04375925925925925
0 0.8872916666666666 0.19841666666666666 0.02745312500000002 0.03181481481481483
0 0.96375 0.21374074074074073 0.03384375000000001 0.05629629629629628
0 0.9180833333333334 0.2175462962962963 0.019593749999999945 0.06266666666666665
0 0.9245625 0.25550925925925927 0.03272916666666662 0.018842592592592612
0 0.9552395833333333 0.29007407407407404 0.02168750000000005 0.06574074074074074
0 0.8761197916666668 0.2919259259259259 0.02525000000000001 0.027472222222222183
0 0.9058697916666667 0.2938796296296296 0.02919791666666664 0.04495370370370366
0 0.8820833333333333 0.3272037037037037 0.015645833333333314 0.042481481481481474
0 0.9017031249999999 0.33132407407407405 0.01530208333333339 0.04329629629629629
0 0.9261874999999999 0.35837962962962966 0.0344114583333333 0.022101851851851855
0 0.911015625 0.39746296296296296 0.020927083333333367 0.026203703703703663
0 0.35420833333333335 0.5694259259259259 0.024088541666666668 0.04175925925925928
0 0.5908854166666667 0.6259259259259259 0.0171875 0.053703703703703705
0 0.405234375 0.6333981481481481 0.0206666666666667 0.06321296296296294
0 0.4782708333333333 0.6434907407407408 0.02596354166666662 0.05563888888888892
0 0.4321041666666667 0.6578611111111111 0.027151041666666723 0.03112037037037038
0 0.322453125 0.6875833333333332 0.018583333333333365 0.032694444444444394
0 0.41135416666666663 0.7416574074074074 0.028281249999999977 0.029740740740740745
0 0.4623802083333333 0.766962962962963 0.03561458333333339 0.031740740740740715
0 0.31878645833333336 0.7731666666666667 0.014796875000000043 0.042472222222222224
0 0.4318385416666667 0.8392962962962963 0.028989583333333378 0.04350000000000002
0 0.52496875 0.9173703703703704 0.03412499999999999 0.03550925925925918
0 0.7275989583333333 0.6903518518518519 0.024609375 0.03872222222222227