0 0.23948958333333337 0.555324074074074 0.028604166666666646 0.024222222222222218
0 0.98671875 0.6050925925925926 0.026302083333333334 0.10462962962962963
0 0.87109375 0.6092592592592593 0.05182291666666667 0.11064814814814815
0 0.6505208333333333 0.6166666666666667 0.021875 0.052314814814814814
0 0.8122395833333333 0.6189814814814815 0.0578125 0.11527777777777778
0 0.95234375 0.6402777777777777 0.054427083333333334 0.12546296296296297
0 0.9033854166666667 0.6560185185185186 0.0625 0.11712962962962963
0 0.9901041666666667 0.6777777777777778 0.01953125 0.05
0 0.7307291666666667 0.6847222222222222 0.07994791666666666 0.07962962962962963
0 0.6515625 0.5018518518518519 0.023958333333333335 0.044444444444444446
0 0.84375 0.5027777777777778 0.07083333333333333 0.046296296296296294
0 0.69765625 0.7268518518518519 0.059895833333333336 0.10231481481481482
0 0.9830729166666666 0.7439814814814815 0.0328125 0.0712962962962963
3 0.7817708333333333 0.7578703703703704 0.10442708333333334 0.15138888888888888
0 0.9557291666666666 0.7685185185185185 0.07317708333333334 0.09027777777777778
0 0.6442708333333333 0.7717592592592593 0.009114583333333334 0.1125
0 0.9315104166666667 0.8162037037037037 0.08541666666666667 0.09305555555555556
0 0.86796875 0.825925925925926 0.058854166666666666 0.13333333333333333
0 0.6942708333333333 0.8291666666666667 0.07864583333333333 0.06851851851851852
0 0.7940104166666667 0.5185185185185185 0.0640625 0.07777777777777778
0 0.9708333333333333 0.5212962962962963 0.0421875 0.08333333333333333
0 0.68671875 0.8921296296296296 0.0796875 0.06851851851851852
0 0.8296875 0.8962962962962963 0.04401041666666667 0.15787037037037038
0 0.9549479166666667 0.899074074074074 0.07161458333333333 0.12824074074074074
0 0.7546875 0.9254629629629629 0.04114583333333333 0.1375
0 0.7947916666666667 0.9337962962962963 0.04739583333333333 0.10787037037037037
0 0.88359375 0.9412037037037037 0.06380208333333333 0.10092592592592593
0 0.6729166666666667 0.9648148148148148 0.06666666666666667 0.0699074074074074
0 0.990625 0.9731481481481481 0.017708333333333333 0.05185185185185185
0 0.7166666666666667 0.986574074074074 0.029166666666666667 0.025
0 0.9338541666666667 0.9912037037037037 0.035416666666666666 0.01712962962962963
0 0.9166666666666666 0.5444444444444444 0.06927083333333334 0.05092592592592592
0 0.903125 0.4875 0.0453125 0.01574074074074074
0 0.6859375 0.5592592592592592 0.07473958333333333 0.07731481481481481