0 0.4270833333333333 0.11851851851851852 0.05390625 0.10462962962962963
0 0.18177083333333333 0.16203703703703703 0.05963541666666667 0.11064814814814815
3 0.29244791666666664 0.18564814814814815 0.1640625 0.06851851851851852
0 0.04609375 0.019444444444444445 0.0921875 0.03888888888888889
0 0.030989583333333334 0.23472222222222222 0.06171875 0.10925925925925926
0 0.1125 0.23703703703703705 0.04609375 0.11157407407407408
0 0.32421875 0.23935185185185184 0.09322916666666667 0.050462962962962966
0 0.39140625 0.24953703703703703 0.06302083333333333 0.08842592592592592
0 0.19296875 0.2513888888888889 0.09557291666666666 0.04814814814814815
0 0.33671875 0.029166666666666667 0.04635416666666667 0.058333333333333334
0 0.428125 0.029166666666666667 0.05 0.058333333333333334
0 0.24036458333333333 0.29074074074074074 0.07421875 0.10833333333333334
0 0.09244791666666667 0.32731481481481484 0.05286458333333333 0.10601851851851851
0 0.37421875 0.03287037037037037 0.032552083333333336 0.06574074074074074
0 0.15234375 0.34814814814814815 0.054947916666666666 0.10138888888888889
0 0.43125 0.3574074074074074 0.0765625 0.07037037037037037
0 0.17057291666666666 0.049074074074074076 0.08489583333333334 0.09814814814814815
0 0.29401041666666666 0.04953703703703704 0.04609375 0.09861111111111111
0 0.22838541666666667 0.06018518518518518 0.03697916666666667 0.11296296296296296
2 0.81640625 0.0824074074074074 0.0796875 0.1648148148148148
0 0.003125 0.5680555555555555 0.00625 0.030555555555555555
0 0.10063020833333335 0.613638888888889 0.02290657552083341 0.03334085648148154
0 0.6291458333333334 0.8724351851851851 0.03231803385416659 0.030563078703703762