0 0.5 0.12129629629629629 0.06302083333333333 0.10694444444444444
0 0.21276041666666667 0.16574074074074074 0.06979166666666667 0.11296296296296296
3 0.3424479166666667 0.19027777777777777 0.1921875 0.0699074074074074
0 0.05390625 0.01990740740740741 0.1078125 0.03981481481481482
0 0.03697916666666667 0.24027777777777778 0.07395833333333333 0.11574074074074074
0 0.13177083333333334 0.24259259259259258 0.05390625 0.11435185185185186
0 0.37942708333333336 0.2449074074074074 0.109375 0.05185185185185185
0 0.45807291666666666 0.2550925925925926 0.07369791666666667 0.09027777777777778
0 0.22578125 0.2569444444444444 0.11197916666666667 0.049074074074074076
0 0.39401041666666664 0.02962962962962963 0.05390625 0.0587962962962963
0 0.5013020833333334 0.02962962962962963 0.0578125 0.0587962962962963
0 0.28151041666666665 0.2972222222222222 0.08671875 0.11064814814814815
0 0.10833333333333334 0.3347222222222222 0.06171875 0.10833333333333334
0 0.43802083333333336 0.033796296296296297 0.03802083333333333 0.06759259259259259
0 0.17838541666666666 0.35648148148148145 0.06458333333333334 0.1037037037037037
0 0.5049479166666667 0.36574074074074076 0.08958333333333333 0.07222222222222222
0 0.19921875 0.05 0.09869791666666666 0.1
0 0.34401041666666665 0.050462962962962966 0.05390625 0.10092592592592593
0 0.2674479166666667 0.06157407407407407 0.04348958333333333 0.11574074074074074
0 0.050255208333333336 0.6323240740740741 0.0327884114583334 0.0259542824074075
0 0.57265625 0.5814814814814815 0.0453125 0.24074074074074073
0 0.689015625 0.5841296296296297 0.19166666666666668 0.15005787037037038
1 0.7965572916666666 0.6753703703703704 0.22033300781250004 0.16942997685185185
0 0.58515625 0.8912037037037037 0.0703125 0.10462962962962963
0 0.7088541666666667 0.9254629629629629 0.159375 0.14722222222222223
0 0.9106770833333333 0.9189814814814815 0.17760416666666667 0.16018518518518518
0 0.81015625 0.9694444444444444 0.06822916666666666 0.05925925925925926
0 0.5950520833333334 0.9726851851851852 0.09010416666666667 0.05277777777777778
1 0.7109375 0.4675925925925926 0.06979166666666667 0.11666666666666667
0 0.6145833333333334 0.47962962962962963 0.06458333333333334 0.14074074074074075