0 0.5546875 0.12129629629629629 0.06979166666666667 0.10694444444444444
0 0.2359375 0.16574074074074074 0.07734375 0.11296296296296296
3 0.3796875 0.19027777777777777 0.21302083333333333 0.0699074074074074
0 0.059895833333333336 0.01990740740740741 0.11953125 0.03981481481481482
0 0.040364583333333336 0.23981481481481481 0.08020833333333334 0.11203703703703703
0 0.14609375 0.24259259259259258 0.059895833333333336 0.11435185185185186
0 0.42083333333333334 0.2449074074074074 0.12109375 0.05185185185185185
0 0.5080729166666667 0.2550925925925926 0.08177083333333333 0.09027777777777778
0 0.25026041666666665 0.2569444444444444 0.12395833333333334 0.04953703703703704
0 0.43697916666666664 0.02962962962962963 0.059895833333333336 0.0587962962962963
0 0.5559895833333334 0.02962962962962963 0.06432291666666666 0.0587962962962963
0 0.31197916666666664 0.2972222222222222 0.09635416666666667 0.11064814814814815
0 0.12005208333333334 0.3347222222222222 0.06848958333333334 0.10833333333333334
0 0.4856770833333333 0.033796296296296297 0.0421875 0.06759259259259259
0 0.19765625 0.35648148148148145 0.07161458333333333 0.1037037037037037
0 0.5598958333333334 0.36574074074074076 0.09921875 0.07222222222222222
0 0.22109375 0.05 0.109375 0.1
0 0.3815104166666667 0.050462962962962966 0.059895833333333336 0.10092592592592593
0 0.29661458333333335 0.06157407407407407 0.048177083333333336 0.11574074074074074
0 0.6313385416666667 0.30024074074074075 0.023983072916666615 0.04349652777777772
0 0.703921875 0.3477685185185184 0.019249348958333398 0.0629716435185186
2 0.9453125 0.38564814814814813 0.023958333333333335 0.04537037037037037
0 0.3508645833333333 0.6088703703703704 0.030702473958333223 0.025094907407407583
0 0.9099791666666666 0.8528518518518519 0.015598958333333357 0.03694097222222223