0 0.3997395833333333 0.10925925925925926 0.05026041666666667 0.09675925925925925
0 0.17005208333333333 0.14953703703703702 0.05572916666666667 0.10231481481481482
3 0.27369791666666665 0.17175925925925925 0.15338541666666666 0.06296296296296296
0 0.043229166666666666 0.018055555555555554 0.08619791666666667 0.03564814814814815
0 0.029166666666666667 0.21666666666666667 0.0578125 0.10092592592592593
0 0.10520833333333333 0.21898148148148147 0.043229166666666666 0.10324074074074074
0 0.3033854166666667 0.22083333333333333 0.08723958333333333 0.04675925925925926
0 0.36614583333333334 0.2300925925925926 0.058854166666666666 0.08148148148148149
0 0.18046875 0.23194444444444445 0.08932291666666667 0.044444444444444446
0 0.31484375 0.026851851851851852 0.043229166666666666 0.05324074074074074
0 0.40078125 0.026851851851851852 0.04635416666666667 0.05324074074074074
0 0.225 0.26851851851851855 0.06927083333333334 0.1
0 0.08645833333333333 0.3023148148148148 0.049479166666666664 0.09768518518518518
0 0.35 0.030555555555555555 0.03046875 0.060648148148148145
0 0.1421875 0.32222222222222224 0.051041666666666666 0.09259259259259259
0 0.4036458333333333 0.3300925925925926 0.07161458333333333 0.06527777777777778
0 0.159375 0.04537037037037037 0.07916666666666666 0.09074074074074075
0 0.275 0.04583333333333333 0.043229166666666666 0.0912037037037037
0 0.21380208333333334 0.05555555555555555 0.03463541666666667 0.10416666666666667
0 0.5623124999999999 0.13139814814814813 0.029716145833333367 0.020425925925926087
0 0.6659739583333334 0.1546944444444445 0.02658723958333328 0.046388888888889014
0 0.94909375 0.2088518518518518 0.021861979166666618 0.034350694444444545
0 0.10424999999999998 0.7151944444444445 0.03226497395833323 0.030612268518518494