0 0.57265625 0.21296296296296297 0.07213541666666666 0.1884259259259259
0 0.24375 0.2916666666666667 0.07994791666666666 0.19907407407407407
3 0.3921875 0.33425925925925926 0.21979166666666666 0.12314814814814815
0 0.06197916666666667 0.03518518518518519 0.12395833333333334 0.07037037037037037
0 0.0421875 0.4222222222222222 0.084375 0.20092592592592592
0 0.15078125 0.42592592592592593 0.06171875 0.20092592592592592
0 0.43463541666666666 0.4305555555555556 0.125 0.0912037037037037
0 0.5244791666666667 0.4486111111111111 0.084375 0.1587962962962963
0 0.25859375 0.45185185185185184 0.128125 0.08657407407407407
0 0.4513020833333333 0.05185185185185185 0.06171875 0.1037037037037037
0 0.5739583333333333 0.05185185185185185 0.06640625 0.1037037037037037
0 0.3221354166666667 0.5226851851851851 0.09947916666666666 0.19490740740740742
0 0.12395833333333334 0.5888888888888889 0.07083333333333333 0.19027777777777777
0 0.5015625 0.05925925925925926 0.04375 0.11851851851851852
0 0.20364583333333333 0.6282407407407408 0.07239583333333334 0.18194444444444444
0 0.578125 0.6430555555555556 0.10260416666666666 0.12685185185185185
0 0.228125 0.08796296296296297 0.11302083333333333 0.17546296296296296
0 0.39401041666666664 0.08888888888888889 0.06171875 0.17777777777777778
0 0.30625 0.10833333333333334 0.04973958333333333 0.20324074074074075
0 0.9942708333333333 0.3763888888888889 0.010416666666666666 0.026851851851851852
0 0.3348125 0.7579444444444445 0.014061197916666757 0.04541782407407427
0 0.3783958333333333 0.7954444444444445 0.02235156249999998 0.029534722222222046
0 0.15735416666666666 0.7980648148148148 0.030240234374999987 0.029685185185185346
0 0.32421875 0.7989907407407407 0.013067708333333409 0.04253587962962965
2 0.29444270833333336 0.8031481481481482 0.021870442708333233 0.04912847222222215
0 0.24556250000000002 0.8063888888888888 0.022420898437500014 0.05002719907407393
0 0.3063333333333333 0.8455833333333334 0.01356770833333331 0.03242245370370382
0 0.2985208333333333 0.8927962962962963 0.022943359375000107 0.03427314814814803
2 0.19590104166666666 0.9375462962962963 0.021890299479166587 0.05282233796296299