0 0.0449375 0.10334259259259261 0.048419921875 0.11570081018518516
0 0.08946875000000001 0.11250925925925925 0.06092187500000001 0.08058449074074074
0 0.396875 0.0032407407407407406 0.06458333333333334 0.006481481481481481
0 0.17027083333333334 0.1460925925925926 0.0666549479166667 0.07502141203703704
0 0.1625 0.006944444444444444 0.022916666666666665 0.013888888888888888
0 0.41640625 0.1597222222222222 0.025520833333333333 0.05092592592592592
0 0.26371875 0.18422222222222223 0.03593131510416671 0.11667129629629634
0 0.07552604166666667 0.20909259259259258 0.05211197916666667 0.09906597222222226
0 0.02890625 0.2604722222222222 0.049492187499999986 0.10370138888888894
0 0.0036458333333333334 0.28888888888888886 0.007291666666666667 0.07222222222222222
0 0.23747395833333332 0.31321296296296297 0.036485026041666715 0.12314120370370377
0 0.30703125 0.022685185185185187 0.05677083333333333 0.04537037037037037
0 0.3458333333333333 0.028703703703703703 0.028125 0.05740740740740741
0 0.09166666666666666 0.032407407407407406 0.03229166666666667 0.06481481481481481
0 0.07905729166666665 0.4414814814814815 0.06666601562499999 0.04535995370370379
0 0.0421875 0.03564814814814815 0.06458333333333334 0.0712962962962963
0 0.005729166666666666 0.050462962962962966 0.011458333333333333 0.10092592592592593
0 0.4119791666666667 0.05092592592592592 0.034375 0.05
0 0.19947916666666668 0.05740740740740741 0.025 0.11481481481481481
0 0.30841145833333333 0.05631481481481481 0.060400390625 0.09263773148148147
2 0.6065104166666667 0.012962962962962963 0.024479166666666666 0.025925925925925925
0 0.5585677083333334 0.11847222222222221 0.03075585937499999 0.03892187499999998
0 0.5431145833333333 0.2224722222222222 0.026572916666666658 0.03983912037037037
0 0.43776041666666665 0.3972222222222222 0.016145833333333335 0.04814814814814815
0 0.7323125 0.40938888888888886 0.01976920572916659 0.03797916666666681
0 0.7126666666666668 0.40987037037037033 0.019257161458333272 0.05274074074074057
0 0.7689270833333334 0.42690740740740735 0.02812011718750007 0.024122685185185195
0 0.7161562499999999 0.446537037037037 0.020834309895833295 0.0240711805555556
0 0.6888906250000001 0.45057407407407407 0.025486328124999957 0.03702083333333319
0 0.8157291666666667 0.48787037037037034 0.024979166666666684 0.025980324074074
0 0.6385416666666667 0.5013888888888889 0.035416666666666666 0.013888888888888888
0 0.58046875 0.4976851851851852 0.015104166666666667 0.021296296296296296
2 0.06233333333333331 0.7028518518518518 0.028634114583333432 0.018565972222222418
2 0.03671875 0.728462962962963 0.013067708333333409 0.05186805555555549
0 0.2536822916666666 0.8481944444444444 0.02606119791666662 0.05004513888888882
2 0.6416666666666667 0.7912037037037037 0.10729166666666666 0.13564814814814816