0 0.013802083333333333 0.13194444444444445 0.02734375 0.09722222222222222
0 0.10598958333333333 0.15925925925925927 0.07083333333333333 0.1425925925925926
0 0.17109375 0.17083333333333334 0.0890625 0.09953703703703703
0 0.62109375 0.019444444444444445 0.09583333333333334 0.03888888888888889
0 0.2890625 0.21203703703703702 0.09739583333333333 0.09259259259259259
0 0.27786458333333336 0.024074074074074074 0.03359375 0.04814814814814815
0 0.6497395833333334 0.22870370370370371 0.038802083333333334 0.06157407407407407
0 0.023177083333333334 0.24583333333333332 0.04635416666666667 0.13240740740740742
0 0.42578125 0.25925925925925924 0.05260416666666667 0.1439814814814815
0 0.15078125 0.2898148148148148 0.07630208333333334 0.12222222222222222
0 0.08255208333333333 0.35324074074074074 0.07239583333333334 0.12777777777777777
0 0.025260416666666667 0.3875 0.050520833333333334 0.08796296296296297
0 0.3875 0.4185185185185185 0.053385416666666664 0.15185185185185185
0 0.48880208333333336 0.04351851851851852 0.08229166666666667 0.08703703703703704
0 0.01875 0.46620370370370373 0.03723958333333333 0.08009259259259259
0 0.54609375 0.05092592592592592 0.040364583333333336 0.10185185185185185
0 0.17395833333333333 0.05555555555555555 0.04635416666666667 0.11064814814814815
0 0.15598958333333332 0.5768518518518518 0.09739583333333333 0.056018518518518516
0 0.0140625 0.6226851851851852 0.028125 0.0763888888888889
0 0.10234375 0.0712962962962963 0.09348958333333333 0.09722222222222222
0 0.029166666666666667 0.08657407407407407 0.0546875 0.13842592592592592
0 0.6432291666666666 0.09490740740740741 0.05182291666666667 0.05925925925925926
0 0.33229166666666665 0.0962962962962963 0.0359375 0.15416666666666667
0 0.49114583333333334 0.10138888888888889 0.08828125 0.11435185185185186
0 0.6736979166666667 0.4791666666666667 0.0078125 0.049074074074074076
2 0.41692708333333334 0.6787037037037037 0.03177083333333333 0.018518518518518517
0 0.5205208333333334 0.7123981481481482 0.024995442708333353 0.05097685185185191
0 0.12792708333333333 0.7329166666666667 0.024495117187500037 0.05652604166666669
0 0.8580729166666666 0.674074074074074 0.021354166666666667 0.009259259259259259
2 0.8299479166666667 0.6777777777777778 0.0140625 0.016666666666666666
0 0.7856666666666666 0.7579166666666666 0.012971354166666652 0.05101504629629635
0 0.7534583333333332 0.823037037037037 0.016117187499999967 0.03708564814814816