0 0.02578125 0.0375 0.0515625 0.075
0 0.326171875 0.08402777777777778 0.05546875 0.16805555555555557
0 0.08889843749999997 0.2677777777777778 0.09999902343749997 0.06803993055555568
2 0.7468281250000001 0.20323611111111112 0.08828710937500003 0.11526736111111112
0 0.4911796875 0.5266388888888889 0.054648437500000036 0.049907986111111156
0 0.580078125 0.5291666666666667 0.01796875 0.044444444444444446
0 0.54734375 0.6111944444444445 0.02420507812499988 0.09171527777777773
0 0.50975 0.6303333333333333 0.03824169921875011 0.04995225694444435
0 0.518609375 0.6797083333333334 0.015607421875000149 0.037423611111111026
0 0.543875 0.6962083333333333 0.033602050781250094 0.08330381944444443
0 0.5035000000000001 0.6985277777777777 0.01641357421875007 0.06669531249999999
0 0.582421875 0.7243055555555555 0.01328125 0.05694444444444444
0 0.43404687500000005 0.854375 0.02968847656250002 0.0276753472222222
0 0.4614765625 0.8779861111111111 0.0218632812500001 0.061117187499999975
0 0.429015625 0.9549722222222223 0.017231445312499892 0.057050347222222006