0 0.026041666666666668 0.12407407407407407 0.052083333333333336 0.08148148148148149
0 0.10204166666666667 0.1572037037037037 0.06664322916666669 0.07504282407407412
0 0.09453125 0.0125 0.0234375 0.025
0 0.19548958333333336 0.19533333333333333 0.03593131510416671 0.11667129629629634
0 0.016927083333333332 0.22037037037037038 0.033854166666666664 0.1
0 0.16924479166666667 0.32432407407407404 0.036485026041666715 0.12314120370370377
0 0.23880208333333333 0.02824074074074074 0.05677083333333333 0.05648148148148148
0 0.27760416666666665 0.03425925925925926 0.028125 0.06851851851851852
0 0.0234375 0.03796296296296296 0.03229166666666667 0.07592592592592592
0 0.022135416666666668 0.4527777777777778 0.044270833333333336 0.046296296296296294
0 0.1315 0.06316666666666666 0.024509765625000016 0.12496643518518513
0 0.24018229166666666 0.06742592592592592 0.060408528645833334 0.092615162037037
0 0.6869791666666667 0.2759259259259259 0.045572916666666664 0.11990740740740741
2 0.2562552083333333 0.5940555555555556 0.020809895833333297 0.04347106481481462
0 0.69921875 0.8189814814814815 0.053125 0.14166666666666666