0 0.13020833333333334 0.5115740740740741 0.09010416666666667 0.14351851851851852
0 0.4747395833333333 0.5333333333333333 0.17161458333333332 0.04398148148148148
0 0.32760416666666664 0.5722222222222222 0.06484375 0.1361111111111111
0 0.2140625 0.5879629629629629 0.10625 0.12268518518518519
0 0.08854166666666667 0.4462962962962963 0.04921875 0.03333333333333333
0 0.46510416666666665 0.6023148148148149 0.15338541666666666 0.0787037037037037
0 0.5596354166666667 0.6212962962962963 0.07005208333333333 0.12222222222222222
0 0.44505208333333335 0.6861111111111111 0.14244791666666667 0.060648148148148145
0 0.05703125 0.7064814814814815 0.1140625 0.11296296296296296
0 0.5895833333333333 0.7194444444444444 0.11979166666666667 0.08703703703703704
3 0.27291666666666664 0.7342592592592593 0.19739583333333333 0.10925925925925926
0 0.14895833333333333 0.7444444444444445 0.125 0.08611111111111111
0 0.47161458333333334 0.7916666666666666 0.09765625 0.12314814814814815
0 0.5671875 0.8069444444444445 0.10755208333333334 0.1375
0 0.40677083333333336 0.812037037037037 0.08567708333333333 0.13935185185185187
0 0.03463541666666667 0.8375 0.06927083333333334 0.11944444444444445
0 0.3234375 0.8407407407407408 0.07005208333333333 0.15694444444444444
0 0.24427083333333333 0.850462962962963 0.06796875 0.13425925925925927
0 0.10807291666666667 0.8523148148148149 0.08203125 0.13055555555555556
0 0.36770833333333336 0.4740740740740741 0.07760416666666667 0.08842592592592592
0 0.17447916666666666 0.8916666666666667 0.05546875 0.1310185185185185
0 0.5091145833333334 0.4777777777777778 0.15130208333333334 0.04953703703703704
0 0.4127604166666667 0.925 0.16119791666666666 0.06898148148148148
0 0.0375 0.9449074074074074 0.05963541666666667 0.10972222222222222
0 0.20026041666666666 0.9810185185185185 0.0734375 0.03611111111111111
0 0.25442708333333336 0.487962962962963 0.06953125 0.11666666666666667
0 0.02578125 0.49537037037037035 0.0515625 0.13148148148148148
2 0.7764635416666666 0.6648796296296297 0.11516145833333334 0.15259259259259259