2 0.4443645833333333 0.6224444444444445 0.020640625000000058 0.05291666666666665
2 0.501578125 0.665962962962963 0.013192708333333296 0.026712962962962983
2 0.4220520833333333 0.6810833333333334 0.01878124999999997 0.04425925925925922
0 0.5612239583333333 0.6994444444444444 0.029359374999999945 0.03469444444444447
2 0.5402135416666667 0.7489722222222223 0.031088541666666695 0.03189814814814819
0 0.25136458333333334 0.8097685185185185 0.024734375000000006 0.05719444444444443
0 0.6547395833333333 0.5085740740740741 0.019520833333333328 0.04615740740740743
0 0.8254270833333334 0.5335740740740741 0.03381249999999998 0.030722222222222175
0 0.7919166666666667 0.5366574074074073 0.02720312500000001 0.02578703703703706
0 0.8198697916666667 0.5665925925925926 0.026864583333333355 0.04490740740740741
0 0.6978020833333333 0.645287037037037 0.015192708333333341 0.03192592592592594
0 0.8667552083333334 0.664425925925926 0.012291666666666649 0.05201851851851847
0 0.948015625 0.6664351851851852 0.01856770833333338 0.05725925925925929
2 0.7137760416666666 0.6681203703703704 0.018661458333333325 0.05537962962962958
0 0.9745833333333334 0.6682777777777777 0.034203125000000036 0.027907407407407395
0 0.8572916666666667 0.6749166666666666 0.011072916666666661 0.04954629629629629
2 0.7507604166666667 0.6813888888888888 0.021776041666666638 0.04858333333333336
0 0.9058229166666666 0.6903425925925927 0.019598958333333392 0.04462037037037042
0 0.9485364583333333 0.6934351851851852 0.017526041666666714 0.05325925925925924
0 0.6057291666666667 0.712037037037037 0.011458333333333333 0.044444444444444446
0 0.8226458333333333 0.7900185185185186 0.019666666666666662 0.05843518518518509
0 0.6658541666666667 0.83075 0.01867708333333334 0.051018518518518435