0 0.40703125 0.07314814814814814 0.028645833333333332 0.02175925925925926
0 0.75390625 0.08009259259259259 0.02890625 0.024537037037037038
2 0.7479166666666667 0.010648148148148148 0.03177083333333333 0.020833333333333332
0 0.5263020833333333 0.11805555555555555 0.024479166666666666 0.024537037037037038
2 0.6442708333333333 0.11944444444444445 0.01953125 0.027314814814814816
0 0.9044270833333333 0.1425925925925926 0.03177083333333333 0.019444444444444445
0 0.7625 0.14537037037037037 0.030208333333333334 0.026851851851851852
0 0.8104166666666667 0.16435185185185186 0.03515625 0.020370370370370372
0 0.5651041666666666 0.16574074074074074 0.029947916666666668 0.018055555555555554
2 0.9661458333333334 0.17175925925925925 0.025260416666666667 0.024537037037037038
0 0.6513020833333333 0.17407407407407408 0.023177083333333334 0.02824074074074074
0 0.9328125 0.19074074074074074 0.018489583333333334 0.032407407407407406
0 0.7489583333333333 0.20694444444444443 0.03203125 0.016666666666666666
0 0.9677083333333333 0.23148148148148148 0.030208333333333334 0.022222222222222223
0 0.9171875 0.2388888888888889 0.033854166666666664 0.024074074074074074
0 0.8721354166666667 0.26342592592592595 0.030729166666666665 0.017592592592592594
0 0.6333333333333333 0.2814814814814815 0.025260416666666667 0.014814814814814815
0 0.8986979166666667 0.28194444444444444 0.026302083333333334 0.01712962962962963
0 0.6864583333333333 0.32916666666666666 0.028645833333333332 0.018518518518518517
0 0.8432291666666667 0.3296296296296296 0.0234375 0.020833333333333332
0 0.8822916666666667 0.3337962962962963 0.034375 0.022222222222222223
0 0.7044270833333334 0.0412037037037037 0.0171875 0.018518518518518517
2 0.96171875 0.04861111111111111 0.030729166666666665 0.020370370370370372
0 0.865625 0.05416666666666667 0.025520833333333333 0.017592592592592594
0 0.68671875 0.06018518518518518 0.0328125 0.018518518518518517
0 0.9111979166666667 0.06527777777777778 0.01328125 0.023148148148148147
2 0.32871875 0.7088425925925925 0.018520833333333306 0.05720370370370368
0 0.5998072916666667 0.7062222222222222 0.12055729166666668 0.12231481481481483