2 0.8938385416666667 0.2565092592592592 0.09327083333333333 0.18287962962962961
0 0.56328125 0.5513888888888889 0.09817708333333333 0.0962962962962963
0 0.30572916666666666 0.5537037037037037 0.039322916666666666 0.13287037037037036
0 0.4546875 0.5666666666666667 0.059375 0.12916666666666668
0 0.5114583333333333 0.6282407407407408 0.08463541666666667 0.07083333333333333
0 0.09375 0.6666666666666666 0.08880208333333334 0.11574074074074074
0 0.6138020833333333 0.6962962962962963 0.05130208333333333 0.05694444444444444
0 0.5315104166666667 0.7078703703703704 0.09192708333333334 0.07268518518518519
0 0.035416666666666666 0.7231481481481481 0.07083333333333333 0.08425925925925926
0 0.14609375 0.7300925925925926 0.12578125 0.0587962962962963
0 0.3770833333333333 0.7361111111111112 0.11067708333333333 0.05740740740740741
3 0.2643229166666667 0.7393518518518518 0.06041666666666667 0.2152777777777778
0 0.4986979166666667 0.7703703703703704 0.10338541666666666 0.06574074074074074
0 0.56640625 0.7782407407407408 0.04869791666666667 0.1259259259259259
0 0.14817708333333332 0.8013888888888889 0.12161458333333333 0.06157407407407407
0 0.35703125 0.8027777777777778 0.10260416666666666 0.0625
0 0.6278645833333333 0.8037037037037037 0.022395833333333334 0.05
0 0.03203125 0.8074074074074075 0.0640625 0.07592592592592592
0 0.44635416666666666 0.8333333333333334 0.06692708333333333 0.12777777777777777
0 0.5096354166666667 0.8680555555555556 0.05390625 0.12268518518518519
0 0.6236979166666666 0.8907407407407407 0.031510416666666666 0.10138888888888889
0 0.403125 0.8916666666666667 0.10052083333333334 0.0787037037037037
0 0.11223958333333334 0.9004629629629629 0.10078125 0.11296296296296296
0 0.040364583333333336 0.9018518518518519 0.08046875 0.1337962962962963
0 0.26223958333333336 0.9273148148148148 0.0484375 0.14351851851851852
0 0.20625 0.9319444444444445 0.05234375 0.13564814814814816
0 0.5411458333333333 0.9347222222222222 0.06041666666666667 0.12824074074074074
0 0.5880208333333333 0.47175925925925927 0.1015625 0.050462962962962966
0 0.3546875 0.9398148148148148 0.09244791666666667 0.1175925925925926
0 0.578125 0.9476851851851852 0.0546875 0.10231481481481482
0 0.1484375 0.9481481481481482 0.07109375 0.10324074074074074
0 0.03958333333333333 0.975 0.07916666666666666 0.04814814814814815
2 0.6440104166666667 0.5560185185185185 0.008854166666666666 0.03611111111111111
2 0.746375 0.5730648148148147 0.022213541666666656 0.05970370370370372