0 0.9700833333333333 0.3138055555555555 0.02520833333333338 0.0356388888888889
0 0.7674479166666667 0.40067592592592594 0.023817708333333344 0.0371574074074074
2 0.37942708333333336 0.775 0.12760416666666666 0.17037037037037037
0 0.9416666666666667 0.6953703703703704 0.014583333333333334 0.011111111111111112
0 0.9783854166666667 0.7055555555555556 0.019270833333333334 0.03148148148148148
0 0.9559895833333333 0.7064814814814815 0.0171875 0.03333333333333333
0 0.9800833333333333 0.7615277777777778 0.012843750000000043 0.04111111111111112
2 0.922546875 0.7768981481481481 0.02128124999999995 0.05473148148148149
0 0.98671875 0.7967592592592593 0.025520833333333333 0.026851851851851852
0 0.9612291666666667 0.8039907407407407 0.011510416666666618 0.03367592592592593
0 0.98984375 0.8379629629629629 0.019270833333333334 0.027777777777777776
0 0.9502239583333333 0.865462962962963 0.033322916666666674 0.030314814814814822
0 0.921515625 0.9274074074074075 0.01874479166666667 0.055333333333333325
0 0.8636145833333333 0.9465 0.02893749999999997 0.02139814814814816