0 0.18078645833333334 0.0751388888888889 0.07084049479166671 0.07599074074074073
0 0.07919791666666667 0.16832407407407407 0.036972656249999986 0.16570833333333332
0 0.019270833333333334 0.1986111111111111 0.03854166666666667 0.07685185185185185
0 0.13322395833333334 0.23635185185185184 0.08538085937499999 0.0666423611111111
0 0.08087500000000002 0.3446111111111111 0.031259765625000026 0.14629050925925924
0 0.20495833333333333 0.3866296296296297 0.027639973958333345 0.13972916666666668
2 0.13523958333333336 0.42390740740740745 0.06928776041666662 0.07685648148148137
0 0.05850520833333334 0.47020370370370373 0.059390625000000016 0.1268425925925926
0 0.1703125 0.5504629629629629 0.05520833333333333 0.07685185185185185
0 0.09505208333333333 0.5717592592592593 0.06510416666666667 0.03425925925925926
0 0.028125 0.04212962962962963 0.046875 0.08425925925925926
2 0.7550416666666666 0.37600000000000006 0.028634114583333432 0.018565972222222418
2 0.7294270833333333 0.40161111111111114 0.013067708333333409 0.05186805555555549
2 0.6041510416666667 0.4588518518518518 0.018724283854166638 0.04722974537037043
0 0.9463906249999999 0.5213425925925925 0.02608072916666681 0.05009027777777764
0 0.7103750000000001 0.8527037037037036 0.05833528645833338 0.15832870370370378