0 0.20005729166666666 0.10662037037037038 0.07084049479166671 0.07599074074074073
0 0.09846875000000001 0.19980555555555557 0.03697591145833332 0.165724537037037
0 0.02890625 0.2300925925925926 0.0578125 0.07685185185185185
0 0.15249479166666668 0.2678333333333333 0.08538085937499999 0.0666423611111111
0 0.0234375 0.018055555555555554 0.046875 0.03611111111111111
0 0.19713541666666667 0.022685185185185187 0.0734375 0.04537037037037037
0 0.10014583333333334 0.3760925925925926 0.031254882812500016 0.14629340277777772
0 0.22422916666666665 0.41811111111111116 0.027639973958333345 0.13972916666666668
2 0.15451041666666668 0.45538888888888895 0.06928776041666662 0.07685648148148137
0 0.01015625 0.49675925925925923 0.0203125 0.16018518518518518
0 0.07777604166666667 0.5016851851851852 0.059390625000000016 0.1268425925925926
0 0.18958333333333333 0.6111111111111112 0.05520833333333333 0.13518518518518519
0 0.029947916666666668 0.6305555555555555 0.059895833333333336 0.08333333333333333
0 0.11432291666666666 0.6324074074074074 0.06510416666666667 0.09259259259259259
0 0.04765625 0.058333333333333334 0.04739583333333333 0.11666666666666667