0 0.145703125 0.06563593932322054 0.059375 0.0927654609101517
0 0.1908203125 0.07088681446907819 0.03671875 0.09801633605600933
0 0.0501953125 0.07438739789964995 0.04140625 0.08138856476079347
0 0.228515625 0.07701283547257877 0.05234375 0.07730455075845974
0 0.2673828125 0.09539089848308051 0.0466796875 0.10239206534422404
0 0.383203125 0.11726954492415402 0.0466796875 0.10064177362893816
0 0.0162109375 0.12893815635939324 0.0322265625 0.11406067677946324
0 0.0869140625 0.1379813302217036 0.093359375 0.056592765460910154
0 0.0427734375 0.014294049008168028 0.028515625 0.028588098016336057
0 0.1763671875 0.14031505250875145 0.0794921875 0.060093348891481914
0 0.1240234375 0.17036172695449242 0.1013671875 0.030921820303383897
0 0.3248046875 0.176196032672112 0.099609375 0.04754959159859977
0 0.078515625 0.019836639439906652 0.0375 0.03938156359393232
0 0.02265625 0.2044924154025671 0.044921875 0.04696616102683781
0 0.12734375 0.20624270711785297 0.0921875 0.03500583430571762
0 0.4064453125 0.22141190198366395 0.0388671875 0.09480746791131855
3 0.21171875 0.2310385064177363 0.070703125 0.15781796966161027
0 0.054296875 0.23249708284714118 0.0611328125 0.0778879813302217
0 0.3529296875 0.23628938156359394 0.0611328125 0.07876312718786464
0 0.4439453125 0.24883313885647607 0.030078125 0.11289381563593932
0 0.3103515625 0.24912485414235705 0.0921875 0.0633022170361727
0 0.3923828125 0.026546091015169197 0.099609375 0.05280046674445741
0 0.121484375 0.29317386231038506 0.08515625 0.09159859976662778
0 0.073828125 0.293757292882147 0.0837890625 0.043173862310385065
0 0.0166015625 0.2984247374562427 0.033203125 0.05221703617269545
0 0.373046875 0.3118436406067678 0.03671875 0.08138856476079347
0 0.4083984375 0.324095682613769 0.033203125 0.09918319719953325
0 0.3046875 0.3249708284714119 0.0541015625 0.08751458576429405
0 0.246875 0.3337222870478413 0.051171875 0.1161026837806301
0 0.333203125 0.3541423570595099 0.048828125 0.09480746791131855
0 0.1986328125 0.3661026837806301 0.0375 0.12689614935822638
0 0.15859375 0.367561260210035 0.0396484375 0.11406067677946324
0 0.10390625 0.3757292882147025 0.0650390625 0.08955659276546091
0 0.0509765625 0.38273045507584597 0.037109375 0.09334889148191365
0 0.4517578125 0.3911901983663944 0.0353515625 0.07672112018669779
0 0.3748046875 0.3958576429404901 0.09921875 0.05163360560093349
0 0.0123046875 0.4063593932322054 0.0244140625 0.04638273045507585
0 0.25390625 0.40694282380396735 0.0703125 0.04521586931155192
0 0.08984375 0.4081096849474912 0.0375 0.042590431738623105
0 0.01328125 0.04229871645274212 0.0265625 0.08459743290548424
0 0.4142578125 0.4224037339556593 0.0388671875 0.014294049008168028
0 0.1068359375 0.04579929988331389 0.055859375 0.09159859976662778
2 0.776953125 0.13185530921820304 0.15 0.1044340723453909
0 0.9203125 0.8958576429404901 0.15859375 0.14294049008168028