0 0.07682291666666667 0.16203703703703703 0.14817708333333332 0.14074074074074075
0 0.3580729166666667 0.17962962962962964 0.146875 0.13194444444444445
3 0.19166666666666668 0.2689814814814815 0.09140625 0.40694444444444444
0 0.23932291666666666 0.043055555555555555 0.10677083333333333 0.08611111111111111
0 0.03671875 0.4351851851851852 0.0734375 0.12777777777777777
0 0.10104166666666667 0.4439814814814815 0.06666666666666667 0.1111111111111111
0 0.09554166666666666 0.6977592592592593 0.021381835937500013 0.052825810185185125
0 0.15579166666666666 0.7411203703703704 0.02815690104166665 0.04912962962962979
0 0.2672708333333333 0.7472962962962963 0.026014973958333226 0.03157638888888906
0 0.35356770833333334 0.7480648148148148 0.010935546874999957 0.024017361111111135
0 0.3494010416666667 0.8310740740740741 0.01926888020833329 0.030646990740740843
0 0.6630208333333333 0.9856481481481482 0.027083333333333334 0.026851851851851852