0 0.3640625 0.09351851851851851 0.10729166666666666 0.038425925925925926
0 0.04088541666666667 0.09583333333333334 0.08177083333333333 0.059722222222222225
0 0.11692708333333333 0.12546296296296297 0.11614583333333334 0.05925925925925926
0 0.03046875 0.14722222222222223 0.06067708333333333 0.034722222222222224
3 0.30052083333333335 0.15185185185185185 0.13802083333333334 0.07083333333333333
0 0.17083333333333334 0.1597222222222222 0.10807291666666667 0.03888888888888889
0 0.28411458333333334 0.18796296296296297 0.10729166666666666 0.04027777777777778
0 0.007552083333333333 0.19490740740740742 0.015104166666666667 0.06157407407407407
0 0.43020833333333336 0.1986111111111111 0.06510416666666667 0.07268518518518519
0 0.10286458333333333 0.2050925925925926 0.06145833333333333 0.08287037037037037
0 0.1640625 0.21342592592592594 0.09010416666666667 0.07685185185185185
0 0.22395833333333334 0.22083333333333333 0.06380208333333333 0.08564814814814815
0 0.054427083333333334 0.23055555555555557 0.06822916666666666 0.08888888888888889
0 0.5151041666666667 0.23425925925925925 0.0375 0.07314814814814814
0 0.31979166666666664 0.24351851851851852 0.09375 0.06342592592592593
0 0.028645833333333332 0.26157407407407407 0.057291666666666664 0.06018518518518518
0 0.40598958333333335 0.26296296296296295 0.07213541666666666 0.05555555555555555
0 0.15963541666666667 0.2759259259259259 0.12890625 0.040740740740740744
0 0.49140625 0.2777777777777778 0.10651041666666666 0.06898148148148148
0 0.5815104166666667 0.2865740740740741 0.03515625 0.06435185185185185
0 0.41875 0.30324074074074076 0.11015625 0.031018518518518518
0 0.022135416666666668 0.30694444444444446 0.044270833333333336 0.024074074074074074
0 0.15885416666666666 0.04583333333333333 0.09453125 0.05324074074074074
0 0.6921875 0.0787037037037037 0.10729166666666666 0.1574074074074074
3 0.7864583333333334 0.1425925925925926 0.08854166666666667 0.2851851851851852
0 0.625 0.12824074074074074 0.05 0.2564814814814815
0 0.9346354166666667 0.1587962962962963 0.1296875 0.10833333333333334
0 0.7421875 0.2884259259259259 0.0625 0.06018518518518518
0 0.6315104166666666 0.3037037037037037 0.06302083333333333 0.02962962962962963
0 0.9567708333333333 0.30787037037037035 0.08541666666666667 0.021296296296296296
0 0.277859375 0.6588703703703704 0.0265380859375 0.03801099537037026