0 0.2609870317002882 0.13866930171277997 0.08177233429394813 0.27733860342555994
0 0.03494236311239193 0.1963109354413702 0.06988472622478387 0.13076416337285904
0 0.39319164265129686 0.213768115942029 0.07240634005763688 0.17193675889328064
0 0.10356628242074928 0.3738471673254282 0.11005043227665706 0.25428194993412384
3 0.200828530259366 0.42028985507246375 0.09023775216138329 0.5072463768115942
0 0.03134005763688761 0.45915678524374176 0.05745677233429395 0.35243741765480896
0 0.3580691642651297 0.5019762845849802 0.14229106628242075 0.14591567852437418
0 0.15525936599423631 0.6834650856389987 0.06448126801152737 0.09057971014492754
0 0.1307636887608069 0.07114624505928854 0.05529538904899135 0.1422924901185771
0 0.03656340057636888 0.7042160737812911 0.07312680115273776 0.04907773386034255
0 0.3809438040345821 0.7098155467720685 0.09672190201729107 0.03787878787878788
0 0.18876080691642652 0.0764163372859025 0.05313400576368876 0.15217391304347827
0 0.3132204610951009 0.10342555994729907 0.05943804034582133 0.20685111989459815
0 0.6277017291066282 0.8764822134387352 0.0960014409221902 0.12648221343873517