0 0.36744791666666665 0.08083333333333333 0.12760416666666666 0.16166666666666665
0 0.026822916666666665 0.13 0.05364583333333333 0.26
0 0.42682291666666666 0.12833333333333333 0.08489583333333334 0.25666666666666665
3 0.20794791666666665 0.40067499999999995 0.39481054687500006 0.2549677083333334
0 0.30442708333333335 0.4845833333333333 0.15989583333333332 0.10916666666666666
0 0.9934895833333334 0.11583333333333333 0.011979166666666667 0.055
0 0.7190989583333334 0.2368 0.05624414062500011 0.06415468749999993
0 0.8046458333333334 0.31633333333333336 0.06039453125000011 0.05749843750000006
2 0.96775 0.33752499999999996 0.023979817708333448 0.07491458333333337
0 0.595640625 0.375025 0.04425618489583331 0.056693229166666775
0 0.9895833333333334 0.41833333333333333 0.019791666666666666 0.08166666666666667
0 0.8677916666666666 0.49445833333333333 0.056760416666666556 0.055846874999999914
2 0.838546875 0.8910416666666666 0.018726562499999964 0.04082500000000001