0 0.5143229166666666 0.13518518518518519 0.05520833333333333 0.16203703703703703
0 0.5692708333333333 0.14814814814814814 0.0390625 0.07731481481481481
0 0.007291666666666667 0.15787037037037038 0.014583333333333334 0.0699074074074074
0 0.55 0.01712962962962963 0.07708333333333334 0.033796296296296297
0 0.4588541666666667 0.16666666666666666 0.08255208333333333 0.16435185185185186
3 0.29322916666666665 0.19722222222222222 0.19869791666666667 0.13055555555555556
0 0.4203125 0.02361111111111111 0.115625 0.04722222222222222
0 0.57421875 0.23287037037037037 0.02890625 0.11990740740740741
0 0.146875 0.024537037037037038 0.06171875 0.04861111111111111
0 0.08776041666666666 0.23796296296296296 0.14609375 0.07731481481481481
0 0.42161458333333335 0.2657407407407407 0.08880208333333334 0.175
0 0.27057291666666666 0.30324074074074076 0.14140625 0.08472222222222223
0 0.06354166666666666 0.3143518518518518 0.12708333333333333 0.0625
0 0.5421875 0.3347222222222222 0.09427083333333333 0.07962962962962963
0 0.11875 0.387037037037037 0.09973958333333334 0.14212962962962963
0 0.18645833333333334 0.4046296296296296 0.06614583333333333 0.10694444444444444
0 0.2565104166666667 0.41064814814814815 0.0671875 0.09675925925925925
0 0.33255208333333336 0.42407407407407405 0.058854166666666666 0.06805555555555555
0 0.4453125 0.4324074074074074 0.05703125 0.05324074074074074
0 0.5497395833333333 0.43333333333333335 0.078125 0.05
0 0.020572916666666666 0.06527777777777778 0.04114583333333333 0.13055555555555556
0 0.20833333333333334 0.08796296296296297 0.08880208333333334 0.16342592592592592
0 0.08489583333333334 0.09814814814814815 0.06067708333333333 0.1685185185185185
0 0.84453125 0.08333333333333333 0.04401041666666667 0.12962962962962962
0 0.04904166666666665 0.5841759259259259 0.02811132812499994 0.03336168981481491
0 0.7797708333333333 0.7517685185185184 0.032278320312500004 0.03336168981481491