0 0.35182291666666665 0.17546296296296296 0.10364583333333334 0.07222222222222222
0 0.03958333333333333 0.18009259259259258 0.07890625 0.1125
0 0.11276041666666667 0.2351851851851852 0.11223958333333334 0.11157407407407408
0 0.029427083333333333 0.2759259259259259 0.05859375 0.06527777777777778
3 0.2903645833333333 0.2851851851851852 0.13333333333333333 0.13287037037037036
0 0.16510416666666666 0.3 0.10442708333333334 0.07314814814814814
0 0.27447916666666666 0.3527777777777778 0.10364583333333334 0.07546296296296297
0 0.007291666666666667 0.3662037037037037 0.014583333333333334 0.11574074074074074
0 0.415625 0.3731481481481482 0.06302083333333333 0.1361111111111111
0 0.09947916666666666 0.3851851851851852 0.059375 0.15555555555555556
0 0.15859375 0.4009259259259259 0.08697916666666666 0.1439814814814815
0 0.21640625 0.4148148148148148 0.06171875 0.16111111111111112
0 0.05260416666666667 0.43333333333333335 0.06588541666666667 0.16666666666666666
0 0.49765625 0.44027777777777777 0.03619791666666667 0.1375
0 0.30911458333333336 0.45787037037037037 0.09036458333333333 0.11944444444444445
0 0.027604166666666666 0.4912037037037037 0.054947916666666666 0.11157407407407408
0 0.3921875 0.49398148148148147 0.06953125 0.10462962962962963
0 0.15416666666666667 0.5180555555555556 0.12447916666666667 0.0763888888888889
0 0.4747395833333333 0.5217592592592593 0.10286458333333333 0.12962962962962962
0 0.5619791666666667 0.538425925925926 0.03411458333333333 0.12037037037037036
0 0.4044270833333333 0.5694444444444444 0.10729166666666666 0.058333333333333334
0 0.021354166666666667 0.5763888888888888 0.042708333333333334 0.04490740740740741
0 0.15338541666666666 0.08657407407407407 0.09140625 0.1
0 0.5861979166666667 0.4652777777777778 0.013020833333333334 0.030555555555555555
0 0.6143177083333333 0.7863425925925925 0.026513671875 0.03798148148148146