0 0.39427083333333335 0.15462962962962962 0.11614583333333334 0.06342592592592593
0 0.044270833333333336 0.1587962962962963 0.08854166666666667 0.09953703703703703
0 0.1265625 0.20787037037037037 0.12604166666666666 0.09814814814814815
0 0.03307291666666667 0.24351851851851852 0.06588541666666667 0.05740740740740741
3 0.3255208333333333 0.2513888888888889 0.14947916666666666 0.11712962962962963
0 0.18515625 0.26481481481481484 0.11692708333333333 0.06481481481481481
0 0.3078125 0.31157407407407406 0.11614583333333334 0.06666666666666667
0 0.008072916666666667 0.3236111111111111 0.016145833333333335 0.10231481481481482
0 0.46588541666666666 0.3296296296296296 0.07057291666666667 0.12037037037037036
0 0.11145833333333334 0.3402777777777778 0.06666666666666667 0.13703703703703704
0 0.17786458333333333 0.3537037037037037 0.09765625 0.12731481481481483
0 0.24270833333333333 0.3662037037037037 0.06901041666666667 0.14212962962962963
0 0.058854166666666666 0.3824074074074074 0.07395833333333333 0.14722222222222223
0 0.5580729166666667 0.38842592592592595 0.040625 0.12129629629629629
0 0.34661458333333334 0.4041666666666667 0.1015625 0.10555555555555556
0 0.030989583333333334 0.4337962962962963 0.06171875 0.09814814814814815
0 0.4395833333333333 0.4356481481481482 0.078125 0.09259259259259259
0 0.17291666666666666 0.45694444444444443 0.13958333333333334 0.06759259259259259
0 0.5322916666666667 0.46064814814814814 0.11536458333333334 0.11435185185185186
0 0.6302083333333334 0.475462962962963 0.03828125 0.10648148148148148
0 0.45338541666666665 0.5027777777777778 0.1203125 0.05185185185185185
0 0.023958333333333335 0.5087962962962963 0.04791666666666667 0.03981481481481482
0 0.17213541666666668 0.0763888888888889 0.10234375 0.08842592592592592
0 0.984984375 0.4911203703703703 0.014570638020833233 0.049046296296296324
0 0.8932135416666667 0.4991388888888889 0.023984049479166696 0.0444907407407407
0 0.9268229166666667 0.5074074074074074 0.0171875 0.04259259259259259
0 0.9341145833333333 0.5171296296296296 0.025520833333333333 0.023148148148148147
0 0.5921875 0.6856481481481481 0.018489583333333334 0.027314814814814816
0 0.19947916666666668 0.7592592592592593 0.03854166666666667 0.03333333333333333
0 0.58046875 0.799074074074074 0.027083333333333334 0.03796296296296296
0 0.5596354166666667 0.8157407407407408 0.015625 0.046296296296296294
0 0.07838541666666667 0.8175925925925925 0.03203125 0.028703703703703703
0 0.11953125 0.8333333333333334 0.027864583333333335 0.024537037037037038
0 0.17578125 0.8490740740740741 0.044270833333333336 0.03796296296296296
0 0.5755208333333334 0.8541666666666666 0.034375 0.020833333333333332
0 0.48854166666666665 0.8629629629629629 0.028645833333333332 0.025
0 0.3893229166666667 0.8643518518518518 0.031510416666666666 0.02175925925925926
0 0.575 0.8666666666666667 0.028645833333333332 0.014814814814814815
0 0.53046875 0.8740740740740741 0.03203125 0.019444444444444445
0 0.30963541666666666 0.9287037037037037 0.04010416666666667 0.03425925925925926
0 0.1953125 0.5740740740740741 0.04348958333333333 0.028703703703703703
0 0.5182291666666666 0.6060185185185185 0.029166666666666667 0.03009259259259259