0 0.37473958333333335 0.1412037037037037 0.040364583333333336 0.16944444444444445
0 0.41484375 0.15462962962962962 0.028385416666666666 0.08101851851851852
0 0.00546875 0.1648148148148148 0.0109375 0.07407407407407407
0 0.40130208333333334 0.018055555555555554 0.05677083333333333 0.03611111111111111
0 0.334375 0.17407407407407408 0.06015625 0.17175925925925925
3 0.21380208333333334 0.20555555555555555 0.14479166666666668 0.1361111111111111
0 0.3065104166666667 0.024537037037037038 0.08385416666666666 0.04861111111111111
0 0.41848958333333336 0.24305555555555555 0.02109375 0.125
0 0.10703125 0.02546296296296296 0.04505208333333333 0.05092592592592592
0 0.0640625 0.24861111111111112 0.10651041666666666 0.08101851851851852
0 0.3072916666666667 0.2773148148148148 0.06484375 0.18287037037037038
0 0.19739583333333333 0.31666666666666665 0.103125 0.08888888888888889
0 0.04635416666666667 0.3282407407407407 0.09244791666666667 0.06527777777777778
0 0.39453125 0.34953703703703703 0.06875 0.08287037037037037
0 0.08671875 0.4041666666666667 0.07265625 0.1486111111111111
0 0.1359375 0.42268518518518516 0.048177083333333336 0.11203703703703703
0 0.18697916666666667 0.42824074074074076 0.04895833333333333 0.10092592592592593
0 0.24244791666666668 0.4439814814814815 0.0421875 0.07083333333333333
0 0.32473958333333336 0.4513888888888889 0.0421875 0.05462962962962963
0 0.4010416666666667 0.4532407407407407 0.05625 0.05092592592592592
0 0.01484375 0.06759259259259259 0.0296875 0.13518518518518519
0 0.15182291666666667 0.09166666666666666 0.06484375 0.17037037037037037
0 0.06197916666666667 0.10277777777777777 0.044270833333333336 0.1763888888888889
0 0.8539791666666667 0.18225 0.08592382812500006 0.13697106481481475
2 0.6475625 0.33366666666666667 0.16041178385416674 0.13608217592592592
0 0.81875 0.40046296296296297 0.06458333333333334 0.15648148148148147
0 0.5299427083333333 0.580787037037037 0.023388671875 0.03427777777777776