0 0.31588541666666664 0.08935185185185185 0.09947916666666666 0.1787037037037037
0 0.0421875 0.12638888888888888 0.084375 0.08425925925925926
0 0.47578125 0.1375 0.08776041666666666 0.11018518518518519
0 0.12526041666666668 0.24027777777777778 0.13307291666666668 0.16342592592592592
3 0.24296875 0.27037037037037037 0.10911458333333333 0.3263888888888889
0 0.037760416666666664 0.2953703703703704 0.06953125 0.2263888888888889
0 0.43307291666666664 0.32314814814814813 0.17213541666666668 0.09398148148148149
0 0.18776041666666668 0.4393518518518518 0.07786458333333333 0.058333333333333334
0 0.15833333333333333 0.04583333333333333 0.06692708333333333 0.09166666666666666
0 0.044270833333333336 0.4527777777777778 0.08828125 0.03148148148148148
0 0.46067708333333335 0.4564814814814815 0.11692708333333333 0.024074074074074074
0 0.22838541666666667 0.049074074074074076 0.06432291666666666 0.09814814814814815
0 0.37864583333333335 0.06666666666666667 0.071875 0.13333333333333333
0 0.7398489583333333 0.19899074074074072 0.01922526041666662 0.044501157407407385
2 0.7942864583333333 0.23941666666666672 0.024978190104166725 0.025046875000000076
0 0.7441927083333333 0.24081481481481484 0.01301888020833329 0.029534722222222046
0 0.6988697916666666 0.2548518518518519 0.0192753906250001 0.052793981481481414
0 0.8626145833333333 0.28293518518518523 0.024980468750000047 0.030648148148148275
0 0.8918697916666667 0.28293518518518523 0.021876627604166525 0.045416666666666626
0 0.52734375 0.34814814814814815 0.015104166666666667 0.05
2 0.9402239583333334 0.371962962962963 0.02814257812500003 0.04445717592592599
0 0.27464583333333337 0.7323240740740741 0.029161458333333338 0.0296875
0 0.699734375 0.7886574074074074 0.027555338541666665 0.03890740740740739