0 0.4270833333333333 0.11805555555555555 0.04583333333333333 0.1412037037037037
0 0.47265625 0.1287037037037037 0.03229166666666667 0.06759259259259259
0 0.005989583333333334 0.1375 0.011979166666666667 0.06111111111111111
0 0.45677083333333335 0.014814814814814815 0.0640625 0.02962962962962963
0 0.3809895833333333 0.14537037037037037 0.06848958333333334 0.14305555555555555
3 0.24348958333333334 0.17175925925925925 0.16484375 0.11342592592592593
0 0.34921875 0.020370370370370372 0.09557291666666666 0.040740740740740744
0 0.47682291666666665 0.20277777777777778 0.02421875 0.10416666666666667
0 0.12213541666666666 0.021296296296296296 0.05130208333333333 0.04259259259259259
0 0.07291666666666667 0.2074074074074074 0.12135416666666667 0.06759259259259259
0 0.3502604166666667 0.23148148148148148 0.07395833333333333 0.15231481481481482
0 0.22473958333333333 0.26435185185185184 0.11744791666666667 0.07407407407407407
0 0.05286458333333333 0.2740740740740741 0.10572916666666667 0.05555555555555555
0 0.45026041666666666 0.2916666666666667 0.07838541666666667 0.06944444444444445
0 0.09869791666666666 0.337037037037037 0.0828125 0.12361111111111112
0 0.1546875 0.3523148148148148 0.054947916666666666 0.09351851851851851
0 0.21328125 0.35694444444444445 0.05572916666666667 0.08425925925925926
0 0.2760416666666667 0.36944444444444446 0.04895833333333333 0.05925925925925926
0 0.3697916666666667 0.3763888888888889 0.04791666666666667 0.04537037037037037
0 0.45651041666666664 0.3773148148148148 0.06484375 0.04351851851851852
0 0.016927083333333332 0.05648148148148148 0.033854166666666664 0.1125
0 0.17291666666666666 0.0763888888888889 0.07369791666666667 0.14212962962962963
0 0.07057291666666667 0.08564814814814815 0.050520833333333334 0.14675925925925926
0 0.790890625 0.1026759259259259 0.030722981770833258 0.09257523148148147
0 0.8902968750000001 0.11309259259259258 0.04951432291666672 0.0666898148148148
0 0.7481822916666666 0.11665740740740742 0.024442708333333365 0.10742592592592591
0 0.5565364583333333 0.1542777777777778 0.04736783854166671 0.08607638888888887
0 0.860234375 0.16624074074074072 0.03386067708333336 0.09169560185185185
0 0.5109375 0.16944444444444445 0.042708333333333334 0.05925925925925926
0 0.7936562500000001 0.19776851851851848 0.031760742187499955 0.0991082175925926
0 0.8947916666666667 0.21841666666666665 0.052114257812499905 0.039803819444444416
0 0.8736354166666668 0.3160925925925926 0.019785481770833377 0.1009508101851852
0 0.8243177083333334 0.36479629629629634 0.040109374999999996 0.06848263888888895
0 0.7598958333333333 0.021296296296296296 0.052083333333333336 0.04259259259259259
0 0.7870624999999999 0.5699814814814815 0.026014322916666662 0.03805902777777777