0 0.013541666666666667 0.12731481481481483 0.027083333333333334 0.23425925925925925
0 0.09840104166666667 0.14928703703703705 0.1447486979166666 0.1212615740740741
0 0.4075520833333333 0.1527777777777778 0.06822916666666666 0.2111111111111111
3 0.26640625 0.18287037037037038 0.0828125 0.15092592592592594
0 0.08294270833333334 0.6665555555555556 0.017156901041666592 0.04168749999999982
2 0.11185416666666666 0.6838611111111111 0.023465494791666687 0.026946759259259438
2 0.08886979166666667 0.6968888888888889 0.018752929687500006 0.027788773148148073
0 0.005208333333333333 0.7097222222222223 0.010416666666666666 0.03425925925925926
0 0.11518749999999998 0.7173148148148148 0.0171875 0.040697916666666785
0 0.09125000000000003 0.7174814814814815 0.022398437500000055 0.020293981481481288
0 0.09919270833333335 0.7337685185185185 0.0130250651041667 0.045318865740740774
0 0.06544791666666665 0.7382407407407408 0.02035026041666666 0.04446527777777781
0 0.07044791666666667 0.7441666666666668 0.010955729166666591 0.04535879629629625
0 0.02692187500000003 0.753 0.03123697916666662 0.02042824074074074