0 0.27890625 0.12268518518518519 0.08229166666666667 0.050462962962962966
0 0.031510416666666666 0.1259259259259259 0.06302083333333333 0.07962962962962963
0 0.08958333333333333 0.16435185185185186 0.0890625 0.07777777777777778
0 0.0234375 0.19305555555555556 0.046614583333333334 0.04583333333333333
3 0.23020833333333332 0.19907407407407407 0.10572916666666667 0.09305555555555556
0 0.13098958333333333 0.20972222222222223 0.0828125 0.05092592592592592
0 0.21770833333333334 0.24675925925925926 0.08229166666666667 0.05277777777777778
0 0.005729166666666666 0.25601851851851853 0.011458333333333333 0.08101851851851852
0 0.3296875 0.26064814814814813 0.05 0.09537037037037037
0 0.07890625 0.26944444444444443 0.047135416666666666 0.1087962962962963
0 0.12578125 0.2800925925925926 0.06901041666666667 0.10092592592592593
0 0.17161458333333332 0.2898148148148148 0.04895833333333333 0.1125
0 0.041666666666666664 0.30277777777777776 0.05234375 0.1162037037037037
0 0.39479166666666665 0.30787037037037035 0.028645833333333332 0.09583333333333334
0 0.24505208333333334 0.3199074074074074 0.071875 0.08333333333333333
0 0.021875 0.3435185185185185 0.04375 0.07777777777777778
0 0.3111979166666667 0.3453703703703704 0.05520833333333333 0.07314814814814814
0 0.12239583333333333 0.36203703703703705 0.09895833333333333 0.053703703703703705
0 0.3765625 0.3648148148148148 0.08177083333333333 0.09074074074074075
0 0.44583333333333336 0.3763888888888889 0.027083333333333334 0.08425925925925926
0 0.32083333333333336 0.39814814814814814 0.08515625 0.040740740740740744
0 0.016927083333333332 0.4027777777777778 0.033854166666666664 0.03148148148148148
0 0.121875 0.06018518518518518 0.07239583333333334 0.0699074074074074
0 0.12777083333333336 0.5276944444444445 0.029164062500000063 0.029658564814814815
0 0.7733489583333333 0.5829444444444445 0.02135677083333327 0.043565972222222415
0 0.8191041666666666 0.5894166666666667 0.021342122395833368 0.04171412037037056
0 0.8704166666666667 0.6083981481481482 0.031227864583333324 0.022315972222222164
0 0.8078125 0.6165833333333333 0.013565104166666704 0.04071238425925917
2 0.6466822916666667 0.7127037037037037 0.01821386718750008 0.061117476851851885
0 0.996875 0.7523148148148148 0.005208333333333333 0.05462962962962963
2 0.7414010416666666 0.7886203703703704 0.019246419270833332 0.06852372685185186