0 0.3489583333333333 0.1412037037037037 0.0375 0.16944444444444445
0 0.38619791666666664 0.15462962962962962 0.0265625 0.08101851851851852
0 0.0049479166666666664 0.1648148148148148 0.009895833333333333 0.07314814814814814
0 0.3731770833333333 0.018055555555555554 0.05260416666666667 0.03611111111111111
0 0.3111979166666667 0.17407407407407408 0.055989583333333336 0.17175925925925925
3 0.19895833333333332 0.20555555555555555 0.13463541666666667 0.1361111111111111
0 0.28515625 0.024537037037037038 0.078125 0.04861111111111111
0 0.38958333333333334 0.24305555555555555 0.019791666666666666 0.125
0 0.09973958333333334 0.02546296296296296 0.04192708333333333 0.05092592592592592
0 0.05963541666666667 0.24861111111111112 0.09895833333333333 0.08101851851851852
0 0.28619791666666666 0.2773148148148148 0.06041666666666667 0.18287037037037038
0 0.18359375 0.31666666666666665 0.09609375 0.08888888888888889
0 0.043229166666666666 0.3282407407407407 0.08645833333333333 0.06574074074074074
0 0.36744791666666665 0.34953703703703703 0.0640625 0.08287037037037037
0 0.08072916666666667 0.4041666666666667 0.06770833333333333 0.1486111111111111
0 0.1265625 0.42268518518518516 0.04505208333333333 0.11203703703703703
0 0.17421875 0.4287037037037037 0.04635416666666667 0.1
0 0.22552083333333334 0.44305555555555554 0.04010416666666667 0.07083333333333333
0 0.3020833333333333 0.4513888888888889 0.03958333333333333 0.05462962962962963
0 0.3729166666666667 0.45231481481481484 0.05286458333333333 0.05185185185185185
0 0.013802083333333333 0.06759259259259259 0.027604166666666666 0.13518518518518519
0 0.14140625 0.09166666666666666 0.06041666666666667 0.17037037037037037
0 0.05755208333333333 0.10277777777777777 0.04114583333333333 0.1763888888888889
0 0.40598958333333335 0.3087962962962963 0.011979166666666667 0.04351851851851852
2 0.5008385416666666 0.31319444444444444 0.027620768229166672 0.03982465277777768
2 0.7378541666666666 0.3742962962962963 0.018241536458333367 0.04723090277777786
0 0.6966979166666666 0.38386111111111115 0.01511718749999993 0.03986168981481489
2 0.7674583333333334 0.3855648148148148 0.023415364583333324 0.041694444444444416
0 0.7158854166666667 0.40499999999999997 0.008901041666666743 0.036166666666666826
0 0.7043385416666667 0.4233703703703704 0.012503906249999967 0.03609375000000004
0 0.7210989583333334 0.44636111111111115 0.011956054687500028 0.03888078703703686
2 0.731953125 0.4472777777777777 0.019790364583333424 0.05374942129629635
0 0.15303645833333335 0.8730648148148148 0.018227213541666624 0.027806134259259353
0 0.061880208333333304 0.9267592592592593 0.025516927083333366 0.024101273148148004
0 0.5243020833333333 0.556861111111111 0.026548828124999937 0.036139467592592685