0 0.35352941176470587 0.021763392857142856 0.06352941176470588 0.04352678571428571
0 0.51 0.04408482142857143 0.06352941176470588 0.08816964285714286
0 0.018823529411764704 0.06361607142857142 0.03764705882352941 0.12723214285714285
0 0.11029411764705882 0.04296875 0.1264705882352941 0.0859375
0 0.23088235294117648 0.046875 0.10764705882352942 0.09375
0 0.1605529411764706 0.09340401785714285 0.13652132352941174 0.06478097098214278
0 0.4311235294117647 0.10571428571428575 0.13406323529411765 0.09930524553571425
0 0.027352941176470587 0.16462053571428573 0.054705882352941174 0.09933035714285714
0 0.16492352941176472 0.168515625 0.12416617647058822 0.07355608258928571
0 0.5408647058823529 0.20014508928571426 0.05228455882352939 0.19866908482142862
3 0.2788235294117647 0.2207142857142857 0.09532610294117644 0.3303376116071429
0 0.0665705882352941 0.2233035714285714 0.08234926470588237 0.1629820033482143
0 0.4689 0.23132812499999997 0.08236102941176461 0.16516462053571423
0 0.585 0.2583705357142857 0.028823529411764706 0.23772321428571427
0 0.4114176470588235 0.2583705357142857 0.12409926470588235 0.13276576450892866
0 0.15723529411764706 0.3504799107142857 0.1146867647058824 0.1920884486607142
0 0.09306470588235295 0.3520647321428572 0.11293014705882352 0.09046247209821422
0 0.019411764705882354 0.36216517857142855 0.03882352941176471 0.11049107142857142
0 0.4959764705882353 0.3901116071428571 0.04943161764705872 0.17076869419642854
0 0.5437294117647059 0.4152901785714286 0.044725735294117545 0.20758231026785698
0 0.40404117647058824 0.4173214285714285 0.0729713235294119 0.18307198660714288
0 0.32588235294117646 0.42075892857142855 0.06941176470588235 0.21428571428571427
0 0.4426470588235294 0.453125 0.06647058823529411 0.14955357142857142
0 0.2614705882352941 0.44921875 0.051176470588235295 0.15736607142857142
0 0.20705882352941177 0.45703125 0.05411764705882353 0.14174107142857142
0 0.13352941176470587 0.47879464285714285 0.08823529411764706 0.09821428571428571
0 0.06235294117647059 0.484375 0.05058823529411765 0.08705357142857142
2 0.9394117647058824 0.22042410714285715 0.12 0.4408482142857143
0 0.4688235294117647 0.8420758928571429 0.14529411764705882 0.10602678571428571
0 0.2726470588235294 0.8973214285714286 0.07411764705882352 0.20256696428571427
0 0.6344117647058823 0.6484375 0.0688235294117647 0.22098214285714285
3 0.8139117647058824 0.7443303571428571 0.2782349264705883 0.19643624441964286
0 0.6223529411764706 0.8381696428571429 0.04470588235294118 0.18080357142857142
0 0.6605882352941177 0.9213169642857143 0.10705882352941176 0.15513392857142858
0 0.8094117647058824 0.9386160714285714 0.13176470588235295 0.12053571428571429
0 0.9205882352941176 0.6205357142857143 0.15764705882352942 0.18303571428571427