0 0.14561631944444445 0.09143518518518519 0.05935329861111111 0.1293402777777778
0 0.19075520833333334 0.09881365740740741 0.036675347222222224 0.13671875
0 0.050130208333333336 0.10358796296296297 0.041449652777777776 0.11371527777777778
0 0.228515625 0.1076388888888889 0.052408854166666664 0.10778356481481481
0 0.2673611111111111 0.13295717592592593 0.04676649305555555 0.1427951388888889
0 0.3832465277777778 0.16333912037037038 0.04676649305555555 0.14048032407407407
0 0.016167534722222224 0.17983217592592593 0.03233506944444445 0.1589988425925926
0 0.08680555555555555 0.19270833333333334 0.09342447916666667 0.07884837962962964
0 0.04286024305555555 0.019675925925925927 0.028428819444444444 0.03935185185185185
0 0.1763237847222222 0.19560185185185186 0.07953559027777778 0.08405671296296297
0 0.1240234375 0.23755787037037038 0.1013454861111111 0.04311342592592592
0 0.3248697916666667 0.24580439814814814 0.09950086805555555 0.06611689814814815
0 0.07855902777777778 0.027488425925925927 0.037543402777777776 0.05497685185185185
0 0.022569444444444444 0.28530092592592593 0.04503038194444445 0.06539351851851852
0 0.12727864583333334 0.28761574074074076 0.09212239583333333 0.04904513888888889
0 0.40625 0.30873842592592593 0.03884548611111111 0.1323784722222222
3 0.21180555555555555 0.32233796296296297 0.07074652777777778 0.22005208333333334
0 0.054253472222222224 0.32407407407407407 0.061089409722222224 0.10850694444444445
0 0.3528645833333333 0.3294270833333333 0.061089409722222224 0.1099537037037037
0 0.4437934027777778 0.3472222222222222 0.030164930555555556 0.15755208333333334
0 0.3102213541666667 0.34751157407407407 0.09212239583333333 0.08839699074074074
0 0.3922526041666667 0.03689236111111111 0.099609375 0.0736400462962963
0 0.12152777777777778 0.4088541666666667 0.0851779513888889 0.12789351851851852
0 0.07389322916666667 0.40986689814814814 0.08387586805555555 0.06018518518518518
0 0.0166015625 0.4162326388888889 0.033203125 0.07277199074074074
0 0.3729383680555556 0.4351851851851852 0.036675347222222224 0.11371527777777778
0 0.4084201388888889 0.4519675925925926 0.033203125 0.13831018518518517
0 0.3046875 0.45326967592592593 0.054144965277777776 0.12196180555555555
0 0.2468532986111111 0.4654224537037037 0.051106770833333336 0.16203703703703703
0 0.3332248263888889 0.49406828703703703 0.04893663194444445 0.1322337962962963
0 0.19856770833333334 0.5111400462962963 0.03732638888888889 0.17679398148148148
0 0.1586371527777778 0.5127314814814815 0.039713541666666664 0.1589988425925926
0 0.10384114583333333 0.5240162037037037 0.06510416666666667 0.12485532407407407
0 0.05088975694444445 0.5339988425925926 0.037109375 0.1300636574074074
0 0.4517144097222222 0.5455729166666666 0.03537326388888889 0.10706018518518519
0 0.3747829861111111 0.5520833333333334 0.09917534722222222 0.0720486111111111
0 0.012261284722222222 0.5666956018518519 0.0244140625 0.0646701388888889
0 0.2536892361111111 0.5675636574074074 0.06987847222222222 0.06322337962962964
0 0.08973524305555555 0.5690104166666666 0.037109375 0.06018518518518518
0 0.013346354166666666 0.059172453703703706 0.026692708333333332 0.11834490740740741
0 0.4143880208333333 0.5896990740740741 0.038411458333333336 0.020109953703703703
0 0.10687934027777778 0.06394675925925926 0.05588107638888889 0.12789351851851852
2 0.6943359375 0.33969907407407407 0.011284722222222222 0.025028935185185185
2 0.6973741319444444 0.8236400462962963 0.011067708333333334 0.01634837962962963