0 0.3575520833333333 0.1087962962962963 0.03854166666666667 0.13055555555555556
0 0.3958333333333333 0.11898148148148148 0.027083333333333334 0.0625
0 0.005208333333333333 0.12777777777777777 0.010416666666666666 0.05740740740740741
0 0.3828125 0.013888888888888888 0.05416666666666667 0.027777777777777776
0 0.3190104166666667 0.13425925925925927 0.057291666666666664 0.13240740740740742
3 0.20390625 0.15833333333333333 0.13802083333333334 0.1050925925925926
0 0.2921875 0.01898148148148148 0.08020833333333334 0.0375
0 0.39921875 0.1875 0.020052083333333335 0.0962962962962963
0 0.10208333333333333 0.01990740740740741 0.04375 0.03981481481481482
0 0.0609375 0.1912037037037037 0.1015625 0.062037037037037036
0 0.29322916666666665 0.21342592592592594 0.06171875 0.14074074074074075
0 0.18828125 0.2439814814814815 0.0984375 0.06805555555555555
0 0.044270833333333336 0.25277777777777777 0.08828125 0.050462962962962966
0 0.3765625 0.2689814814814815 0.065625 0.06388888888888888
0 0.08255208333333333 0.31157407407407406 0.06927083333333334 0.11435185185185186
0 0.1296875 0.32546296296296295 0.04609375 0.08611111111111111
0 0.17838541666666666 0.3296296296296296 0.046614583333333334 0.07777777777777778
0 0.23098958333333333 0.34120370370370373 0.04088541666666667 0.05462962962962963
0 0.30963541666666666 0.3476851851851852 0.04010416666666667 0.041666666666666664
0 0.38203125 0.3486111111111111 0.05416666666666667 0.04027777777777778
0 0.014322916666666666 0.052314814814814814 0.028645833333333332 0.10462962962962963
0 0.14479166666666668 0.07083333333333333 0.06171875 0.13148148148148148
0 0.05911458333333333 0.07916666666666666 0.0421875 0.13564814814814816
0 0.7778645833333333 0.3597222222222222 0.0234375 0.017592592592592594
0 0.6503437499999999 0.5841759259259259 0.030701822916666663 0.027835648148148148