0 0.14869791666666668 0.075 0.07135416666666666 0.15
0 0.20234375 0.08194444444444444 0.044270833333333336 0.1638888888888889
0 0.034807291666666657 0.08467592592592592 0.04948763020833334 0.14168113425925927
0 0.24751562500000002 0.08955555555555555 0.062483723958333334 0.13430902777777776
0 0.2938645833333334 0.12124999999999998 0.055727539062500026 0.17779803240740744
0 0.43209895833333334 0.15911111111111112 0.05571940104166669 0.17500347222222223
0 0.00703125 0.18009259259259258 0.0140625 0.19907407407407407
0 0.07860416666666666 0.19553703703703704 0.11142447916666667 0.09821296296296302
0 0.18527604166666667 0.19921296296296295 0.09480989583333331 0.10462615740740744
0 0.12288541666666666 0.2515648148148148 0.12085579427083334 0.053723958333333356
0 0.36223958333333334 0.25462962962962965 0.11927083333333334 0.06851851851851852
0 0.06927083333333334 0.0125 0.04583333333333333 0.025
3 0.22760416666666666 0.25416666666666665 0.08541666666666667 0.06944444444444445
0 0.44296875 0.024074074074074074 0.11927083333333334 0.04814814814814815
0 0.10234375 0.05787037037037037 0.0671875 0.11574074074074074
0 0.8125 0.5208333333333334 0.02578125 0.03564814814814815
0 0.8614583333333333 0.5222222222222223 0.022916666666666665 0.030555555555555555
0 0.8388020833333333 0.5810185185185185 0.011458333333333333 0.06527777777777778
0 0.8213541666666667 0.5944444444444444 0.01796875 0.03564814814814815
0 0.8255208333333334 0.6296296296296297 0.007291666666666667 0.02638888888888889
0 0.8372395833333334 0.6412037037037037 0.015885416666666666 0.05925925925925926
0 0.8182291666666667 0.6430555555555556 0.0078125 0.04722222222222222
0 0.8653645833333333 0.6611111111111111 0.026041666666666668 0.03935185185185185
0 0.8825520833333333 0.7245370370370371 0.012239583333333333 0.06712962962962964
0 0.7856770833333333 0.7537037037037037 0.0140625 0.019444444444444445
0 0.7984375 0.7703703703703704 0.01015625 0.04351851851851852
0 0.9026041666666667 0.7865740740740741 0.022916666666666665 0.030555555555555555
0 0.7833333333333333 0.825 0.008072916666666667 0.04027777777777778
0 0.77890625 0.875 0.009114583333333334 0.04351851851851852
0 0.7903645833333334 0.9578703703703704 0.016927083333333332 0.024537037037037038
0 0.7122395833333334 0.9680555555555556 0.016927083333333332 0.04814814814814815
0 0.87109375 0.9847222222222223 0.0234375 0.028703703703703703