0 0.1953125 0.10046296296296296 0.0796875 0.14212962962962963
0 0.2557291666666667 0.1087962962962963 0.04921875 0.15046296296296297
0 0.0671875 0.11388888888888889 0.05572916666666667 0.125
0 0.30625 0.11805555555555555 0.0703125 0.11851851851851852
0 0.35833333333333334 0.14629629629629629 0.0625 0.15694444444444444
0 0.5135416666666667 0.17962962962962964 0.0625 0.15462962962962962
0 0.021614583333333333 0.19768518518518519 0.043229166666666666 0.175
0 0.11640625 0.21157407407407408 0.12526041666666668 0.08657407407407407
0 0.05755208333333333 0.02175925925925926 0.03802083333333333 0.04351851851851852
0 0.23619791666666667 0.21481481481481482 0.10651041666666666 0.09212962962962963
0 0.16614583333333333 0.2611111111111111 0.1359375 0.04722222222222222
0 0.4354166666666667 0.27037037037037037 0.13333333333333333 0.07268518518518519
0 0.10520833333333333 0.030555555555555555 0.051041666666666666 0.06111111111111111
0 0.030208333333333334 0.31342592592592594 0.06041666666666667 0.07175925925925926
0 0.17057291666666666 0.3162037037037037 0.1234375 0.053703703703703705
0 0.54453125 0.33935185185185185 0.052083333333333336 0.14537037037037037
3 0.2838541666666667 0.3541666666666667 0.09479166666666666 0.24166666666666667
0 0.07265625 0.3560185185185185 0.08203125 0.11944444444444445
0 0.47291666666666665 0.36203703703703705 0.08203125 0.12083333333333333
0 0.5947916666666667 0.3814814814814815 0.040364583333333336 0.17314814814814813
0 0.415625 0.3819444444444444 0.1234375 0.09722222222222222
0 0.52578125 0.040740740740740744 0.13333333333333333 0.08101851851851852
0 0.16276041666666666 0.449537037037037 0.1140625 0.14074074074074075
0 0.09895833333333333 0.45046296296296295 0.11223958333333334 0.06620370370370371
0 0.022395833333333334 0.45740740740740743 0.04479166666666667 0.08148148148148149
0 0.49973958333333335 0.47824074074074074 0.04921875 0.125
0 0.5473958333333333 0.49675925925925923 0.04453125 0.15185185185185185
0 0.4083333333333333 0.4981481481481482 0.07265625 0.1337962962962963
0 0.33098958333333334 0.5115740740740741 0.06848958333333334 0.17824074074074073
0 0.4466145833333333 0.5430555555555555 0.065625 0.14537037037037037
0 0.26614583333333336 0.5611111111111111 0.05026041666666667 0.19444444444444445
0 0.2125 0.5634259259259259 0.053125 0.175
0 0.1390625 0.575925925925926 0.08723958333333333 0.13703703703703704
0 0.06822916666666666 0.587037037037037 0.04973958333333333 0.14305555555555555
0 0.60546875 0.5995370370370371 0.04739583333333333 0.1175925925925926
0 0.50234375 0.6069444444444444 0.1328125 0.07916666666666666
0 0.01640625 0.6226851851851852 0.0328125 0.0712962962962963
0 0.34010416666666665 0.6236111111111111 0.09375 0.06944444444444445
0 0.1203125 0.6259259259259259 0.04973958333333333 0.06620370370370371
0 0.01796875 0.06527777777777778 0.0359375 0.13055555555555556
0 0.5549479166666667 0.6472222222222223 0.052083333333333336 0.022222222222222223
0 0.14322916666666666 0.07037037037037037 0.075 0.14074074074074075
2 0.33073437499999997 0.962574074074074 0.01976822916666663 0.04717418981481492