0 0.3154296875 0.10807291666666667 0.09296875 0.044270833333333336
0 0.035546875 0.1109375 0.07109375 0.06979166666666667
0 0.101171875 0.14505208333333333 0.10078125 0.06875
0 0.0263671875 0.17005208333333333 0.052734375 0.04010416666666667
3 0.2603515625 0.17578125 0.11953125 0.08177083333333333
0 0.148046875 0.18489583333333334 0.0935546875 0.04505208333333333
0 0.2462890625 0.21744791666666666 0.09296875 0.04635416666666667
0 0.006640625 0.22604166666666667 0.01328125 0.071875
0 0.37265625 0.22994791666666667 0.0564453125 0.08385416666666666
0 0.0890625 0.2375 0.0533203125 0.09583333333333334
0 0.1421875 0.246875 0.0779296875 0.08880208333333334
0 0.194140625 0.2557291666666667 0.0552734375 0.09921875
0 0.0470703125 0.2671875 0.0591796875 0.10260416666666666
0 0.446484375 0.2713541666666667 0.032421875 0.08463541666666667
0 0.2771484375 0.28203125 0.08125 0.0734375
0 0.0248046875 0.3028645833333333 0.049609375 0.06927083333333334
0 0.3517578125 0.30442708333333335 0.0623046875 0.06458333333333334
0 0.13828125 0.31927083333333334 0.11171875 0.047135416666666666
0 0.42578125 0.3216145833333333 0.0923828125 0.0796875
0 0.50390625 0.33203125 0.03046875 0.07421875
0 0.362890625 0.35104166666666664 0.0955078125 0.03619791666666667
0 0.019140625 0.35520833333333335 0.03828125 0.027864583333333335
0 0.1376953125 0.053385416666666664 0.08203125 0.06171875
0 0.784375 0.35260416666666666 0.1421875 0.03333333333333333
0 0.6329804687499999 0.18869270833333332 0.05976635742187506 0.07135481770833335
0 0.6223515625 0.26811979166666666 0.059388671874999945 0.11511393229166664
0 0.63671875 0.35130208333333335 0.04765625 0.0359375
0 0.5796875 0.3338541666666667 0.0734375 0.07083333333333333
1 0.2734375 0.7174479166666666 0.059375 0.061197916666666664
0 0.6974609375 0.6846354166666667 0.0140625 0.01640625