0 0.18828125 0.12129629629629629 0.058854166666666666 0.24259259259259258
0 0.025260416666666667 0.17222222222222222 0.05026041666666667 0.11481481481481481
0 0.2833333333333333 0.1875 0.052083333333333336 0.15092592592592594
0 0.07473958333333333 0.3277777777777778 0.07942708333333333 0.22268518518518518
3 0.14479166666666668 0.3685185185185185 0.06510416666666667 0.4444444444444444
0 0.02265625 0.4027777777777778 0.04140625 0.3087962962962963
0 0.25807291666666665 0.44027777777777777 0.10260416666666666 0.12777777777777777
0 0.11171875 0.5995370370370371 0.04635416666666667 0.0787037037037037
0 0.09427083333333333 0.0625 0.03984375 0.12453703703703704
0 0.026302083333333334 0.6171296296296296 0.05260416666666667 0.043055555555555555
0 0.2747395833333333 0.6222222222222222 0.06979166666666667 0.03287037037037037
0 0.13619791666666667 0.06712962962962964 0.03828125 0.13333333333333333
0 0.22578125 0.09074074074074075 0.043229166666666666 0.1814814814814815
2 0.80703125 0.17037037037037037 0.24114583333333334 0.19768518518518519
0 0.11666666666666667 0.6444444444444445 0.03229166666666667 0.009259259259259259
0 0.10528645833333332 0.6681203703703704 0.027110677083333336 0.023240740740740867