0 0.07999479166666665 0.1110462962962963 0.07082812499999995 0.16108912037037038
0 0.13374479166666667 0.12030555555555557 0.04374348958333337 0.17041550925925925
0 0.178765625 0.1312222222222222 0.06249186197916667 0.13428414351851847
0 0.22511458333333334 0.16291666666666665 0.055727539062500026 0.17779803240740744
0 0.0328125 0.2375 0.065625 0.09907407407407408
0 0.11652604166666668 0.2408796296296296 0.09480078124999997 0.10462789351851859
0 0.057291666666666664 0.29305555555555557 0.11458333333333333 0.05462962962962963
0 0.2765625 0.3037037037037037 0.08541666666666667 0.08333333333333333
0 0.011458333333333333 0.03333333333333333 0.022916666666666665 0.06666666666666667
0 0.058005208333333336 0.3555462962962963 0.10991731770833332 0.06106770833333333
3 0.15885416666666666 0.35509259259259257 0.08541666666666667 0.18796296296296297
0 0.30494791666666665 0.3939814814814815 0.028645833333333332 0.11018518518518519
0 0.27005208333333336 0.41203703703703703 0.0984375 0.07407407407407407
0 0.03359375 0.0787037037037037 0.0671875 0.1574074074074074
2 0.5902812500000001 0.20331481481481486 0.017706705729166692 0.045322337962963075
2 0.160421875 0.6273796296296297 0.01976822916666663 0.0472690972222223
2 0.45086979166666663 0.7283055555555557 0.018216796874999965 0.03986168981481489