0 0.2366 0.13737252549490103 0.0698 0.05638872225554889
0 0.0266 0.14097180563887224 0.0532 0.08818236352729454
0 0.076 0.1841631673665267 0.0756 0.08728254349130174
0 0.0198 0.21625674865026995 0.0396 0.05098980203959208
3 0.1952 0.22315536892621476 0.0898 0.10407918416316736
0 0.111 0.23485302939412117 0.0702 0.05728854229154169
0 0.1848 0.27624475104979 0.0698 0.059088182363527295
0 0.005 0.28674265146970607 0.01 0.09118176364727054
0 0.2796 0.29214157168566285 0.0424 0.10647870425914817
0 0.0668 0.3017396520695861 0.04 0.1217756448710258
0 0.1068 0.3137372525494901 0.0586 0.11277744451109778
0 0.1456 0.32483503299340133 0.0414 0.1259748050389922
0 0.0354 0.33923215356928615 0.0444 0.13047390521895622
0 0.3348 0.34463107378524294 0.0244 0.10767846430713857
0 0.208 0.35842831433713257 0.061 0.09328134373125375
0 0.0186 0.38452309538092383 0.037 0.08728254349130174
0 0.2638 0.38662267546490703 0.0468 0.08188362327534493
0 0.1038 0.4055188962207559 0.0838 0.059988002399520096
0 0.3194 0.40851829634073183 0.0692 0.10137972405518897
0 0.378 0.4217156568686263 0.023 0.09418116376724656
0 0.2722 0.4460107978404319 0.0716 0.045890821835632874
0 0.0144 0.4511097780443911 0.0288 0.03539292141571686
0 0.1032 0.06778644271145771 0.0614 0.07858428314337132
0 0.9426 0.10317936412717456 0.114 0.20635872825434912
3 0.7412 0.23455308938212358 0.328 0.46910617876424715
0 0.167692 0.7140071985602879 0.05199300000000003 0.07859065686862621
0 0.769 0.5659868026394721 0.0654 0.14967006598680263