0 0.2444164265129683 0.06258234519104085 0.07024495677233429 0.1251646903820817
0 0.16295749279538904 0.10765480895915677 0.12212445965417873 0.09293807641633728
0 0.03692363112391931 0.12911725955204217 0.07384726224783862 0.0764163372859025
0 0.023955331412103747 0.26910408432147565 0.047910662824207494 0.16666666666666666
0 0.09723703170028819 0.2847364953886693 0.10012923270893367 0.08628540843214759
0 0.3110482708933718 0.3034584980237154 0.04650261167146972 0.1818305335968379
3 0.21343659942363113 0.37187088274044794 0.05727665706051873 0.23386034255599472
0 0.09203890489913545 0.4285243741765481 0.0925792507204611 0.12055335968379446
0 0.11005043227665706 0.04117259552042161 0.09978386167146974 0.08234519104084322
0 0.010987031700288185 0.44367588932806323 0.02197406340057637 0.09025032938076416
0 0.6370064841498558 0.1700197628458498 0.015846992074927884 0.03358448616600786
0 0.6533393371757925 0.2509288537549407 0.011149585734870262 0.017168148880105386
0 0.6386239193083574 0.27112648221343877 0.021978115994236234 0.02312335309617914
0 0.6308177233429395 0.29681818181818187 0.01874144452449572 0.01650197628458495