3 0.23958333333333334 0.3578703703703704 0.115625 0.25277777777777777
0 0.47109375 0.3699074074074074 0.03567708333333333 0.2050925925925926
0 0.3921875 0.37546296296296294 0.11119791666666666 0.0699074074074074
0 0.14270833333333333 0.4337962962962963 0.09973958333333334 0.13935185185185187
0 0.22942708333333334 0.5046296296296297 0.09166666666666666 0.15138888888888888
0 0.47369791666666666 0.5462962962962963 0.03046875 0.12314814814814815
0 0.41744791666666664 0.5722222222222222 0.10859375 0.1111111111111111
0 0.08151041666666667 0.6027777777777777 0.03697916666666667 0.1125
0 0.21614583333333334 0.6143518518518518 0.11953125 0.08425925925925926
0 0.4596354166666667 0.07314814814814814 0.05859375 0.14629629629629629
0 0.5938437499999999 0.48850000000000005 0.01976757812499995 0.05102083333333351
0 0.5491354166666668 0.5236759259259259 0.027079427083333368 0.025093749999999942
0 0.5813385416666667 0.5477500000000001 0.023983723958333415 0.04731481481481494
2 0.5488697916666666 0.5679629629629629 0.016148111979166775 0.05280439814814831
0 0.7901041666666667 0.6430555555555556 0.014583333333333334 0.030555555555555555
0 0.234375 0.7837962962962963 0.0796875 0.07268518518518519
0 0.2875 0.8634259259259259 0.09166666666666666 0.062037037037037036
0 0.09479166666666666 0.9009259259259259 0.07213541666666666 0.0763888888888889
0 0.2903645833333333 0.937962962962963 0.12005208333333334 0.06666666666666667
2 0.08177083333333333 0.9583333333333334 0.10026041666666667 0.04490740740740741
0 0.35911458333333335 0.9666666666666667 0.06979166666666667 0.04953703703703704
2 0.26119791666666664 0.7287037037037037 0.09661458333333334 0.05925925925925926
0 0.03125 0.7527777777777778 0.0625 0.09212962962962963
2 0.40208333333333335 0.7666666666666667 0.096875 0.04953703703703704
0 0.6443437499999999 0.8185648148148148 0.014554036458333404 0.06120023148148153