3 0.12734375 0.30925925925925923 0.06145833333333333 0.21851851851851853
0 0.25 0.3194444444444444 0.019010416666666665 0.17731481481481481
0 0.20807291666666666 0.324537037037037 0.05911458333333333 0.06018518518518518
0 0.07578125 0.37453703703703706 0.05286458333333333 0.12037037037037036
0 0.121875 0.4356481481481482 0.04869791666666667 0.13055555555555556
0 0.2515625 0.47175925925925927 0.016145833333333335 0.10648148148148148
0 0.22161458333333334 0.49444444444444446 0.0578125 0.09583333333333334
0 0.043229166666666666 0.5203703703703704 0.019791666666666666 0.0962962962962963
0 0.11484375 0.5305555555555556 0.06354166666666666 0.07268518518518519
0 0.24401041666666667 0.06342592592592593 0.030989583333333334 0.12638888888888888
0 0.423 0.3610370370370371 0.01768164062499989 0.042650462962962966
0 0.3465989583333334 0.47367592592592594 0.02549544270833337 0.026898148148148105
0 0.7712291666666666 0.5279907407407407 0.02342447916666662 0.03612499999999988
2 0.1295833333333333 0.7640925925925927 0.013013020833333399 0.06390162037037043
0 0.68046875 0.7805555555555556 0.07682291666666667 0.12731481481481483