0 0.020885416666666677 0.9486203703703704 0.016609375 0.042527777777777734
0 0.005989583333333334 0.9884259259259259 0.011979166666666667 0.021296296296296296
2 0.5417135416666666 0.6999166666666666 0.01903645833333334 0.056000000000000015
0 0.8402499999999999 0.7010555555555555 0.020619791666666623 0.03599074074074075
0 0.6889583333333333 0.7286203703703703 0.021291666666666695 0.03192592592592594
2 0.8280833333333334 0.7313425925925926 0.021656249999999964 0.020490740740740736
2 0.8707604166666667 0.7359166666666667 0.02233854166666672 0.02373148148148148
0 0.8966510416666668 0.7409444444444445 0.020010416666666704 0.024231481481481496
0 0.8487291666666666 0.7420462962962963 0.01726041666666672 0.05541666666666669
2 0.9329322916666667 0.7421203703703704 0.025447916666666615 0.023027777777777782
0 0.8148541666666667 0.7485277777777778 0.01463541666666662 0.04317592592592592
0 0.9122968750000001 0.750212962962963 0.019723958333333277 0.03275
0 0.6897395833333333 0.7505277777777778 0.02042187500000002 0.023898148148148123
0 0.5504791666666667 0.7520740740740741 0.023374999999999996 0.045499999999999985
0 0.8294322916666667 0.7614814814814814 0.019078125000000057 0.030777777777777786
0 0.8718697916666667 0.7732407407407408 0.024557291666666713 0.03346296296296295
2 0.8071666666666667 0.7893703703703704 0.01637500000000003 0.03850925925925929
0 0.6616093749999999 0.8074629629629629 0.021953124999999987 0.05443518518518515
0 0.6247135416666667 0.8323055555555555 0.01970833333333335 0.046712962962963005
0 0.7762083333333334 0.8448055555555556 0.019833333333333297 0.051333333333333384
0 0.7492968750000001 0.8630092592592592 0.021578125000000035 0.03589814814814813
0 0.5721875 0.9245833333333333 0.011703125000000014 0.016444444444444435
0 0.642421875 0.9475648148148148 0.019703125000000023 0.06056481481481479
2 0.45810416666666665 0.9520462962962963 0.024791666666666663 0.04544444444444448