0 0.7261970280682444 0.39282589676290464 0.011419922949917446 0.023403324584426947
0 0.7498624105668684 0.4048556430446194 0.008117776554760594 0.026246719160104987
2 0.7392680242157402 0.41097987751531057 0.011695101816180517 0.02821522309711286
0 0.7212438084755091 0.4153543307086614 0.004402861860209136 0.027340332458442695
0 0.7263346175013758 0.4179790026246719 0.006053935057787562 0.03521434820647419
0 0.7120253164556962 0.42782152230971127 0.013483764446890478 0.016185476815398076
0 0.6660704457897634 0.4776902887139108 0.010181618051733628 0.026246719160104987
0 0.5705833791964777 0.597331583552056 0.0085305448541552 0.03652668416447944
2 0.6977160154100165 0.6021434820647419 0.009906439185470555 0.03827646544181977
0 0.3387451843698404 0.8571741032370953 0.013621353880022015 0.010279965004374452
0 0.22936158503026968 0.8823272090988626 0.012795817281232802 0.010717410323709537
0 0.9881673087506879 0.805336832895888 0.023115024766097964 0.02099737532808399
0 0.7571849201981287 0.8128696412948382 0.012165657677490378 0.05716097987751529
0 0.7322757292239956 0.8142213473315836 0.020555861309851417 0.043477690288713906
0 0.6577407815079802 0.8147944006999125 0.03458172812328012 0.020529308836395442
0 0.8831095211887726 0.8172922134733158 0.01973307649972483 0.051579177602799633
0 0.7103192074848652 0.818153980752406 0.016959273527793094 0.05905511811023622
0 0.8096340121078701 0.8264435695538058 0.032083104017611455 0.031294838145231846
0 0.6263070996147496 0.826596675415573 0.016769400110071563 0.050883639545056855
0 0.9942212438084755 0.8296150481189851 0.01100715465052284 0.023184601924759404
0 0.8562795817281232 0.8374453193350831 0.013913043478260854 0.05329833770778654
0 0.9053962575674188 0.8410192475940507 0.025487066593285607 0.031054243219597554
0 0.9752861860209137 0.8477777777777777 0.01698128783709412 0.04167979002624671
0 0.6442707760044027 0.8604855643044619 0.027831590533846998 0.03962817147856519
0 0.8734067143643368 0.8620166229221347 0.026406164006604303 0.037874015748031516
0 0.5728453494771603 0.8772834645669292 0.028492019812878376 0.027917760279965027
0 0.8827077600440287 0.8837007874015749 0.01205283434232256 0.04557742782152233
0 0.9005971381397908 0.8873140857392826 0.015242157402311468 0.04991251093613299
0 0.6999312052834343 0.8903630796150481 0.0320088057237204 0.0415485564304462
0 0.9768547055586131 0.8981364829396327 0.014782608695652118 0.018678915135608067
0 0.7636020913593837 0.8985564304461942 0.015302696752889351 0.04541119860017495
0 0.787905888827738 0.9010148731408575 0.017336268574573474 0.0552143482064742
0 0.6508888277380297 0.914063867016623 0.02550357732526144 0.03304899387576551
0 0.6090726472206934 0.9169553805774278 0.030013758943313144 0.03594050743657044
0 0.9626527242707761 0.9281758530183727 0.033343423225096334 0.03395450568678913
0 0.6696367638965327 0.9681189851268591 0.030451293340671443 0.04188976377952756
0 0.7996697853604843 0.9746281714785652 0.014859658778205834 0.049868766404199474
0 0.8525399009356082 0.9812160979877516 0.016136488717666448 0.02856517935258091
0 0.8310401761144744 0.9901574803149606 0.032471106219042374 0.018810148731408575
0 0.9184094661529995 0.9888451443569554 0.02724270776004403 0.021434820647419073
0 0.7747660979636763 0.9853455818022747 0.01403412217941662 0.0284339457567804
0 0.9596862960924601 0.718503937007874 0.016235553109521187 0.01706036745406824
0 0.8326912493120529 0.7136920384951881 0.03467253714914695 0.0074365704286964126
0 0.6821216290588883 0.7369641294838145 0.01209961474958724 0.05281277340332459
0 0.9793505778756192 0.7375546806649169 0.02987892129884423 0.04451006124234471
0 0.9434534947716016 0.7445450568678915 0.03296642817831596 0.027209098862642167
0 0.7162328013208585 0.7650699912510937 0.023329664281783152 0.04541994750656167
0 0.990506329113924 0.7703412073490814 0.018436984039625758 0.02712160979877515
0 0.9682443588332416 0.7821216097987751 0.02395156851953769 0.03836395450568678