0 0.7291458333333334 0.07108333333333332 0.014999999999999977 0.05574074074074074
0 0.7374791666666667 0.1294074074074074 0.027499999999999976 0.031657407407407405
0 0.8045937500000001 0.13218518518518518 0.016104166666666704 0.044620370370370366
0 0.8295989583333333 0.15193518518518517 0.0140260416666667 0.05449074074074076
0 0.8664114583333333 0.17476851851851852 0.01890104166666665 0.04954629629629629
0 0.84409375 0.18110185185185182 0.016354166666666715 0.040879629629629606
0 0.8681041666666667 0.24023148148148152 0.012843750000000043 0.04111111111111109
2 0.8105677083333334 0.2556018518518518 0.02128124999999995 0.05473148148148149
0 0.8757708333333334 0.27563888888888893 0.02744791666666669 0.026055555555555544
0 0.84925 0.2826944444444444 0.011510416666666618 0.03367592592592593
0 0.9144166666666665 0.28300925925925924 0.024697916666666705 0.035398148148148165
0 0.8783125 0.3169166666666666 0.019875000000000042 0.027157407407407446
0 0.8382447916666665 0.34416666666666673 0.033322916666666674 0.030314814814814822
0 0.8095364583333333 0.40611111111111114 0.01874479166666667 0.055333333333333325
0 0.7516354166666666 0.42520370370370375 0.02893749999999997 0.02139814814814816
2 0.93046875 0.449537037037037 0.022395833333333334 0.03796296296296296
1 0.25163541666666667 0.624537037037037 0.07628645833333335 0.08837962962962961
0 0.9330729166666667 0.5898148148148148 0.0859375 0.08796296296296297
0 0.7072916666666667 0.5921296296296297 0.034375 0.12175925925925926
0 0.8380208333333333 0.6041666666666666 0.052083333333333336 0.11805555555555555
0 0.8877604166666667 0.6601851851851852 0.07421875 0.06481481481481481
0 0.521875 0.6953703703703704 0.07786458333333333 0.10601851851851851
0 0.9770833333333333 0.7222222222222222 0.04479166666666667 0.053703703703703705
0 0.90546875 0.7328703703703704 0.08046875 0.06666666666666667
0 0.4705729166666667 0.7467592592592592 0.06197916666666667 0.07685185185185185
0 0.5674479166666667 0.7532407407407408 0.11015625 0.053703703703703705
0 0.7700520833333333 0.7587962962962963 0.096875 0.052314814814814814
3 0.6713541666666667 0.7615740740740741 0.05286458333333333 0.19675925925925927
0 0.8765625 0.7902777777777777 0.09036458333333333 0.06018518518518518
0 0.9359375 0.7976851851851852 0.042708333333333334 0.11481481481481481
0 0.5692708333333333 0.8185185185185185 0.10651041666666666 0.05648148148148148
0 0.75234375 0.8199074074074074 0.08984375 0.05694444444444444
0 0.98984375 0.8208333333333333 0.020052083333333335 0.044444444444444446
0 0.4674479166666667 0.8240740740740741 0.05572916666666667 0.06851851851851852
0 0.8307291666666666 0.8476851851851852 0.05859375 0.11666666666666667
0 0.8861979166666667 0.8791666666666667 0.04739583333333333 0.11203703703703703
0 0.9859375 0.9004629629629629 0.027083333333333334 0.09351851851851851
0 0.7927083333333333 0.9009259259259259 0.08802083333333334 0.07175925925925926
0 0.5380208333333333 0.9087962962962963 0.08854166666666667 0.10324074074074074
0 0.475 0.9106481481481481 0.07057291666666667 0.12222222222222222
0 0.6692708333333334 0.9337962962962963 0.042708333333333334 0.13055555555555556
0 0.6205729166666667 0.9375 0.04635416666666667 0.12314814814814815
0 0.9138020833333333 0.9407407407407408 0.053125 0.11712962962962963
0 0.9546875 0.5171296296296296 0.0890625 0.04583333333333333
0 0.7502604166666667 0.9449074074074074 0.08098958333333334 0.10787037037037037
0 0.94609375 0.9523148148148148 0.04791666666666667 0.09351851851851851
0 0.5697916666666667 0.9523148148148148 0.0625 0.09351851851851851
0 0.47421875 0.9773148148148149 0.06927083333333334 0.04351851851851852