0 0.23763020833333334 0.018888888888888893 0.020822265624999996 0.03231481481481481
0 0.0739375 0.06784259259259261 0.017704101562499998 0.03237789351851856
2 0.15886458333333334 0.06987962962962962 0.01356770833333331 0.035183449074074086
0 0.34591666666666665 0.09982407407407408 0.022916992187499947 0.02501215277777778
0 0.24378645833333337 0.10305555555555557 0.021852213541666644 0.03516319444444444
0 0.2782395833333334 0.12767592592592591 0.025029296875000048 0.025956018518518545
0 0.101796875 0.1296388888888889 0.02138216145833335 0.023984953703703706
0 0.16391145833333332 0.14043518518518516 0.016666666666666666 0.0361643518518518
0 0.366359375 0.16225 0.013054036458333347 0.042554398148148154
0 0.23407812499999997 0.18336111111111109 0.023417317708333368 0.022169560185185195
0 0.354953125 0.22446296296296298 0.02445182291666666 0.030634259259259188
0 0.3226354166666667 0.2560925925925926 0.02236393229166668 0.023118055555555635
0 0.150890625 0.2795185185185185 0.018220377604166713 0.019432291666666716
0 0.341734375 0.2804351851851852 0.018778645833333368 0.022184027777777785
0 0.1890625 0.002777777777777778 0.023958333333333335 0.005555555555555556
0 0.35104166666666664 0.00787037037037037 0.010416666666666666 0.01574074074074074
3 0.6833333333333333 0.16805555555555557 0.14661458333333333 0.11851851851851852
0 0.9765625 0.1736111111111111 0.04505208333333333 0.0962962962962963
0 0.8765625 0.1763888888888889 0.14088541666666668 0.03287037037037037
0 0.5604166666666667 0.2037037037037037 0.1265625 0.06527777777777778
0 0.6703125 0.23657407407407408 0.11614583333333334 0.07083333333333333
0 0.9799479166666667 0.2564814814814815 0.03854166666666667 0.05787037037037037
0 0.90859375 0.26851851851851855 0.13776041666666666 0.052314814814814814
0 0.4830729166666667 0.2824074074074074 0.04739583333333333 0.05185185185185185
0 0.6533854166666667 0.2884259259259259 0.1515625 0.03935185185185185
0 0.9622395833333334 0.03425925925925926 0.07421875 0.06851851851851852
0 0.11432291666666666 0.6453703703703704 0.109375 0.13055555555555556
0 0.6508489583333333 0.8404814814814815 0.12032779947916658 0.12222800925925917