0 0.02408333333333333 0.04282407407407408 0.02082291666666666 0.027792824074074088
0 0.2735677083333333 0.052222222222222225 0.020827799479166725 0.032361111111111104
0 0.109875 0.10117592592592593 0.01769986979166669 0.03234837962962966
2 0.19480208333333332 0.10321296296296296 0.01356770833333331 0.035183449074074086
0 0.38185416666666666 0.13315740740740742 0.022916992187499947 0.02501215277777778
0 0.27972395833333336 0.1363888888888889 0.021863606770833263 0.03517418981481479
0 0.31417708333333333 0.16100925925925924 0.025029296875000048 0.025956018518518545
0 0.137734375 0.1629722222222222 0.02138216145833335 0.023984953703703706
2 0.42291666666666666 0.1712962962962963 0.0125 0.03333333333333333
0 0.19984895833333333 0.1737685185185185 0.016666666666666666 0.03613773148148143
0 0.402296875 0.19558333333333336 0.013054036458333347 0.042554398148148154
0 0.270015625 0.2166944444444444 0.023417317708333368 0.022169560185185195
0 0.42265625 0.24814814814814815 0.013020833333333334 0.02962962962962963
0 0.390890625 0.2577962962962963 0.024465494791666723 0.030594907407407317
0 0.3585729166666667 0.2894259259259259 0.02236393229166668 0.023118055555555635
0 0.18682812499999998 0.3128518518518518 0.018220377604166713 0.019432291666666716
0 0.377671875 0.3137685185185185 0.018778645833333368 0.022184027777777785
0 0.23828125 0.006944444444444444 0.013020833333333334 0.013888888888888888
2 0.4205729166666667 0.0125 0.0171875 0.025
0 0.35383333333333333 0.018416666666666668 0.018244791666666652 0.023126157407407404
0 0.2251875 0.026138888888888892 0.023447265624999977 0.02406192129629632
0 0.38675 0.033009259259259266 0.009858072916666672 0.030519675925925933
2 0.6548489583333333 0.4123148148148148 0.023954752604166647 0.06205266203703706
0 0.6070052083333334 0.5360648148148148 0.03075585937499999 0.03892187499999998
0 0.460109375 0.5450092592592592 0.02136979166666665 0.04998842592592588
0 0.5915520833333333 0.6400648148148148 0.026572916666666658 0.03983912037037037
0 0.46167187500000006 0.7746111111111111 0.01562174479166667 0.023196759259259268
0 0.48346354166666666 0.814425925925926 0.020840494791666705 0.04726967592592612
0 0.7807499999999999 0.8269814814814814 0.019746744791666635 0.03799537037037044
0 0.7611041666666668 0.827462962962963 0.01924348958333333 0.05270370370370356
0 0.8173645833333334 0.8444999999999999 0.02812011718750007 0.024122685185185195
0 0.76459375 0.8641296296296296 0.020834309895833295 0.0240711805555556
0 0.737328125 0.8681666666666666 0.025486328124999957 0.03702083333333319
0 0.8641666666666666 0.9054629629629629 0.024989583333333343 0.025953124999999858
0 0.68696875 0.926138888888889 0.03440006510416668 0.02685937500000006
0 0.6291458333333334 0.9313796296296296 0.014609374999999977 0.05187789351851856
0 0.56915625 0.9708888888888888 0.017198567708333338 0.0343495370370369
0 0.7294270833333333 0.9763888888888889 0.021354166666666667 0.04537037037037037