0 0.0234375 0.1125 0.018489583333333334 0.03287037037037037
0 0.24375 0.12361111111111112 0.018489583333333334 0.038425925925925926
2 0.23984375 0.016203703703703703 0.0203125 0.03194444444444444
0 0.09921875 0.18194444444444444 0.015625 0.038425925925925926
2 0.17421875 0.18472222222222223 0.011979166666666667 0.041666666666666664
0 0.33932291666666664 0.2199074074074074 0.0203125 0.02962962962962963
0 0.24921875 0.22407407407407406 0.019270833333333334 0.041666666666666664
0 0.2796875 0.25324074074074077 0.022135416666666668 0.031018518518518518
0 0.12395833333333334 0.25555555555555554 0.01875 0.028703703703703703
2 0.37838541666666664 0.26481481481481484 0.016145833333333335 0.038425925925925926
0 0.17864583333333334 0.26851851851851855 0.014583333333333334 0.043055555555555555
0 0.3575520833333333 0.29444444444444445 0.011458333333333333 0.050462962962962966
0 0.240625 0.3194444444444444 0.020572916666666666 0.02638888888888889
0 0.3796875 0.3574074074074074 0.019270833333333334 0.03425925925925926
0 0.34739583333333335 0.3685185185185185 0.021614583333333333 0.03657407407407407
0 0.31875 0.4060185185185185 0.019791666666666666 0.027314814814814816
0 0.1671875 0.4337962962962963 0.016145833333333335 0.023148148148148147
0 0.33567708333333335 0.4351851851851852 0.016666666666666666 0.02638888888888889
0 0.20104166666666667 0.5078703703703704 0.01796875 0.028703703703703703
0 0.30052083333333335 0.5087962962962963 0.015104166666666667 0.03194444444444444
0 0.32526041666666666 0.5148148148148148 0.021614583333333333 0.03425925925925926
0 0.2125 0.06342592592592593 0.0109375 0.028703703703703703
2 0.37578125 0.075 0.019270833333333334 0.03194444444444444
0 0.3145833333333333 0.0837962962962963 0.016145833333333335 0.027314814814814816
0 0.20104166666666667 0.09259259259259259 0.020572916666666666 0.028703703703703703
0 0.34375 0.10092592592592593 0.00859375 0.03611111111111111
2 0.8158854166666667 0.30694444444444446 0.14921875 0.1712962962962963
0 0.283703125 0.6603518518518519 0.03644531249999995 0.03330266203703705
0 0.3532083333333333 0.6616944444444445 0.03230208333333344 0.02878356481481482
0 0.32114583333333335 0.7167222222222221 0.01613671874999992 0.061143518518518486
0 0.29608333333333337 0.7294814814814814 0.025468098958333366 0.033269675925925904
0 0.30198958333333337 0.7623981481481481 0.010404947916666766 0.024949074074074016
0 0.3188333333333333 0.7733981481481481 0.022401367187500063 0.05553587962962962
0 0.29191666666666666 0.7749444444444445 0.010942382812500047 0.04446354166666666
0 0.35877083333333337 0.7920185185185186 0.036985677083333356 0.03703009259259265
0 0.3831354166666667 0.8516851851851851 0.017171875000000014 0.06289467592592601
0 0.24561458333333336 0.8788425925925926 0.019791992187499947 0.01848437499999999
0 0.26390104166666667 0.8945833333333333 0.014567708333333347 0.04074884259259256
0 0.24226041666666667 0.9459074074074074 0.011487630208333263 0.03803356481481467
0 0.23619791666666667 0.9856481481481482 0.013020833333333334 0.026851851851851852