0 0.21419270833333334 0.09296296296296297 0.020827799479166725 0.0323611111111111
2 0.20963541666666666 0.008333333333333333 0.0234375 0.016666666666666666
0 0.0505 0.14191666666666666 0.017704101562499998 0.03237789351851856
2 0.13542708333333334 0.1439537037037037 0.01356770833333331 0.035183449074074086
0 0.32247916666666665 0.17389814814814816 0.022917317708333346 0.02502430555555556
0 0.22034895833333337 0.17712962962962964 0.021852213541666644 0.03516319444444444
0 0.2548020833333334 0.20174999999999998 0.025014648437500023 0.025940972222222233
0 0.078359375 0.20371296296296296 0.02136816406250001 0.024029513888888864
2 0.36671875000000004 0.21163888888888888 0.01823079427083331 0.03235879629629629
0 0.14047395833333332 0.21450925925925926 0.016666666666666666 0.0361643518518518
0 0.342921875 0.2363240740740741 0.013037434895833281 0.042573495370370376
0 0.21064062499999997 0.25743518518518516 0.023397135416666614 0.022116898148148163
0 0.36802083333333335 0.2892037037037037 0.021870442708333233 0.028692708333333303
0 0.331515625 0.29853703703703705 0.024465494791666723 0.030594907407407317
0 0.2991979166666667 0.33016666666666666 0.02236393229166668 0.023118055555555635
0 0.127453125 0.35359259259259257 0.018220377604166713 0.019432291666666716
0 0.318296875 0.35450925925925925 0.018778645833333368 0.022184027777777785
0 0.1657708333333333 0.41559259259259257 0.020325846354166663 0.02405208333333338
0 0.2784010416666666 0.4164351851851852 0.017146484374999934 0.02688194444444447
0 0.30645833333333333 0.42148148148148146 0.024490885416666566 0.02870775462962972
0 0.17867708333333335 0.04204629629629629 0.01249316406249997 0.02407581018518517
2 0.36359895833333333 0.05207407407407407 0.021890299479166587 0.0268287037037037
0 0.2944583333333333 0.05915740740740741 0.018244791666666652 0.0231261574074074
0 0.1658125 0.06687962962962964 0.023447265624999977 0.02406192129629632
0 0.32737499999999997 0.07375000000000001 0.009858072916666672 0.030519675925925933
0 0.6801041666666666 0.014805555555555563 0.030202473958333323 0.024082175925925892
0 0.6495052083333334 0.03005555555555559 0.02811197916666662 0.021296875000000118
0 0.6356666666666667 0.04964814814814815 0.019790364583333307 0.045349537037037216
0 0.6585260416666666 0.056879629629629586 0.013547851562499958 0.03237615740740757
0 0.5433020833333333 0.18291666666666662 0.016637369791666738 0.06012037037037043
2 0.08827604166666667 0.7880277777777778 0.019246744791666732 0.050046296296296255