0 0.03822692151281008 0.09807692307692308 0.02989019926799512 0.028846153846153848
0 0.3960959739731598 0.1076923076923077 0.02989019926799512 0.03365384615384615
2 0.38989426596177307 0.014102564102564103 0.03283855225701505 0.027884615384615386
0 0.16134607564050427 0.15833333333333333 0.02541683611224075 0.03365384615384615
2 0.2831435542903619 0.1605769230769231 0.019520130134200894 0.03653846153846154
0 0.5513420089467264 0.19166666666666668 0.03283855225701505 0.025961538461538463
0 0.4049410329402196 0.19487179487179487 0.0313135420902806 0.03653846153846154
0 0.45435136234241563 0.2205128205128205 0.03588857259048393 0.026923076923076925
0 0.20130134200894673 0.22243589743589742 0.03060187067913786 0.025
2 0.6147824318828792 0.23076923076923078 0.026128507523383488 0.03333333333333333
0 0.2903619357462383 0.23365384615384616 0.023891825945506304 0.0375
0 0.5807238714924766 0.2564102564102564 0.01870679137860919 0.04423076923076923
0 0.39101260675071164 0.2782051282051282 0.03355022366815779 0.022756410256410255
0 0.6167141114274095 0.3108974358974359 0.0313135420902806 0.02980769230769231
0 0.5643554290361936 0.32083333333333336 0.035075233834892236 0.03173076923076923
0 0.5179951199674665 0.35352564102564105 0.032025213501423344 0.02403846153846154
0 0.2716551443676291 0.37756410256410255 0.026128507523383488 0.020192307692307693
0 0.5453436356242375 0.378525641025641 0.026941846278975192 0.023076923076923078
0 0.3266571777145181 0.44198717948717947 0.02917852785685238 0.025
0 0.4882065880439203 0.4426282051282051 0.024603497356649046 0.027884615384615386
0 0.5283651891012606 0.4480769230769231 0.035075233834892236 0.02980769230769231
0 0.34516063440422934 0.05512820512820513 0.017893452623017485 0.025
2 0.6103090687271249 0.06538461538461539 0.031415209434729564 0.027884615384615386
0 0.5111834078893859 0.07275641025641026 0.026128507523383488 0.02403846153846154
0 0.3266571777145181 0.08076923076923077 0.03365189101260675 0.025
0 0.5583570557137048 0.08782051282051281 0.014131760878405857 0.03173076923076923
2 0.7851098007320049 0.2433141025641026 0.006496797478649826 0.030193108974358934
2 0.2971736478243188 0.75 0.01962179747864986 0.020192307692307693
0 0.25020333468889794 0.7592948717948718 0.011488409922732819 0.025961538461538463
0 0.2821268808458723 0.7695512820512821 0.015250101667344449 0.015064102564102564
0 0.2624034160227735 0.7695512820512821 0.0175884505896706 0.011217948717948718
0 0.29473363155754373 0.7766025641025641 0.009150061000406669 0.017628205128205128
0 0.2686051240341602 0.7916666666666666 0.01799511996746645 0.014743589743589743