0 0.20556640625 0.2065972222222222 0.04296875 0.19618055555555555
0 0.472900390625 0.2521701388888889 0.07275390625 0.15364583333333334
3 0.349853515625 0.23914930555555555 0.07177734375 0.1796875
0 0.201416015625 0.2894965277777778 0.12158203125 0.07899305555555555
0 0.099609375 0.2790798611111111 0.0595703125 0.0998263888888889
0 0.45458984375 0.2890625 0.091796875 0.0798611111111111
0 0.033447265625 0.3003472222222222 0.06689453125 0.057291666666666664
0 0.0595703125 0.030381944444444444 0.08203125 0.06076388888888889
0 0.42822265625 0.04513888888888889 0.0703125 0.09027777777777778
0 0.15576171875 0.03342013888888889 0.1142578125 0.06684027777777778
0 0.350341796875 0.06293402777777778 0.04931640625 0.12586805555555555
0 0.48046875 0.09418402777777778 0.0576171875 0.08940972222222222
0 0.138671875 0.10416666666666667 0.1044921875 0.1579861111111111
0 0.043701171875 0.1150173611111111 0.08740234375 0.0842013888888889
0 0.251953125 0.1284722222222222 0.0625 0.1857638888888889
0 0.14794921875 0.16145833333333334 0.056640625 0.14588758680555555
0 0.44482421875 0.7035590277777778 0.12890625 0.2092013888888889
0 0.173828125 0.8059895833333334 0.123046875 0.3862847222222222
0 0.90966796875 0.6675347222222222 0.0205078125 0.04513888888888889
0 0.94091796875 0.6857638888888888 0.0146484375 0.04698350694444445
0 0.92333984375 0.7204861111111112 0.01171875 0.03819444444444445