0 0.06298828125 0.23524305555555555 0.0791015625 0.1769748263888889
0 0.33837890625 0.2543402777777778 0.04296875 0.19618055555555555
0 0.61376953125 0.3185763888888889 0.0888671875 0.1909722222222222
3 0.482421875 0.3428819444444444 0.0712890625 0.2916666666666667
0 0.333984375 0.34375 0.12109375 0.0920138888888889
0 0.232421875 0.3758680555555556 0.05950927734375 0.1978081597222222
0 0.58740234375 0.4010416666666667 0.091766357421875 0.20665147569444445
0 0.15380859375 0.4131944444444444 0.0908203125 0.1858181423611111
0 0.05908203125 0.4401041666666667 0.054718017578125 0.20838758680555555
0 0.5625 0.4895833333333333 0.0869140625 0.17881944444444445
0 0.4150390625 0.4986979166666667 0.083984375 0.1605902777777778
0 0.49560546875 0.5021701388888888 0.048828125 0.15364583333333334
0 0.214599609375 0.51953125 0.05126953125 0.1189236111111111
0 0.30224609375 0.5134548611111112 0.0615234375 0.1310763888888889
0 0.028076171875 0.5295138888888888 0.05615234375 0.09895833333333333
0 0.37646484375 0.5321180555555556 0.0625 0.09375
0 0.093017578125 0.024305555555555556 0.04443359375 0.04861111111111111
0 0.653564453125 0.0390625 0.03173828125 0.078125
0 0.1923828125 0.054253472222222224 0.08203125 0.10850694444444445
0 0.04150390625 0.06640625 0.0498046875 0.1328125
0 0.56103515625 0.06901041666666667 0.0703125 0.13802083333333334
0 0.28857421875 0.0625 0.113311767578125 0.10243055555555555
0 0.48291015625 0.09288194444444445 0.048828125 0.15977647569444445
0 0.016845703125 0.0993923611111111 0.03369140625 0.17447916666666666
0 0.626953125 0.14192708333333334 0.0849609375 0.08940972222222222
0 0.271484375 0.1519097222222222 0.1044921875 0.1579861111111111
0 0.16552734375 0.1623263888888889 0.10931396484375 0.08333333333333333
0 0.384765625 0.1762152777777778 0.0625 0.1857638888888889
0 0.28076171875 0.2092013888888889 0.056640625 0.14588758680555555
0 0.849609375 0.15364583333333334 0.025360107421875 0.043402777777777776
0 0.884765625 0.16927083333333334 0.02154541015625 0.036566840277777776
0 0.7509765625 0.18663194444444445 0.01751708984375 0.032877604166666664
0 0.94873046875 0.1875 0.01263427734375 0.036458333333333336
2 0.9384765625 0.2222222222222222 0.0244140625 0.026041666666666668
0 0.91845703125 0.23697916666666666 0.01080322265625 0.03982204861111111
0 0.95654296875 0.23958333333333334 0.00885009765625 0.046875
0 0.93798828125 0.2699652777777778 0.02056884765625 0.04861111111111111
0 0.88037109375 0.3029513888888889 0.016571044921875 0.03993055555555555
0 0.89453125 0.3220486111111111 0.02545166015625 0.032877604166666664
2 0.8203125 0.3845486111111111 0.0263671875 0.05029296875
0 0.993896484375 0.4700520833333333 0.01123046875 0.035590277777777776
0 0.98291015625 0.5499131944444444 0.033203125 0.058159722222222224
0 0.7607421875 0.5729166666666666 0.0234375 0.012152777777777778
0 0.03369140625 0.6770833333333334 0.025360107421875 0.043402777777777776
0 0.06884765625 0.6927083333333334 0.02154541015625 0.036566840277777776
0 0.1328125 0.7109375 0.01263427734375 0.036458333333333336
2 0.12255859375 0.7456597222222222 0.0244140625 0.026041666666666668
0 0.1025390625 0.7604166666666666 0.01080322265625 0.03982204861111111
0 0.140625 0.7630208333333334 0.00885009765625 0.046875
0 0.2138671875 0.7638888888888888 0.022491455078125 0.029568142361111112
0 0.1220703125 0.7934027777777778 0.02056884765625 0.04861111111111111
0 0.064453125 0.8263888888888888 0.016571044921875 0.03993055555555555
0 0.07861328125 0.8454861111111112 0.02545166015625 0.032877604166666664
2 0.009033203125 0.9079861111111112 0.01806640625 0.050347222222222224
0 0.18017578125 0.9874131944444444 0.015625 0.0234375