0 0.078125 0.296875 0.0791015625 0.1769748263888889
0 0.353515625 0.3159722222222222 0.04296875 0.19618055555555555
0 0.005615234375 0.3728298611111111 0.01123046875 0.15885416666666666
0 0.3388671875 0.4058159722222222 0.1005859375 0.09288194444444445
0 0.24755859375 0.4136284722222222 0.0595703125 0.1501736111111111
0 0.169189453125 0.4348958333333333 0.09130859375 0.1076388888888889
0 0.07421875 0.4427083333333333 0.0556640625 0.0920138888888889
0 0.28515625 0.030381944444444444 0.0576171875 0.06076388888888889
0 0.2255859375 0.029947916666666668 0.095703125 0.059895833333333336
0 0.3671875 0.03515625 0.0439453125 0.0703125
0 0.108154296875 0.055121527777777776 0.04443359375 0.11024305555555555
0 0.046630859375 0.037760416666666664 0.09326171875 0.07552083333333333
0 0.20751953125 0.10590277777777778 0.08111572265625 0.1267361111111111
0 0.056640625 0.11631944444444445 0.04888916015625 0.1545138888888889
0 0.3037109375 0.12413194444444445 0.11334228515625 0.10243055555555555
0 0.0244140625 0.16102430555555555 0.048828125 0.17447916666666666
0 0.28662109375 0.21354166666666666 0.1044921875 0.1579861111111111
0 0.1806640625 0.22395833333333334 0.109344482421875 0.08333333333333333
0 0.37890625 0.23828125 0.0205078125 0.18663194444444445
0 0.2958984375 0.2708333333333333 0.056640625 0.1459418402777778
0 0.943359375 0.1935763888888889 0.0302734375 0.041558159722222224
0 0.90673828125 0.2144097222222222 0.03033447265625 0.027777777777777776
0 0.57763671875 0.2248263888888889 0.0263671875 0.04871961805555555
0 0.7314453125 0.2630208333333333 0.023406982421875 0.055609809027777776
0 0.56640625 0.2708333333333333 0.011688232421875 0.05723741319444445
0 0.92529296875 0.2838541666666667 0.03515625 0.048665364583333336
0 0.7001953125 0.3472222222222222 0.025390625 0.039876302083333336
0 0.7294921875 0.3498263888888889 0.0205078125 0.041666666666666664
0 0.43115234375 0.3532986111111111 0.01654052734375 0.0380859375
0 0.90625 0.3932291666666667 0.037109375 0.0832790798611111
0 0.82861328125 0.4097222222222222 0.03515625 0.029568142361111112
0 0.86474609375 0.4149305555555556 0.0283203125 0.04513888888888889
0 0.04052734375 0.7560763888888888 0.021514892578125 0.03293185763888889
0 0.234375 0.9461805555555556 0.032196044921875 0.031304253472222224