0 0.5595703125 0.0625 0.0595703125 0.125
0 0.4541015625 0.08159722222222222 0.142547607421875 0.08501519097222222
0 0.076416015625 0.09505208333333333 0.04345703125 0.19010416666666666
0 0.3515625 0.15538194444444445 0.0888671875 0.1909722222222222
0 0.45947265625 0.1701388888888889 0.091796875 0.10601128472222222
0 0.549560546875 0.17274305555555555 0.07958984375 0.07465277777777778
3 0.22021484375 0.1796875 0.0712890625 0.2916666666666667
0 0.07177734375 0.18055555555555555 0.12109375 0.0920138888888889
0 0.3251953125 0.2378472222222222 0.091766357421875 0.20665147569444445
0 0.45458984375 0.3064236111111111 0.0927734375 0.15966796875
0 0.543212890625 0.3142361111111111 0.09228515625 0.1597222222222222
0 0.30029296875 0.3489583333333333 0.086883544921875 0.22395833333333334
0 0.15283203125 0.3689236111111111 0.083038330078125 0.22574869791666666
0 0.2333984375 0.3706597222222222 0.04876708984375 0.2170138888888889
0 0.0400390625 0.4088541666666667 0.060577392578125 0.24658203125
0 0.1142578125 0.4331597222222222 0.062469482421875 0.2222222222222222
0 0.35986328125 0.4769965277777778 0.095703125 0.14322916666666666
0 0.556884765625 0.4743923611111111 0.06494140625 0.1484375
0 0.28466796875 0.5125868055555556 0.1162109375 0.0720486111111111
0 0.171875 0.5099826388888888 0.109375 0.07725694444444445
0 0.475341796875 0.5425347222222222 0.04541015625 0.012152777777777778
0 0.3662109375 0.01171875 0.087890625 0.0234375
0 0.031005859375 0.03428819444444445 0.06201171875 0.0685763888888889
0 0.490234375 0.03515625 0.08203125 0.0703125
0 0.122802734375 0.053385416666666664 0.06298828125 0.10677083333333333
0 0.023681640625 0.059895833333333336 0.04736328125 0.11979166666666667
2 0.8525390625 0.1449652777777778 0.0185546875 0.045247395833333336
0 0.74755859375 0.9010416666666666 0.023406982421875 0.03477647569444445