0 0.2314453125 0.1308531109685696 0.04296875 0.14496472097498397
0 0.49072265625 0.17864015394483643 0.056640625 0.14175753688261705
3 0.37548828125 0.19627966645285438 0.0712890625 0.2155227710070558
0 0.22705078125 0.19692110327132778 0.12109375 0.06799230275817832
0 0.12548828125 0.22065426555484285 0.05950927734375 0.14616741500962155
0 0.476806640625 0.23925593329057088 0.08447265625 0.1539448364336113
0 0.046875 0.2482360487491982 0.0908203125 0.13730756895445798
0 0.45556640625 0.3037203335471456 0.0869140625 0.1302116741500962
0 0.30810546875 0.3104554201411161 0.083984375 0.11674150096215523
0 0.388671875 0.3130211674150096 0.048828125 0.11161000641436819
0 0.107666015625 0.3258499037844772 0.05126953125 0.08595253367543297
0 0.1953125 0.32135984605516354 0.0615234375 0.0949326491340603
0 0.26953125 0.33515073765234127 0.0625 0.06735086593970493
0 0.08544921875 0.011545862732520847 0.08203125 0.023091725465041693
0 0.4541015625 0.02245028864656831 0.0703125 0.04490057729313662
0 0.181640625 0.013790891597177678 0.1142578125 0.027581783194355357
0 0.376220703125 0.03559974342527261 0.04931640625 0.07119948685054522
0 0.498291015625 0.04778704297626684 0.04150390625 0.06606799230275817
0 0.164794921875 0.05708787684413085 0.10498046875 0.1141757536882617
0 0.05859375 0.06286080821039128 0.10931396484375 0.061577934573444515
0 0.27783203125 0.07312379730596537 0.0625 0.1372674791533034
0 0.173828125 0.09749839640795381 0.056640625 0.1078014753046825
2 0.5634765625 0.2354073123797306 0.02044677734375 0.04353752405388069
0 0.39892578125 0.40987812700449006 0.099609375 0.08082103912764593
0 0.05712890625 0.43264913406029504 0.1142578125 0.12636305323925592
0 0.205322265625 0.43681847338037205 0.16943359375 0.13470173187940987
0 0.10107421875 0.504169339320077 0.2021484375 0.0718409236690186
0 0.46728515625 0.517639512508018 0.103515625 0.10904425914047466
0 0.1005859375 0.5862732520846696 0.1962890625 0.07953816549069917
3 0.28076171875 0.6433611289288005 0.15130615234375 0.3604874919820398
0 0.455810546875 0.6844130853110969 0.12646484375 0.14496472097498397
0 0.089599609375 0.7851186658114175 0.17919921875 0.2116741500962155
0 0.038330078125 0.7870429762668377 0.07666015625 0.10006414368184734
0 0.469970703125 0.8585631815266196 0.09814453125 0.20076972418216807
0 0.35546875 0.8723540731237973 0.1083984375 0.25400898011545864
0 0.503173828125 0.9082745349583066 0.03173828125 0.18216805644644002
0 0.25244140625 0.9037844772289929 0.0791015625 0.19114817190506736
0 0.167724609375 0.9124438742783836 0.08447265625 0.17382937780628607
0 0.06005859375 0.935856318152662 0.1201171875 0.12700449005772932
0 0.96484375 0.6151379089159718 0.0693359375 0.22578576010262988