0 0.43115234375 0.16145833333333334 0.12109375 0.13026258680555555
0 0.294921875 0.1840277777777778 0.142547607421875 0.08501519097222222
0 0.1923828125 0.2578125 0.0888671875 0.1909722222222222
0 0.30029296875 0.2725694444444444 0.091796875 0.10595703125
0 0.40673828125 0.2751736111111111 0.112274169921875 0.0729709201388889
3 0.06103515625 0.2821180555555556 0.0712890625 0.2916666666666667
0 0.166015625 0.3402777777777778 0.09173583984375 0.20670572916666666
0 0.492431640625 0.3828125 0.03369140625 0.21875
0 0.29541015625 0.4088541666666667 0.0927734375 0.1596137152777778
0 0.384765625 0.4166666666666667 0.093719482421875 0.15804036458333334
0 0.14111328125 0.4513888888888889 0.08685302734375 0.22395833333333334
0 0.017822265625 0.4713541666666667 0.03564453125 0.22743055555555555
0 0.07421875 0.4730902777777778 0.048797607421875 0.2170138888888889
0 0.4716796875 0.5082465277777778 0.0625 0.1605902777777778
0 0.20068359375 0.5481770833333334 0.095703125 0.08072916666666667
0 0.4111328125 0.5455729166666666 0.091796875 0.0859375
0 0.1396484375 0.038628472222222224 0.0703125 0.07725694444444445
0 0.470703125 0.034722222222222224 0.0771484375 0.06944444444444445
0 0.061767578125 0.05642361111111111 0.04931640625 0.11284722222222222
0 0.374755859375 0.046875 0.11279296875 0.09375
0 0.20703125 0.08072916666666667 0.08782958984375 0.08854166666666667
0 0.3310546875 0.09635416666666667 0.082000732421875 0.15272352430555555
2 0.56982421875 0.11458333333333333 0.0205078125 0.052083333333333336
2 0.62744140625 0.1579861111111111 0.01361083984375 0.026041666666666668
2 0.5478515625 0.1736111111111111 0.0185546875 0.043402777777777776
0 0.68701171875 0.1918402777777778 0.029296875 0.033040364583333336
2 0.666015625 0.24131944444444445 0.030303955078125 0.03125
0 0.76953125 0.28125 0.024444580078125 0.05202907986111111
0 0.75439453125 0.7387152777777778 0.0498046875 0.05908203125