0 0.03466796875 0.17578125 0.0693359375 0.099609375
0 0.3046875 0.1865234375 0.04296875 0.1103515625
3 0.44873046875 0.236328125 0.0712890625 0.1640625
0 0.30029296875 0.23681640625 0.12109375 0.0517578125
0 0.19873046875 0.2548828125 0.05950927734375 0.11126708984375
0 0.1201171875 0.27587890625 0.0908203125 0.10455322265625
0 0.026611328125 0.291015625 0.05322265625 0.1181640625
0 0.38134765625 0.3427734375 0.083038330078125 0.126983642578125
0 0.4619140625 0.34375 0.048797607421875 0.1220703125
0 0.1806640625 0.36279296875 0.05078125 0.12109375
0 0.2685546875 0.365234375 0.060577392578125 0.138702392578125
0 0.01123046875 0.369873046875 0.0224609375 0.11279296875
0 0.3427734375 0.37890625 0.062469482421875 0.125
0 0.140869140625 0.40380859375 0.13134765625 0.0908203125
0 0.477294921875 0.42578125 0.04443359375 0.044921875
0 0.400390625 0.4248046875 0.109375 0.048828125
0 0.301513671875 0.009521484375 0.07080078125 0.01904296875
0 0.236328125 0.021484375 0.0576171875 0.04296875
0 0.419921875 0.021240234375 0.044921875 0.04248046875
0 0.1767578125 0.021240234375 0.095703125 0.04248046875
0 0.34521484375 0.024169921875 0.09765625 0.04833984375
0 0.47412109375 0.022705078125 0.05078125 0.04541015625
0 0.059326171875 0.035400390625 0.04443359375 0.07080078125
0 0.022216796875 0.025634765625 0.04443359375 0.05126953125
0 0.15869140625 0.068359375 0.08111572265625 0.0712890625
0 0.016357421875 0.074462890625 0.03271484375 0.08740234375
0 0.2548828125 0.07861328125 0.11334228515625 0.0576171875
0 0.44921875 0.095703125 0.048828125 0.08990478515625
0 0.23779296875 0.12890625 0.1044921875 0.0888671875
0 0.1318359375 0.134765625 0.109344482421875 0.046875
0 0.35107421875 0.142578125 0.0625 0.1044921875
0 0.2470703125 0.1611328125 0.056640625 0.08209228515625
0 0.113037109375 0.522705078125 0.22607421875 0.14599609375
3 0.32861328125 0.73779296875 0.341796875 0.2548828125
0 0.540283203125 0.50634765625 0.08056640625 0.11328125
0 0.61328125 0.513671875 0.078125 0.1279296875
0 0.693359375 0.510009765625 0.111328125 0.12060546875
0 0.7763671875 0.536865234375 0.099609375 0.17431640625
0 0.986328125 0.572265625 0.0263671875 0.17578125
0 0.583740234375 0.6123046875 0.16748046875 0.10546875
0 0.539794921875 0.6650390625 0.07958984375 0.0546875
0 0.896240234375 0.67529296875 0.20654296875 0.0830078125
0 0.538330078125 0.727783203125 0.07666015625 0.06103515625
3 0.658203125 0.77099609375 0.15130615234375 0.2744140625
0 0.946533203125 0.77978515625 0.10595703125 0.1376953125
0 0.86767578125 0.80224609375 0.1953125 0.11029052734375
0 0.5283203125 0.87890625 0.056640625 0.1611328125
0 0.980712890625 0.912109375 0.03759765625 0.142578125
0 0.856201171875 0.928955078125 0.11572265625 0.14111328125
0 0.73291015625 0.924072265625 0.1083984375 0.15087890625
0 0.916748046875 0.951416015625 0.10400390625 0.09619140625
0 0.6298828125 0.947998046875 0.0791015625 0.10302734375
0 0.545166015625 0.95458984375 0.08447265625 0.08984375