0 0.014322916666666666 0.11388888888888889 0.028645833333333332 0.06620370370370371
0 0.33255208333333336 0.015277777777777777 0.0484375 0.030555555555555555
0 0.33984375 0.17824074074074073 0.059375 0.09305555555555556
2 0.14401041666666667 0.2101851851851852 0.05572916666666667 0.0787037037037037
0 0.2708333333333333 0.24027777777777778 0.05078125 0.11481481481481481
0 0.21640625 0.25787037037037036 0.059375 0.09074074074074075
0 0.05520833333333333 0.3106481481481482 0.0296875 0.1050925925925926
0 0.016145833333333335 0.3523148148148148 0.03229166666666667 0.08981481481481482
2 0.12942708333333333 0.399537037037037 0.05182291666666667 0.09953703703703703
0 0.3458333333333333 0.42777777777777776 0.05234375 0.10092592592592593
0 0.221875 0.48333333333333334 0.053385416666666664 0.08194444444444444
2 0.09010416666666667 0.5259259259259259 0.05234375 0.0875
0 0.38177083333333334 0.5314814814814814 0.04505208333333333 0.05092592592592592
0 0.025260416666666667 0.5615740740740741 0.050520833333333334 0.05462962962962963
0 0.3015625 0.5671296296296297 0.03958333333333333 0.04351851851851852
0 0.20520833333333333 0.575 0.03229166666666667 0.027777777777777776
2 0.04479166666666667 0.06527777777777778 0.05130208333333333 0.09305555555555556
0 0.3458333333333333 0.0712962962962963 0.059895833333333336 0.06111111111111111
2 0.17421875 0.10231481481481482 0.05546875 0.08981481481481482
0 0.4044270833333333 0.10601851851851851 0.009635416666666667 0.05092592592592592
0 0.7905364583333333 0.5449722222222223 0.0255253906250001 0.028797453703703645
0 0.8186666666666668 0.5560833333333334 0.023441406249999967 0.021390046296296237
2 0.010416666666666666 0.9643518518518519 0.020833333333333332 0.041666666666666664
2 0.7393177083333333 0.8301481481481481 0.019221354166666652 0.04916550925925936