0 0.022916666666666665 0.07314814814814814 0.045572916666666664 0.04259259259259259
0 0.52734375 0.009722222222222222 0.07630208333333334 0.019444444444444445
0 0.5390625 0.11481481481481481 0.09427083333333333 0.059722222222222225
2 0.22838541666666667 0.13518518518518519 0.08854166666666667 0.050462962962962966
0 0.42942708333333335 0.15462962962962962 0.08046875 0.07407407407407407
0 0.34296875 0.16620370370370371 0.09427083333333333 0.058333333333333334
0 0.0875 0.2 0.047135416666666666 0.06759259259259259
0 0.02578125 0.22685185185185186 0.05130208333333333 0.05787037037037037
2 0.20520833333333333 0.2569444444444444 0.08203125 0.06388888888888888
0 0.5484375 0.27546296296296297 0.0828125 0.06481481481481481
0 0.35182291666666665 0.3111111111111111 0.084375 0.05277777777777778
2 0.14296875 0.3384259259259259 0.0828125 0.05648148148148148
0 0.60546875 0.3421296296296296 0.07161458333333333 0.03287037037037037
0 0.03984375 0.36157407407407405 0.0796875 0.034722222222222224
0 0.4783854166666667 0.3648148148148148 0.06302083333333333 0.027777777777777776
0 0.3255208333333333 0.3699074074074074 0.05130208333333333 0.017592592592592594
2 0.07083333333333333 0.04212962962962963 0.08125 0.059722222222222225
0 0.5481770833333334 0.04583333333333333 0.09505208333333333 0.03935185185185185
2 0.27630208333333334 0.06574074074074074 0.08776041666666666 0.05787037037037037
0 0.64140625 0.06851851851851852 0.015364583333333333 0.03287037037037037
2 0.021364583333333322 0.519787037037037 0.021902018229166723 0.05463310185185188
0 0.08820312500000001 0.5808796296296297 0.032813802083333246 0.02682349537037028
0 0.12204166666666669 0.6123148148148148 0.010419270833333272 0.05457407407407412
0 0.14551562499999998 0.6165092592592593 0.018220703125000053 0.029648148148148343
0 0.10266145833333334 0.6175092592592593 0.020791015625000023 0.04078125000000004
0 0.11020833333333334 0.6234537037037038 0.015631510416666692 0.04160300925925913
0 0.13413541666666665 0.6351111111111111 0.014070312499999934 0.029642361111110967
0 0.11326041666666668 0.6492407407407407 0.01828710937499996 0.03886458333333322
0 0.2870885416666667 0.6566944444444445 0.015615234374999905 0.06574826388888895
0 0.9531354166666667 0.5672777777777779 0.023946289062500032 0.03982754629629626
0 0.9528489583333334 0.6588796296296296 0.026565104166666725 0.023196759259259268
2 0.8523229166666667 0.6778425925925926 0.020302734374999964 0.04268634259259253
0 0.9942708333333333 0.6828703703703703 0.010416666666666666 0.028703703703703703
0 0.9719635416666667 0.7209166666666667 0.020851236979166642 0.0574068287037038
0 0.9360989583333333 0.7345462962962962 0.029177734375000004 0.024939814814814765
2 0.9860677083333333 0.7448796296296296 0.018735677083333256 0.052881944444444405
0 0.9916666666666667 0.7509259259259259 0.015625 0.022222222222222223
0 0.7879010416666666 0.7542222222222221 0.02031901041666669 0.026898148148148105
2 0.897375 0.7927962962962963 0.02296874999999995 0.04538425925925914
0 0.9169114583333333 0.8813703703703704 0.016197265625000058 0.03338310185185168
2 0.835828125 0.9574351851851851 0.02343229166666661 0.050042245370370345