0 0.011979166666666667 0.10046296296296296 0.023697916666666666 0.058333333333333334
0 0.2755208333333333 0.013425925925925926 0.040625 0.026851851851851852
0 0.28151041666666665 0.15694444444444444 0.04921875 0.08194444444444444
2 0.11927083333333334 0.18518518518518517 0.04635416666666667 0.06898148148148148
0 0.22421875 0.21157407407407408 0.04192708333333333 0.10138888888888889
0 0.17916666666666667 0.2273148148148148 0.04921875 0.08009259259259259
0 0.04583333333333333 0.27361111111111114 0.024739583333333332 0.09259259259259259
0 0.013541666666666667 0.3101851851851852 0.027083333333333334 0.07962962962962963
2 0.10703125 0.35185185185185186 0.04296875 0.0875
0 0.2864583333333333 0.3768518518518518 0.043229166666666666 0.08888888888888889
0 0.18385416666666668 0.42592592592592593 0.04401041666666667 0.07222222222222222
2 0.07473958333333333 0.46296296296296297 0.043229166666666666 0.07685185185185185
0 0.31640625 0.46805555555555556 0.03723958333333333 0.04490740740740741
0 0.020833333333333332 0.49444444444444446 0.041666666666666664 0.047685185185185185
0 0.25 0.49907407407407406 0.03307291666666667 0.03888888888888889
0 0.17005208333333333 0.5064814814814815 0.026822916666666665 0.024537037037037038
2 0.03697916666666667 0.05787037037037037 0.04244791666666667 0.08194444444444444
0 0.2864583333333333 0.06296296296296296 0.04973958333333333 0.053703703703703705
2 0.14427083333333332 0.09027777777777778 0.04583333333333333 0.07916666666666666
0 0.33515625 0.09351851851851851 0.008072916666666667 0.04490740740740741
2 0.7285625000000001 0.3526944444444444 0.01822591145833326 0.04253587962962965
2 0.7221354166666667 0.6666666666666666 0.18697916666666667 0.11666666666666667