0 0.0171875 0.07546296296296297 0.034375 0.04398148148148148
0 0.3971354166666667 0.010185185185185186 0.0578125 0.020370370370370372
0 0.40598958333333335 0.1175925925925926 0.07109375 0.06157407407407407
2 0.17213541666666668 0.1388888888888889 0.06666666666666667 0.05185185185185185
0 0.3234375 0.1587962962962963 0.06067708333333333 0.07592592592592592
0 0.25833333333333336 0.17037037037037037 0.07109375 0.06018518518518518
0 0.06588541666666667 0.20555555555555555 0.035416666666666666 0.06944444444444445
0 0.019270833333333334 0.23287037037037037 0.03854166666666667 0.05925925925925926
2 0.15442708333333333 0.2638888888888889 0.06171875 0.06574074074074074
0 0.41328125 0.2828703703703704 0.0625 0.06666666666666667
0 0.26484375 0.3194444444444444 0.06354166666666666 0.05416666666666667
2 0.1078125 0.3476851851851852 0.0625 0.05787037037037037
0 0.45625 0.35138888888888886 0.05390625 0.033796296296296297
0 0.029947916666666668 0.3712962962962963 0.059895833333333336 0.03564814814814815
0 0.36015625 0.375 0.047135416666666666 0.029166666666666667
0 0.24505208333333334 0.3800925925925926 0.03854166666666667 0.018055555555555554
2 0.053385416666666664 0.043055555555555555 0.061197916666666664 0.06157407407407407
0 0.41302083333333334 0.04722222222222222 0.07161458333333333 0.04027777777777778
2 0.20807291666666666 0.06759259259259259 0.06614583333333333 0.05925925925925926
0 0.4830729166666667 0.07037037037037037 0.01171875 0.033796296296296297
0 0.14521354166666664 0.4841851851851853 0.028642578125000047 0.03521469907407409
0 0.30904166666666666 0.6008425925925925 0.019791015624999984 0.057462962962963125
2 0.9064270833333334 0.824138888888889 0.01874837239583336 0.040787615740740815