0 0.020052083333333335 0.08888888888888889 0.03984375 0.05185185185185185
0 0.4622395833333333 0.011574074074074073 0.06692708333333333 0.023148148148148147
0 0.47239583333333335 0.1388888888888889 0.08255208333333333 0.07222222222222222
2 0.20026041666666666 0.16342592592592592 0.07760416666666667 0.06111111111111111
0 0.3763020833333333 0.18703703703703703 0.07057291666666667 0.08935185185185185
0 0.30078125 0.20092592592592592 0.08255208333333333 0.07083333333333333
0 0.07682291666666667 0.24212962962962964 0.04140625 0.08194444444444444
0 0.022395833333333334 0.2740740740740741 0.04479166666666667 0.0699074074074074
2 0.1796875 0.3111111111111111 0.071875 0.07731481481481481
0 0.48098958333333336 0.3333333333333333 0.07265625 0.07824074074074074
0 0.30833333333333335 0.3763888888888889 0.07395833333333333 0.06388888888888888
2 0.12552083333333333 0.4097222222222222 0.07265625 0.06805555555555555
0 0.5307291666666667 0.41388888888888886 0.06276041666666667 0.03981481481481482
0 0.034895833333333334 0.4375 0.06979166666666667 0.04212962962962963
0 0.41953125 0.4412037037037037 0.05546875 0.03425925925925926
0 0.28515625 0.4476851851851852 0.04479166666666667 0.02175925925925926
2 0.062239583333333334 0.05092592592592592 0.07135416666666666 0.07222222222222222
0 0.48072916666666665 0.05555555555555555 0.08333333333333333 0.04722222222222222
2 0.2421875 0.07962962962962963 0.07708333333333334 0.0699074074074074
0 0.5622395833333333 0.08287037037037037 0.013541666666666667 0.03981481481481482
0 0.035312499999999976 0.8145925925925925 0.02081803385416663 0.024085069444444475
0 0.33709375 0.849462962962963 0.02707389322916664 0.05280729166666668
0 0.19740104166666667 0.9505462962962964 0.013603515625000047 0.032416666666666656
0 0.17380208333333336 0.9517222222222224 0.0255130208333334 0.0351412037037038
0 0.013083333333333336 0.9520740740740741 0.02503190104166665 0.060202546296296254
0 0.20622395833333335 0.9700277777777779 0.018800781249999923 0.026805555555555596
2 0.151515625 0.9725925925925927 0.018705078124999965 0.05092129629629641
0 0.12242708333333331 0.9744722222222221 0.02394954427083332 0.02496006944444452
2 0.2359166666666667 0.9768240740740741 0.020819010416666592 0.03322800925925928
0 0.18151041666666667 0.9884259259259259 0.021354166666666667 0.021296296296296296
2 0.15338541666666666 0.9879629629629629 0.0140625 0.022222222222222223