0 0.24309375 0.13432407407407412 0.021346354166666734 0.03523206018518526
0 0.22252083333333333 0.15314814814814812 0.014567057291666666 0.04357291666666659
0 0.4203125 0.3435185185185185 0.0375 0.05
0 0.7045989583333333 0.33926851851851847 0.02448144531250011 0.036138888888888866
0 0.7328125 0.34991666666666665 0.018796875000000077 0.022277777777777938
2 0.1277760416666667 0.6366296296296295 0.01822949218749995 0.02495196759259249
0 0.11020312500000001 0.6392037037037037 0.015053385416666624 0.02685879629629624
0 0.08159895833333332 0.6498611111111111 0.014567708333333347 0.0259988425925925
0 0.09598958333333331 0.6548518518518519 0.01664453124999999 0.027837962962963012
0 0.19228645833333335 0.6562407407407408 0.01773046875000001 0.05368634259259263
0 0.005989583333333334 0.6597222222222222 0.011979166666666667 0.03425925925925926
0 0.11222916666666667 0.6612314814814815 0.010949218750000019 0.0277818287037039
0 0.09795833333333336 0.6827407407407408 0.016684570312499977 0.04347858796296304
0 0.05060416666666665 0.7070092592592593 0.03019498697916667 0.024953703703703745
0 0.7816822916666666 0.7412685185185186 0.025523111979166777 0.028750578703703778
0 0.8098125 0.7523796296296297 0.023441406249999967 0.021390046296296237
0 0.5018697916666667 0.8292222222222222 0.02235937499999998 0.01953587962962973