2 0.28880208333333335 0.011574074074074073 0.0484375 0.023148148148148147
0 0.03123958333333334 0.20087962962962963 0.035466796875000026 0.0611770833333333
0 0.2719947916666667 0.2311203703703704 0.01978255208333337 0.07036400462962959
0 0.12943229166666667 0.3092037037037037 0.03387727864583331 0.040771990740740685
2 0.1318645833333333 0.4505462962962963 0.027095377604166634 0.031472222222222124
0 0.05963541666666667 0.4550185185185186 0.02651497395833336 0.026909722222222224
0 0.10851041666666668 0.4661296296296296 0.014580729166666728 0.03975578703703701
0 0.30489583333333337 0.4710648148148148 0.021880208333333446 0.03335300925925927
2 0.20375000000000001 0.4934444444444444 0.031271484374999936 0.03142361111111111
0 0.39510416666666665 0.5284722222222222 0.034878580729166705 0.025916666666666675
2 0.42357812499999997 0.5290833333333333 0.03332161458333331 0.028646990740740765
0 0.09609895833333333 0.5636388888888889 0.02028938802083336 0.07408159722222228
0 0.5314895833333334 0.5918796296296297 0.039088867187499925 0.03241493055555562
0 0.7415989583333332 0.5221388888888888 0.02343815104166674 0.040796296296296455
0 0.6111927083333334 0.5431203703703704 0.024527994791666667 0.0343530092592592
0 0.6346354166666667 0.5440462962962963 0.016098958333333257 0.04731597222222216
0 0.6316822916666667 0.5827777777777777 0.025523111979166777 0.03428645833333319
0 0.4159375 0.9080833333333334 0.02603906250000006 0.037990740740740714
0 0.48122395833333337 0.9301018518518518 0.03545507812500001 0.023123842592592588
0 0.5015625 0.9879629629629629 0.03854166666666667 0.022222222222222223
0 0.42942708333333335 0.9921296296296296 0.0296875 0.013888888888888888
0 0.7195364583333334 0.7545648148148149 0.02653971354166664 0.02410532407407402
0 0.7176250000000001 0.7786481481481482 0.010940755208333404 0.0462337962962963
0 0.7586875 0.8681388888888888 0.029699218749999902 0.025934606481481513
0 0.72778125 0.9096388888888889 0.012501302083333244 0.03984317129629639
0 0.7296979166666666 0.9467407407407408 0.016677408854166725 0.026836226851851826
0 0.6997552083333333 0.9531111111111112 0.021302734374999945 0.030637731481481592
0 0.6874062500000001 0.9648240740740741 0.013546874999999995 0.04258333333333334
0 0.7278333333333333 0.9694259259259259 0.02083854166666666 0.01677430555555559
0 0.6841145833333333 0.9819444444444444 0.0109375 0.03425925925925926
2 0.71953125 0.9898148148148148 0.0171875 0.018518518518518517