0 0.35634895833333335 0.07957407407407407 0.012511393229166619 0.05188368055555562
0 0.6302083333333334 0.14629629629629629 0.017708333333333333 0.06296296296296296
0 0.05291666666666668 0.22570370370370368 0.02868033854166665 0.027798611111111145
0 0.4241510416666666 0.2270925925925926 0.01770703124999997 0.0620578703703704
0 0.4616614583333334 0.32075 0.017711588541666618 0.062092592592592755
0 0.07679166666666666 0.3313981481481481 0.019325520833333283 0.03709259259259275
0 0.22777083333333337 0.37861111111111106 0.02291406250000006 0.05743460648148134
2 0.7673125 0.14653703703703702 0.17134309895833333 0.20647974537037045
0 0.33958333333333335 0.6782407407407407 0.28932291666666665 0.21064814814814814
0 0.9042604166666666 0.7545462962962962 0.016654296874999967 0.02589756944444435
0 0.8889739583333333 0.7715185185185185 0.02031445312500004 0.02499131944444436
0 0.8617135416666667 0.7749074074074074 0.028670247395833334 0.022249421296296153