0 0.33880208333333334 0.00808720112517581 0.034895833333333334 0.01617440225035162
0 0.12916666666666668 0.01090014064697609 0.017708333333333333 0.02180028129395218
0 0.18245312499999997 0.08550632911392403 0.024992187500000065 0.018270921237693343
2 0.3412395833333333 0.10800984528832629 0.02710742187500005 0.023895921237693324
0 0.26901041666666664 0.1114064697609002 0.02651497395833336 0.02043776371308017
0 0.3178854166666667 0.11984528832630095 0.014580729166666728 0.030194268635724313
0 0.5142708333333333 0.12359353023909986 0.021880208333333446 0.0253313994374121
2 0.413125 0.14059071729957803 0.031271484374999874 0.02386603375527426
0 0.11811458333333331 0.15417721518987343 0.023448567708333336 0.037284634317862136
0 0.30547395833333335 0.1939029535864979 0.02028938802083336 0.05626450421940933
0 0.9559895833333333 0.04149085794655415 0.08697916666666666 0.0829817158931083
0 0.6427291666666667 0.13906469760900142 0.1291236979166666 0.2546009142053446
0 0.7874947916666667 0.2788255977496484 0.1958619791666667 0.14704729254571022
3 0.984375 0.23171589310829818 0.030208333333333334 0.29465541490857944
0 0.248109375 0.4951476793248945 0.028125651041666682 0.10195763009845288