0 0.11875520833333333 0.17803703703703702 0.01462955729166661 0.060211805555555505
0 0.5013645833333332 0.2775648148148148 0.03387011718749993 0.05369155092592598
0 0.14393229166666668 0.32030555555555557 0.01875097656250008 0.04817824074074066
0 0.5322916666666667 0.3263888888888889 0.013541666666666667 0.06574074074074074
0 0.7931406249999999 0.18650925925925926 0.026567057291666765 0.04913541666666664
0 0.9467239583333333 0.22462037037037036 0.023427734374999905 0.05739872685185187
0 0.78203125 0.2323425925925926 0.011955078125000067 0.057376736111111076
0 0.9156458333333333 0.30933333333333335 0.02602050781249995 0.03893692129629619
0 0.9449010416666667 0.3113425925925926 0.02081380208333338 0.0416863425925926
0 0.6465052083333334 0.31520370370370365 0.01666178385416671 0.037933449074074164
0 0.7260572916666667 0.7300740740740741 0.04476367187499998 0.16015625