0 0.16015625 0.3644386574074074 0.011067708333333334 0.01880787037037037
2 0.2836371527777778 0.0078125 0.021484375 0.015480324074074073
0 0.16796875 0.08521412037037036 0.015842013888888888 0.023871527777777776
0 0.2762586805555556 0.09693287037037036 0.008897569444444444 0.027488425925925927
0 0.053385416666666664 0.11689814814814815 0.005425347222222222 0.015190972222222222
0 0.21202256944444445 0.12731481481481483 0.015190972222222222 0.015914351851851853
0 0.11783854166666667 0.12919560185185186 0.0078125 0.01808449074074074
0 0.020833333333333332 0.15596064814814814 0.005208333333333333 0.012586805555555556
0 0.14171006944444445 0.17086226851851852 0.011284722222222222 0.009403935185185185
2 0.2131076388888889 0.1824363425925926 0.012152777777777778 0.012297453703703705
0 0.18077256944444445 0.1841724537037037 0.011935763888888888 0.010416666666666666
0 0.052083333333333336 0.18547453703703703 0.006510416666666667 0.010850694444444444
0 0.2026909722222222 0.18851273148148148 0.006510416666666667 0.015480324074074073
0 0.291015625 0.19039351851851852 0.009765625 0.013020833333333334
0 0.010416666666666666 0.1947337962962963 0.012803819444444444 0.02025462962962963
2 0.24544270833333334 0.19921875 0.014105902777777778 0.012297453703703705
0 0.11284722222222222 0.20616319444444445 0.010633680555555556 0.019097222222222224
0 0.3315972222222222 0.21281828703703703 0.015625 0.010127314814814815
2 0.3444010416666667 0.2131076388888889 0.014973958333333334 0.011140046296296295
0 0.1970486111111111 0.2265625 0.009114583333333334 0.028935185185185185
0 0.3927951388888889 0.23755787037037038 0.017578125 0.012586805555555556
2 0.17708333333333334 0.33492476851851855 0.011284722222222222 0.02271412037037037
0 0.8491753472222222 0.3663194444444444 0.015842013888888888 0.01765046296296296
0 0.5553385416666666 0.04152199074074074 0.0078125 0.01837384259259259
0 0.5577256944444444 0.1300636574074074 0.012369791666666666 0.019097222222222224
0 0.697265625 0.13932291666666666 0.014539930555555556 0.009403935185185185
0 0.6961805555555556 0.14872685185185186 0.006076388888888889 0.01808449074074074
0 0.71875 0.18359375 0.016276041666666668 0.010127314814814815
0 0.7016059027777778 0.1996527777777778 0.006944444444444444 0.015480324074074073
0 0.7026909722222222 0.21412037037037038 0.009114583333333334 0.010416666666666666
0 0.6861979166666666 0.21672453703703703 0.01171875 0.012008101851851851
0 0.6794704861111112 0.22120949074074073 0.007378472222222222 0.016637731481481483
0 0.7018229166666666 0.2230902777777778 0.011501736111111112 0.006510416666666667
0 0.677734375 0.23046875 0.005642361111111111 0.01837384259259259
2 0.697265625 0.2365451388888889 0.009114583333333334 0.01808449074074074
2 0.6853298611111112 0.2443576388888889 0.009765625 0.0234375
0 0.6532118055555556 0.2611400462962963 0.014105902777777778 0.014756944444444444
2 0.5247395833333334 0.2677951388888889 0.014105902777777778 0.02097800925925926
0 0.4789496527777778 0.2769097222222222 0.012586805555555556 0.02271412037037037
2 0.7855902777777778 0.2785011574074074 0.009765625 0.0234375
0 0.6365017361111112 0.27980324074074076 0.009548611111111112 0.021267361111111112
0 0.4533420138888889 0.32233796296296297 0.007378472222222222 0.013310185185185185
0 0.6616753472222222 0.70703125 0.016059027777777776 0.018663194444444444