0 0.18054166666666666 0.3926111111111111 0.024507812500000035 0.04822916666666675
0 0.07552083333333333 0.005555555555555556 0.023958333333333335 0.011111111111111112
0 0.56171875 0.008333333333333333 0.034895833333333334 0.016666666666666666
0 0.262765625 0.0386388888888889 0.02028938802083336 0.07408159722222228
2 0.2183125 0.3168518518518519 0.025027343750000004 0.05834027777777772
0 0.7903645833333334 0.10231481481481482 0.030729166666666665 0.058333333333333334
0 0.8153645833333333 0.12962962962962962 0.0578125 0.026851851851851852
0 0.81953125 0.16203703703703703 0.05390625 0.03425925925925926
0 0.8338541666666667 0.18425925925925926 0.054427083333333334 0.02824074074074074
0 0.6919270833333333 0.31203703703703706 0.06041666666666667 0.03611111111111111
0 0.9794270833333333 0.31712962962962965 0.03984375 0.05416666666666667
0 0.9544270833333334 0.3578703703703704 0.022916666666666665 0.08333333333333333
0 0.98203125 0.39861111111111114 0.034895833333333334 0.03611111111111111
0 0.9783854166666667 0.4212962962962963 0.04192708333333333 0.014814814814814815
0 0.02994270833333334 0.5852592592592593 0.028597656250000013 0.02787268518518536
0 0.7156927083333334 0.5018240740740741 0.03227734375000004 0.030560185185185235
0 0.6931770833333334 0.5104629629629629 0.025021158854166597 0.020392361111111118
0 0.74584375 0.514888888888889 0.034389648437500024 0.02781249999999997
0 0.7970677083333333 0.5169444444444444 0.027584960937499996 0.05187326388888888
0 0.7099010416666667 0.531962962962963 0.020863281249999942 0.03601157407407406
0 0.6827604166666668 0.5469814814814815 0.014560872395833376 0.045384837962962964
0 0.775015625 0.5903888888888889 0.017722005208333277 0.04351967592592595
0 0.7931927083333332 0.6227870370370371 0.018729817708333367 0.04537094907407409
0 0.8171510416666666 0.6268055555555556 0.027060221354166577 0.03240798611111113
0 0.78428125 0.634 0.021359049479166597 0.04719675925925923
0 0.8245625 0.6573518518518519 0.01767643229166668 0.042630787037037134
0 0.8041302083333333 0.663425925925926 0.011504557291666728 0.04711921296296303
0 0.8014687500000001 0.6757685185185185 0.02294856770833332 0.022285879629629652
0 0.8109635416666666 0.7117685185185185 0.017183593750000035 0.0490972222222222
0 0.684953125 0.7214444444444446 0.024473958333333337 0.05371412037037028
0 0.7608385416666666 0.8658703703703704 0.012485026041666696 0.04078240740740727