0 0.37740624999999994 0.08219444444444443 0.03387011718749993 0.05369155092592598
0 0.019973958333333344 0.12493518518518519 0.018751953125000043 0.04820833333333328
0 0.411875 0.13110185185185183 0.020321614583333533 0.06479745370370364
0 0.21288541666666666 0.2843240740740741 0.021346354166666734 0.03523206018518526
0 0.1923125 0.3031481481481481 0.014567057291666666 0.04357291666666659
0 0.39703125 0.5106851851851851 0.051037760416666585 0.08245023148148137
2 0.43385416666666665 0.537962962962963 0.008333333333333333 0.046296296296296294
0 0.017760416666666678 0.7226944444444444 0.016659505208333415 0.04177430555555559
0 0.004427083333333333 0.7759259259259259 0.008854166666666666 0.04814814814814815
0 0.2101041666666667 0.8823055555555556 0.01354427083333339 0.05187731481481474
3 0.8026041666666667 0.7087962962962963 0.19166666666666668 0.0787037037037037
0 0.877703125 0.8511018518518519 0.11718164062499999 0.14538425925925913