0 0.04790625000000001 0.10550925925925925 0.035441731770833346 0.06114409722222221
0 0.28866145833333334 0.13575 0.019773437500000077 0.07035763888888884
0 0.14609895833333333 0.21383333333333332 0.03387727864583331 0.040771990740740685
2 0.14853124999999998 0.3551759259259259 0.02710742187500005 0.03146296296296287
0 0.07630208333333334 0.3596481481481482 0.026538736979166682 0.026880787037037036
0 0.12517708333333336 0.37075925925925923 0.01458203125000009 0.03978530092592602
0 0.32156250000000003 0.37569444444444444 0.021880208333333446 0.03335300925925927
2 0.22041666666666668 0.398074074074074 0.031271484374999936 0.03142361111111111
0 0.4117708333333333 0.43310185185185185 0.034878580729166705 0.025916666666666675
2 0.44024479166666663 0.4337129629629629 0.033327473958333326 0.02867534722222213
0 0.11276041666666667 0.4546296296296296 0.0203125 0.04814814814814815
0 0.20675520833333336 0.7085648148148148 0.03859244791666659 0.1250185185185185
0 0.5807291666666666 0.6324074074074074 0.08229166666666667 0.24074074074074073
0 0.7155781250000001 0.6350555555555556 0.19166666666666668 0.15002893518518517
1 0.8231197916666666 0.7262962962962963 0.22033300781250004 0.16942997685185185
0 0.5932291666666667 0.9421296296296297 0.10729166666666666 0.10462962962962963
0 0.7354166666666667 0.950925925925926 0.159375 0.0962962962962963
0 0.9239583333333333 0.9444444444444444 0.15104166666666666 0.10925925925925926
1 0.7375 0.5282407407407408 0.06979166666666667 0.09722222222222222
0 0.6411458333333333 0.5402777777777777 0.06458333333333334 0.12129629629629629