0 0.012261284722222222 0.055121527777777776 0.006727430555555556 0.020543981481481483
0 0.0029296875 0.09360532407407407 0.005750868055555556 0.02850115740740741
2 0.07660590277777778 0.0954861111111111 0.014105902777777778 0.0234375
0 0.013346354166666666 0.13035300925925927 0.009874131944444444 0.013020833333333334
0 0.3892144097222222 0.1775173611111111 0.015407986111111112 0.02199074074074074
0 0.3708767361111111 0.18851273148148148 0.015625 0.015480324074074073
0 0.2064887152777778 0.1941550925925926 0.013237847222222222 0.026475694444444444
0 0.2833116319444444 0.21469907407407407 0.01171875 0.030960648148148147
0 0.2009548611111111 0.21889467592592593 0.005967881944444444 0.030960648148148147
0 0.3803168402777778 0.22641782407407407 0.017686631944444444 0.027054398148148147
0 0.2676866319444444 0.2605613425925926 0.013020833333333334 0.02097800925925926
0 0.2823350694444444 0.26157407407407407 0.010416666666666666 0.022569444444444444
0 0.13313802083333334 0.26374421296296297 0.008355034722222222 0.020543981481481483
0 0.3706597222222222 0.28515625 0.018988715277777776 0.04456018518518518
0 0.3319227430555556 0.29398148148148145 0.017903645833333332 0.016059027777777776
0 0.3499348958333333 0.29701967592592593 0.014322916666666666 0.024450231481481483
0 0.4453125 0.30859375 0.029188368055555556 0.03443287037037037
2 0.23914930555555555 0.37962962962962965 0.0146484375 0.020543981481481483
2 0.2156032986111111 0.7938368055555556 0.009114583333333334 0.01953125