0 0.4407239583333334 0.1892231638418079 0.012511393229166619 0.039572298728813605
0 0.13729166666666667 0.3006779661016949 0.02868033854166665 0.0212023305084746
0 0.5085260416666666 0.3017372881355932 0.01770703124999997 0.04733227401129946
0 0.023130208333333332 0.3140960451977401 0.014589192708333313 0.019789901129943527
0 0.06619270833333334 0.3163276836158192 0.011440104166666654 0.033920815677966114
0 0.5460364583333334 0.37317090395480224 0.017711588541666618 0.04735875706214702
0 0.16116666666666665 0.3812923728813559 0.019325520833333283 0.028290960451977522
0 0.03893229166666667 0.4100070621468927 0.02343001302083335 0.017691119350282544
0 0.31214583333333334 0.41730225988700564 0.02291145833333334 0.04382680084745757
0 0.08503124999999999 0.47274011299435026 0.011472981770833357 0.027522069209039424
0 0.20840104166666668 0.48074152542372883 0.03121940104166671 0.019763418079096134
2 0.27924479166666666 0.5076906779661017 0.012485677083333376 0.032466013418079066
0 0.201453125 0.5131002824858757 0.01926171874999998 0.017723340395480264
0 0.13633854166666665 0.5239265536723163 0.025527018229166684 0.028267567090395334
0 0.21221875 0.5501765536723163 0.026536458333333356 0.014090748587570532
0 0.971875 0.327683615819209 0.05520833333333333 0.3206214689265537
0 0.7190729166666666 0.372909604519774 0.1786513671875 0.3629908192090395
0 0.9080729166666667 0.4502118644067797 0.0953125 0.21680790960451976
0 0.449171875 0.6790748587570621 0.01616406250000004 0.03884842867231637
0 0.48289062499999996 0.6932132768361582 0.02498177083333329 0.018364671610169518
0 0.3906927083333333 0.695204802259887 0.028136393229166737 0.01202551200564971
0 0.47860416666666666 0.7175353107344633 0.029218098958333272 0.026819385593220293
0 0.44944791666666667 0.7291666666666666 0.012450520833333319 0.041743467514124284
0 0.4039270833333333 0.7343644067796611 0.009879231770833267 0.036704184322033886
0 0.42016145833333335 0.7478531073446328 0.02082356770833336 0.016942090395480152
0 0.44040625 0.756779661016949 0.014051432291666662 0.04027277542372882
0 0.17734375 0.5628531073446328 0.0296875 0.007062146892655367
0 0.42351041666666667 0.7689265536723163 0.02135546874999991 0.014833598163841876
0 0.40509375 0.7698234463276836 0.010930989583333309 0.015582627118644027
0 0.34829166666666667 0.776391242937853 0.019282552083333352 0.019055437853107395
0 0.474734375 0.7799858757062147 0.013014322916666644 0.038804731638418154
0 0.3876666666666667 0.7908121468926553 0.01823242187500007 0.025413135593220348
0 0.5305260416666666 0.7933474576271187 0.0161376953125 0.0346327683615819
0 0.4041354166666667 0.7937005649717515 0.012479166666666685 0.02821945621468927
0 0.42061458333333335 0.796433615819209 0.017162760416666718 0.032472634180790994
0 0.3475520833333333 0.8047033898305085 0.0109495442708333 0.03038532838983058
0 0.484265625 0.8567514124293786 0.0218509114583334 0.021242055084745772
0 0.496796875 0.8970409604519775 0.011977864583333423 0.0416732874293786