0 0.14332812500000003 0.1693888888888889 0.012522786458333357 0.05191550925925928
0 0.477578125 0.17864814814814814 0.03755468750000001 0.03339699074074076
0 0.4227083333333333 0.23650925925925925 0.02866308593749996 0.062067708333333374
0 0.49017187500000003 0.2582685185185185 0.019760416666666693 0.06672800925925923
0 0.21113020833333326 0.3169074074074074 0.017707682291666534 0.06204745370370372
0 0.24864062500000006 0.41056481481481477 0.017711588541666618 0.062092592592592755
0 0.014750000000000025 0.4684259259259259 0.02291406250000006 0.05743460648148134
0 0.019265625000000005 0.7051296296296296 0.023934244791666733 0.026894675925925808
0 0.8057239583333333 0.4267685185185185 0.024951822916666682 0.031424768518518546
0 0.60703125 0.9046296296296297 0.0140625 0.040740740740740744
0 0.6856875 0.9068333333333334 0.02341894531250001 0.03983449074074075
0 0.65465625 0.9274814814814815 0.01870052083333332 0.03802430555555563
0 0.67471875 0.9345648148148149 0.014582031249999971 0.024087384259259235
0 0.7162864583333334 0.9456851851851852 0.025545572916666735 0.02309953703703703
0 0.6489583333333333 0.9511666666666666 0.015673828125 0.0268206018518518
0 0.6870156250000001 0.9539907407407406 0.026058593750000015 0.022200810185185244
0 0.61328125 0.9606481481481481 0.0265625 0.023148148148148147
0 0.6237604166666666 0.9619814814814815 0.023392578124999966 0.049983796296296366
2 0.6891614583333333 0.9709722222222223 0.01719205729166665 0.04353703703703723
0 0.71953125 0.9837962962962963 0.022395833333333334 0.030555555555555555