0 0.25769791666666664 0.14901851851851852 0.030723307291666658 0.040771990740740685
0 0.22097395833333333 0.16953703703703707 0.03124348958333343 0.028696180555555496
0 0.04568229166666669 0.21813888888888885 0.02341796875000005 0.05739004629629623
0 0.23972395833333332 0.23959259259259258 0.035404296874999845 0.05002083333333337
0 0.014604166666666647 0.30285185185185187 0.025999348958333297 0.038984953703703695
0 0.04385937500000002 0.30486111111111114 0.02081380208333338 0.0416863425925926
0 0.22053645833333338 0.34852777777777777 0.0379648437500002 0.08246296296296313
0 0.14301041666666664 0.36487962962962966 0.03591861979166661 0.029677083333333527
0 0.17895312499999996 0.37060185185185185 0.028627604166666504 0.04536111111111112
0 0.3697708333333333 0.3918888888888889 0.05838541666666662 0.06390509259259253
2 0.4599010416666667 0.46719444444444447 0.01976822916666663 0.0472690972222223
2 0.5891562499999999 0.840962962962963 0.020821289062500033 0.05278645833333342
2 0.6463697916666666 0.8844814814814815 0.01351985677083339 0.026843171296296212
2 0.5668437500000001 0.8996018518518519 0.018751953125000043 0.04356481481481477
0 0.7060156249999999 0.917962962962963 0.029646484374999935 0.034313657407407334
2 0.6850052083333333 0.9674907407407406 0.03123990885416674 0.03150752314814819
0 0.7888020833333333 0.9902777777777778 0.025520833333333333 0.017592592592592594