0 0.1636284722222222 0.39265046296296297 0.011284722222222222 0.02025462962962963
2 0.2899305555555556 0.008391203703703705 0.021918402777777776 0.01678240740740741
0 0.1716579861111111 0.09172453703703703 0.016276041666666668 0.025752314814814815
0 0.2823350694444444 0.10445601851851852 0.009114583333333334 0.029513888888888888
0 0.05447048611111111 0.12586805555555555 0.005425347222222222 0.01634837962962963
0 0.216796875 0.1371527777777778 0.015625 0.01707175925925926
0 0.12044270833333333 0.13917824074074073 0.0078125 0.019386574074074073
0 0.021484375 0.16796875 0.005208333333333333 0.013599537037037037
0 0.1449652777777778 0.1841724537037037 0.011501736111111112 0.010127314814814815
2 0.21788194444444445 0.19661458333333334 0.012369791666666666 0.013165509259259259
0 0.18467881944444445 0.19849537037037038 0.012152777777777778 0.011284722222222222
0 0.053168402777777776 0.1997974537037037 0.006727430555555556 0.01171875
0 0.2072482638888889 0.203125 0.006727430555555556 0.016637731481481483
0 0.2975260416666667 0.20515046296296297 0.009982638888888888 0.014033564814814815
0 0.010633680555555556 0.2097800925925926 0.013237847222222222 0.021846064814814815
2 0.2508680555555556 0.21455439814814814 0.014322916666666666 0.013165509259259259
0 0.115234375 0.2220775462962963 0.010850694444444444 0.020543981481481483
0 0.3389756944444444 0.2293113425925926 0.016059027777777776 0.010850694444444444
2 0.3519965277777778 0.22945601851851852 0.015407986111111112 0.012008101851851851
0 0.2013888888888889 0.24406828703703703 0.009331597222222222 0.031105324074074073
0 0.4014756944444444 0.25593171296296297 0.018012152777777776 0.013599537037037037
2 0.18098958333333334 0.36082175925925924 0.011501736111111112 0.024450231481481483