0 0.61376953125 0.047526041666666664 0.099609375 0.09505208333333333
0 0.8603515625 0.07161458333333333 0.099609375 0.14322916666666666
0 0.46240234375 0.07942708333333333 0.0849609375 0.140625
0 0.73583984375 0.16341145833333334 0.2109375 0.11002604166666667
0 0.90966796875 0.2682291666666667 0.08154296875 0.22005208333333334
3 0.49560546875 0.291015625 0.15087890625 0.3658854166666667
0 0.7958984375 0.302734375 0.1298828125 0.18294270833333334
0 0.978271484375 0.3330078125 0.04248046875 0.2623697916666667
0 0.705078125 0.3326822916666667 0.1953125 0.146484375
0 0.83837890625 0.4791666666666667 0.078125 0.189453125
0 0.9140625 0.5071614583333334 0.07080078125 0.22981770833333334
0 0.693359375 0.5091145833333334 0.115234375 0.203125
0 0.5703125 0.529296875 0.10791015625 0.2688802083333333
0 0.75390625 0.5774739583333334 0.103515625 0.22005208333333334
0 0.46728515625 0.5836588541666666 0.0791015625 0.2506510416666667
0 0.984130859375 0.6416015625 0.03076171875 0.134765625
0 0.842529296875 0.6614583333333334 0.21142578125 0.09505208333333333
0 0.5849609375 0.6780598958333334 0.1484375 0.061848958333333336
2 0.40087890625 0.9498697916666666 0.017578125 0.033203125