0 0.29833984375 0.8316295850871919 0.03759765625 0.09019843656043296
0 0.05712890625 0.8442573662056524 0.0673828125 0.052916416115454
0 0.3798828125 0.8580877931449188 0.06689453125 0.0661455201443175
0 0.463623046875 0.8665063138905592 0.03173828125 0.03126879134095009
0 0.09716796875 0.8665063138905592 0.0498046875 0.05953096812988575
0 0.19580078125 0.8851473241130488 0.0498046875 0.08478653036680697
0 0.15380859375 0.8863499699338545 0.03173828125 0.0835838845460012
0 0.34619140625 0.899579073962718 0.06396484375 0.06494287432351173
0 0.06884765625 0.49128081779915816 0.033203125 0.022850270595309682
0 0.11962890625 0.9134095009019844 0.03515625 0.10102224894768491
0 0.44921875 0.9224293445580276 0.0595703125 0.06494287432351173
3 0.04931640625 0.9290438965724594 0.0771484375 0.06133493686109441
0 0.04931640625 0.9398677089597114 0.04248046875 0.08478653036680697
0 0.29345703125 0.9536981358989778 0.07666015625 0.034275405892964524
0 0.20556640625 0.9756464221286831 0.0654296875 0.047504509921828024
0 0.450927734375 0.9810583283223091 0.03759765625 0.03668069753457607
0 0.456298828125 0.4924834636199639 0.04443359375 0.025255562236921228
0 0.469970703125 0.5144317498496692 0.01904296875 0.06915213469633193
0 0.2041015625 0.5153337342152736 0.03515625 0.07095610342754059
0 0.275634765625 0.5180396873120866 0.04248046875 0.07636800962116656
0 0.02587890625 0.5261575466025256 0.0380859375 0.0926037282020445
0 0.3798828125 0.5327720986169573 0.08056640625 0.05171377029464823
0 0.3154296875 0.5604329524954901 0.03857421875 0.07155742633794347
0 0.111328125 0.5706554419723392 0.0625 0.06133493686109441
0 0.39892578125 0.5814792543595911 0.046875 0.07095610342754059
0 0.18603515625 0.5844858689116055 0.033203125 0.06253758268190018
0 0.0390625 0.5965123271196633 0.05029296875 0.047504509921828024
0 0.251953125 0.6157546602525557 0.07275390625 0.032471437161755864
0 0.34619140625 0.6163559831629585 0.0380859375 0.0926037282020445
0 0.44775390625 0.6392062537582682 0.02392578125 0.08719182200841852
0 0.3935546875 0.6488274203247144 0.068359375 0.04149128081779916
0 0.468505859375 0.6719783523752255 0.02197265625 0.06554419723391461
0 0.30615234375 0.6758869512928443 0.02587890625 0.0703547805171377
0 0.017822265625 0.6963319302465424 0.03564453125 0.07095610342754059
0 0.025390625 0.7101623571858088 0.05078125 0.06133493686109441
0 0.2744140625 0.7209861695730607 0.04150390625 0.07396271797955502
0 0.34765625 0.7227901383042694 0.08203125 0.04690318701142514
0 0.044921875 0.7390258568851473 0.0625 0.05472038484666266
0 0.208984375 0.7432351172579675 0.02685546875 0.09380637402285028
0 0.40380859375 0.7714972940469031 0.0537109375 0.07155742633794347
0 0.43603515625 0.782922429344558 0.04052734375 0.10162357185808779
0 0.03759765625 0.7955502104630187 0.068359375 0.03487672880336741
0 0.76953125 0.6740829825616356 0.02294921875 0.017438364401683705
0 0.67333984375 0.7071557426337943 0.02490234375 0.02826217678893566
0 0.7099609375 0.714371617558629 0.02978515625 0.013830426939266387
0 0.70068359375 0.7269993986770896 0.0283203125 0.02164762477450391
0 0.80810546875 0.7612748045700541 0.01708984375 0.035478051713770296
0 0.7509765625 0.7654840649428744 0.01220703125 0.02164762477450391
0 0.7841796875 0.7757065544197234 0.0234375 0.015634395670475046
0 0.72412109375 0.7871316897173782 0.025390625 0.027660853878532773
0 0.837890625 0.8015634395670475 0.0234375 0.013830426939266387
0 0.84228515625 0.8177991581479255 0.02490234375 0.014431749849669273