0 0.19189453125 0.53515625 0.0341796875 0.030381944444444444
0 0.1513671875 0.5321180555555556 0.0166015625 0.024305555555555556
0 0.251953125 0.5421006944444444 0.0556640625 0.044270833333333336
0 0.2880859375 0.6258680555555556 0.025390625 0.09288194444444445
0 0.08203125 0.6666666666666666 0.029296875 0.026909722222222224
0 0.109375 0.6901041666666666 0.021484375 0.06076388888888889
0 0.33056640625 0.7126736111111112 0.048828125 0.041666666666666664
0 0.0771484375 0.7673611111111112 0.01708984375 0.057291666666666664
0 0.06787109375 0.8376736111111112 0.01904296875 0.06076388888888889
0 0.091796875 0.9539930555555556 0.03564453125 0.033854166666666664
0 0.263671875 0.9852430555555556 0.048828125 0.027777777777777776
0 0.69873046875 0.8680555555555556 0.0234375 0.059895833333333336
2 0.845703125 0.9071180555555556 0.0244140625 0.04079861111111111
0 0.81591796875 0.9340277777777778 0.02685546875 0.030381944444444444