0 0.20572916666666666 0.16111111111111112 0.06979166666666667 0.09398148148148149
0 0.25234375 0.2638888888888889 0.08046875 0.08009259259259259
0 0.08333333333333333 0.31157407407407406 0.06328125 0.09861111111111111
0 0.2546875 0.3597222222222222 0.10546875 0.08611111111111111
2 0.07161458333333333 0.3861111111111111 0.08802083333333334 0.05787037037037037
0 0.3151041666666667 0.39675925925925926 0.061197916666666664 0.06435185185185185
2 0.22916666666666666 0.08981481481481482 0.08489583333333334 0.07685185185185185
0 0.02734375 0.12037037037037036 0.0546875 0.11898148148148148
2 0.3528645833333333 0.13842592592592592 0.08489583333333334 0.06388888888888888
2 0.7175416666666666 0.08896296296296301 0.028634114583333432 0.018565972222222418
2 0.6919270833333333 0.11457407407407408 0.013067708333333409 0.05186805555555549
2 0.5666510416666667 0.17181481481481475 0.018698567708333277 0.04723726851851864
0 0.908890625 0.23430555555555552 0.02608072916666681 0.05009027777777764
0 0.28312499999999996 0.8577685185185185 0.025486328125000075 0.03616319444444432